<shapes type=list>
	<ruler.interval type=vector names=FALSE length=1 as.numeric=TRUE >25.4</ruler.interval>
	<scaling.units type=vector names=FALSE length=1 as.numeric=FALSE >mm</scaling.units>
	<scaling type=vector names=FALSE length=1 as.numeric=TRUE >0.0407671045101735</scaling>
	<landmarks.pixel type=matrix rownames=TRUE colnames=FALSE nrow=12 ncol=2 as.numeric=TRUE >
		LM1	1559	943
		LM2	1852	815
		LM3	2127	861
		LM4	2133	978
		LM5	2040	998
		LM6	1972	1041
		LM7	1756	997
		LM8	1762	1048
		LM9	1725	967
		LM10	1639	1032
		LM11	1665	943
		LM12	1630	900
	</landmarks.pixel>
	<landmarks.scaled type=matrix rownames=TRUE colnames=FALSE nrow=12 ncol=2 as.numeric=TRUE >
		LM1	63.5559159313605	-38.4433795530936
		LM2	75.5006775528413	-33.2251901757914
		LM3	86.711631293139	-35.1004769832594
		LM4	86.9562339202001	-39.8702282109497
		LM5	83.1648932007539	-40.6855703011531
		LM6	80.3927300940621	-42.4385557950906
		LM7	71.5870355198647	-40.644803196643
		LM8	71.8316381469257	-42.7239255266618
		LM9	70.3232552800493	-39.4217900613378
		LM10	66.8172842921743	-42.071651854499
		LM11	67.8772290094389	-38.4433795530936
		LM12	66.4503803515828	-36.6903940591561
	</landmarks.scaled>
	<curves.control type=list>
		<Eye type=matrix rownames=FALSE colnames=FALSE nrow=9 ncol=2 as.numeric=TRUE >
			1630	900
			1667	919
			1648	945
			1621	974
			1591	955
			1579	940
			1590	919
			1607	901
			1630	900
		</Eye>
		<Head type=matrix rownames=FALSE colnames=FALSE nrow=9 ncol=2 as.numeric=TRUE >
			1559	943
			1586	913
			1627	895
			1658	881
			1693	867
			1732	852
			1781	835
			1820	828
			1852	815
		</Head>
		<Tail1 type=matrix rownames=FALSE colnames=FALSE nrow=9 ncol=2 as.numeric=TRUE >
			1852	815
			1882	825
			1916	832
			1952	844
			2003	852
			2045	859
			2080	863
			2107	865
			2127	861
		</Tail1>
		<End type=matrix rownames=FALSE colnames=FALSE nrow=7 ncol=2 as.numeric=TRUE >
			2127	861
			2162	861
			2178	872
			2171	917
			2181	973
			2169	983
			2133	978
		</End>
		<Tail2 type=matrix rownames=FALSE colnames=FALSE nrow=5 ncol=2 as.numeric=TRUE >
			2133	978
			2109	981
			2085	985
			2064	989
			2040	998
		</Tail2>
		<AnalFin type=matrix rownames=FALSE colnames=FALSE nrow=5 ncol=2 as.numeric=TRUE >
			2040	998
			2016	1001
			2004	1012
			1987	1023
			1972	1041
		</AnalFin>
		<Pectfin type=matrix rownames=FALSE colnames=FALSE nrow=3 ncol=2 as.numeric=TRUE >
			1756	997
			1771	1019
			1762	1048
		</Pectfin>
		<Opercle type=matrix rownames=FALSE colnames=FALSE nrow=9 ncol=2 as.numeric=TRUE >
			1725	967
			1745	974
			1736	996
			1726	1015
			1706	1035
			1688	1043
			1666	1043
			1650	1038
			1639	1032
		</Opercle>
		<Preopercle type=matrix rownames=FALSE colnames=FALSE nrow=5 ncol=2 as.numeric=TRUE >
			1665	943
			1662	973
			1657	986
			1652	1028
			1639	1032
		</Preopercle>
	</curves.control>
	<curves.pixel type=list>
		<Eye type=matrix rownames=FALSE colnames=FALSE nrow=192 ncol=2 as.numeric=TRUE >
			1630	900
			1631	901
			1632	901
			1633	902
			1634	902
			1635	903
			1636	903
			1637	904
			1638	905
			1639	905
			1640	906
			1641	907
			1642	908
			1643	908
			1644	909
			1645	910
			1646	911
			1647	912
			1648	913
			1649	914
			1650	915
			1651	916
			1651	917
			1652	918
			1652	919
			1653	920
			1653	921
			1654	922
			1654	923
			1654	924
			1654	925
			1654	926
			1654	927
			1654	928
			1654	929
			1654	930
			1654	931
			1654	932
			1654	933
			1654	934
			1653	935
			1653	936
			1652	937
			1652	938
			1651	939
			1651	940
			1651	941
			1650	941
			1650	942
			1650	943
			1649	943
			1649	944
			1648	945
			1647	946
			1646	947
			1645	948
			1644	949
			1643	950
			1642	950
			1642	951
			1641	952
			1640	953
			1639	953
			1638	954
			1637	954
			1637	955
			1636	956
			1635	956
			1634	957
			1633	957
			1632	958
			1631	958
			1630	959
			1629	959
			1628	960
			1627	960
			1626	961
			1625	961
			1624	961
			1623	962
			1622	962
			1621	962
			1620	962
			1619	962
			1618	962
			1617	962
			1616	962
			1615	963
			1614	963
			1613	963
			1613	962
			1612	962
			1611	962
			1610	962
			1609	962
			1608	962
			1607	962
			1606	962
			1605	961
			1604	961
			1603	961
			1602	961
			1601	960
			1600	960
			1600	959
			1599	959
			1598	959
			1597	958
			1596	958
			1595	957
			1594	957
			1593	956
			1592	956
			1591	955
			1590	954
			1590	953
			1589	952
			1588	951
			1588	950
			1587	949
			1587	948
			1586	947
			1586	946
			1586	945
			1585	944
			1585	943
			1585	942
			1585	941
			1585	940
			1585	939
			1585	938
			1585	937
			1585	936
			1585	935
			1585	934
			1585	933
			1585	932
			1586	931
			1586	930
			1586	929
			1586	928
			1587	927
			1587	926
			1587	925
			1588	924
			1588	923
			1589	922
			1589	921
			1589	920
			1590	919
			1591	918
			1592	917
			1593	916
			1594	915
			1595	914
			1596	914
			1597	913
			1597	912
			1598	912
			1599	911
			1600	910
			1601	910
			1602	909
			1603	909
			1603	908
			1604	907
			1605	907
			1606	906
			1607	906
			1608	905
			1609	905
			1610	905
			1611	904
			1612	904
			1613	903
			1614	903
			1615	903
			1616	902
			1617	902
			1618	902
			1619	902
			1620	901
			1621	901
			1622	901
			1623	901
			1624	901
			1625	900
			1626	900
			1627	900
			1628	900
			1629	900
			1630	900
		</Eye>
		<Head type=matrix rownames=FALSE colnames=FALSE nrow=307 ncol=2 as.numeric=TRUE >
			1559	943
			1560	942
			1561	941
			1562	940
			1563	939
			1564	938
			1564	937
			1565	936
			1566	936
			1567	935
			1568	934
			1569	933
			1570	932
			1570	931
			1571	931
			1572	930
			1573	929
			1574	928
			1575	927
			1576	927
			1577	926
			1578	925
			1579	924
			1580	924
			1581	923
			1581	922
			1582	921
			1583	920
			1584	920
			1585	919
			1586	918
			1587	918
			1588	917
			1589	916
			1590	915
			1591	915
			1592	914
			1593	913
			1594	913
			1595	912
			1596	912
			1596	911
			1597	911
			1598	911
			1598	910
			1599	910
			1600	909
			1601	909
			1602	908
			1603	907
			1604	907
			1605	906
			1606	906
			1607	905
			1608	904
			1609	904
			1610	903
			1611	903
			1612	902
			1613	902
			1614	901
			1615	901
			1616	900
			1617	900
			1618	899
			1619	899
			1620	898
			1621	898
			1622	897
			1623	897
			1624	896
			1625	896
			1626	895
			1627	895
			1628	895
			1629	894
			1630	894
			1630	893
			1631	893
			1632	893
			1633	892
			1634	892
			1635	892
			1635	891
			1636	891
			1637	891
			1638	890
			1639	890
			1639	889
			1640	889
			1641	889
			1642	888
			1643	888
			1644	887
			1645	887
			1646	886
			1647	886
			1648	886
			1649	885
			1650	885
			1651	884
			1652	884
			1653	883
			1654	883
			1655	883
			1656	882
			1657	882
			1658	881
			1659	881
			1660	880
			1661	880
			1662	880
			1663	879
			1664	879
			1665	878
			1666	878
			1667	878
			1667	877
			1668	877
			1669	877
			1670	876
			1671	876
			1672	875
			1673	875
			1674	875
			1675	874
			1676	874
			1677	873
			1678	873
			1679	873
			1680	872
			1681	872
			1682	872
			1682	871
			1683	871
			1684	871
			1685	870
			1686	870
			1687	869
			1688	869
			1689	869
			1690	868
			1691	868
			1692	868
			1693	867
			1694	867
			1695	866
			1696	866
			1697	866
			1698	865
			1699	865
			1700	864
			1701	864
			1702	864
			1703	863
			1704	863
			1705	862
			1706	862
			1707	862
			1708	861
			1709	861
			1710	861
			1711	860
			1712	860
			1713	859
			1714	859
			1715	859
			1716	858
			1717	858
			1718	858
			1719	857
			1720	857
			1721	856
			1722	856
			1723	856
			1724	855
			1725	855
			1726	855
			1727	854
			1728	854
			1729	854
			1730	853
			1731	853
			1732	852
			1733	852
			1734	852
			1735	851
			1736	851
			1737	851
			1738	850
			1739	850
			1740	850
			1741	849
			1742	849
			1743	848
			1744	848
			1745	848
			1746	847
			1747	847
			1748	847
			1749	846
			1750	846
			1751	845
			1752	845
			1753	845
			1754	844
			1755	844
			1756	844
			1757	843
			1758	843
			1759	843
			1760	842
			1761	842
			1762	842
			1763	841
			1764	841
			1765	841
			1766	840
			1767	840
			1768	840
			1768	839
			1769	839
			1770	839
			1771	838
			1772	838
			1773	838
			1774	837
			1775	837
			1776	837
			1777	836
			1778	836
			1779	836
			1780	835
			1781	835
			1782	835
			1783	835
			1784	834
			1785	834
			1786	834
			1787	834
			1788	834
			1789	834
			1790	833
			1791	833
			1792	833
			1793	833
			1794	833
			1794	832
			1795	832
			1796	832
			1797	832
			1798	832
			1799	831
			1800	831
			1801	831
			1802	831
			1803	830
			1804	830
			1805	830
			1806	830
			1807	830
			1808	829
			1809	829
			1810	829
			1811	828
			1812	828
			1813	828
			1814	828
			1815	827
			1816	827
			1817	827
			1818	827
			1819	826
			1820	826
			1821	826
			1822	825
			1823	825
			1824	825
			1825	825
			1825	824
			1826	824
			1827	824
			1828	824
			1829	823
			1830	823
			1831	823
			1832	822
			1833	822
			1834	822
			1835	821
			1836	821
			1837	821
			1838	820
			1839	820
			1840	819
			1841	819
			1842	819
			1843	818
			1844	818
			1845	818
			1846	817
			1847	817
			1848	817
			1849	816
			1850	816
			1851	815
			1852	815
		</Head>
		<Tail1 type=matrix rownames=FALSE colnames=FALSE nrow=281 ncol=2 as.numeric=TRUE >
			1852	815
			1853	815
			1854	816
			1855	816
			1856	816
			1857	817
			1858	817
			1859	817
			1860	818
			1861	818
			1862	818
			1863	819
			1864	819
			1865	819
			1866	819
			1867	820
			1868	820
			1869	820
			1870	821
			1871	821
			1872	821
			1873	821
			1874	822
			1875	822
			1876	822
			1877	823
			1878	823
			1879	823
			1880	824
			1881	824
			1882	824
			1883	824
			1884	824
			1885	825
			1886	825
			1887	825
			1888	826
			1889	826
			1890	826
			1891	826
			1892	827
			1893	827
			1894	827
			1895	827
			1896	828
			1897	828
			1898	828
			1899	828
			1900	829
			1901	829
			1902	829
			1903	829
			1904	829
			1905	830
			1906	830
			1907	830
			1908	830
			1909	831
			1910	831
			1911	831
			1912	831
			1913	831
			1914	832
			1915	832
			1916	832
			1917	832
			1918	833
			1919	833
			1920	833
			1921	833
			1921	834
			1922	834
			1923	834
			1924	835
			1925	835
			1926	835
			1927	836
			1928	836
			1929	836
			1930	836
			1931	837
			1932	837
			1933	837
			1934	837
			1934	838
			1935	838
			1936	838
			1937	838
			1938	839
			1939	839
			1940	839
			1941	839
			1942	840
			1943	840
			1944	840
			1945	840
			1946	841
			1947	841
			1948	841
			1949	841
			1950	842
			1951	842
			1952	842
			1953	842
			1954	843
			1955	843
			1956	843
			1957	843
			1958	843
			1959	844
			1960	844
			1961	844
			1962	844
			1963	845
			1964	845
			1965	845
			1966	845
			1967	845
			1968	846
			1969	846
			1970	846
			1971	846
			1972	847
			1973	847
			1974	847
			1975	847
			1976	847
			1977	847
			1977	848
			1978	848
			1979	848
			1980	848
			1981	848
			1982	848
			1983	849
			1984	849
			1985	849
			1986	849
			1987	849
			1988	850
			1989	850
			1990	850
			1991	850
			1992	850
			1993	850
			1994	851
			1995	851
			1996	851
			1997	851
			1998	851
			1999	851
			2000	852
			2001	852
			2002	852
			2003	852
			2004	852
			2005	852
			2006	853
			2007	853
			2008	853
			2009	853
			2010	853
			2011	853
			2012	853
			2013	854
			2014	854
			2015	854
			2016	854
			2017	854
			2018	854
			2019	855
			2020	855
			2021	855
			2022	855
			2023	855
			2024	855
			2025	855
			2026	856
			2027	856
			2028	856
			2029	856
			2030	856
			2031	856
			2031	857
			2032	857
			2033	857
			2034	857
			2035	857
			2036	857
			2037	857
			2038	857
			2039	858
			2040	858
			2041	858
			2042	858
			2043	858
			2044	858
			2045	858
			2046	859
			2047	859
			2048	859
			2049	859
			2050	859
			2051	859
			2052	859
			2052	860
			2053	860
			2054	860
			2055	860
			2056	860
			2057	860
			2058	860
			2059	860
			2060	861
			2061	861
			2062	861
			2063	861
			2064	861
			2065	861
			2066	861
			2067	861
			2068	862
			2069	862
			2070	862
			2071	862
			2072	862
			2073	862
			2074	862
			2075	862
			2076	863
			2077	863
			2078	863
			2079	863
			2080	863
			2081	863
			2082	863
			2083	863
			2084	863
			2085	863
			2086	863
			2087	863
			2088	863
			2089	864
			2090	864
			2091	864
			2092	864
			2093	864
			2094	864
			2095	864
			2096	864
			2097	864
			2098	864
			2099	864
			2100	864
			2101	864
			2102	864
			2103	864
			2104	864
			2105	864
			2106	863
			2107	863
			2108	863
			2109	863
			2110	863
			2111	863
			2112	863
			2113	863
			2114	863
			2115	863
			2116	863
			2117	863
			2118	862
			2119	862
			2120	862
			2121	862
			2122	862
			2123	862
			2124	862
			2125	861
			2126	861
			2127	861
		</Tail1>
		<End type=matrix rownames=FALSE colnames=FALSE nrow=203 ncol=2 as.numeric=TRUE >
			2127	861
			2128	861
			2129	861
			2130	861
			2131	861
			2132	861
			2133	861
			2134	861
			2135	861
			2136	861
			2137	861
			2138	861
			2139	861
			2140	861
			2141	861
			2142	862
			2143	862
			2144	862
			2145	862
			2146	862
			2147	862
			2148	862
			2149	862
			2150	862
			2151	863
			2152	863
			2153	863
			2154	863
			2155	863
			2156	863
			2157	864
			2158	864
			2159	864
			2160	864
			2161	865
			2162	865
			2163	865
			2164	865
			2165	866
			2166	866
			2167	867
			2168	867
			2169	867
			2170	868
			2171	868
			2172	868
			2172	869
			2173	869
			2174	870
			2175	870
			2176	871
			2177	871
			2178	872
			2178	873
			2178	874
			2178	875
			2177	876
			2177	877
			2177	878
			2177	879
			2177	880
			2177	881
			2177	882
			2177	883
			2176	884
			2176	885
			2176	886
			2176	887
			2176	888
			2176	889
			2176	890
			2176	891
			2176	892
			2176	893
			2176	894
			2176	895
			2176	896
			2175	897
			2175	898
			2175	899
			2175	900
			2175	901
			2175	902
			2175	903
			2175	904
			2175	905
			2175	906
			2175	907
			2175	908
			2175	909
			2175	910
			2175	911
			2175	912
			2175	913
			2175	914
			2175	915
			2175	916
			2175	917
			2175	918
			2175	919
			2175	920
			2175	921
			2175	922
			2175	923
			2175	924
			2175	925
			2175	926
			2176	926
			2176	927
			2176	928
			2176	929
			2176	930
			2176	931
			2176	932
			2176	933
			2176	934
			2176	935
			2176	936
			2176	937
			2176	938
			2176	939
			2177	940
			2177	941
			2177	942
			2177	943
			2177	944
			2177	945
			2177	946
			2177	947
			2177	948
			2177	949
			2178	950
			2178	951
			2178	952
			2178	953
			2178	954
			2178	955
			2178	956
			2178	957
			2179	958
			2179	959
			2179	960
			2179	961
			2179	962
			2179	963
			2179	964
			2180	965
			2180	966
			2180	967
			2180	968
			2180	969
			2180	970
			2181	971
			2181	972
			2181	973
			2180	974
			2179	974
			2178	975
			2177	976
			2176	976
			2175	977
			2174	977
			2173	977
			2172	978
			2171	978
			2170	978
			2169	978
			2168	979
			2167	979
			2166	979
			2165	979
			2164	979
			2163	979
			2162	979
			2161	979
			2160	979
			2159	980
			2158	980
			2157	980
			2156	980
			2155	980
			2154	980
			2153	980
			2152	980
			2151	980
			2150	980
			2149	980
			2148	979
			2147	979
			2146	979
			2145	979
			2144	979
			2143	979
			2142	979
			2141	979
			2140	979
			2139	979
			2138	979
			2137	979
			2136	978
			2135	978
			2134	978
			2133	978
		</End>
		<Tail2 type=matrix rownames=FALSE colnames=FALSE nrow=94 ncol=2 as.numeric=TRUE >
			2133	978
			2132	978
			2131	978
			2130	978
			2129	979
			2128	979
			2127	979
			2126	979
			2125	979
			2124	979
			2123	979
			2122	979
			2121	980
			2120	980
			2119	980
			2118	980
			2117	980
			2116	980
			2115	980
			2114	981
			2113	981
			2112	981
			2111	981
			2110	981
			2109	981
			2108	981
			2107	982
			2106	982
			2105	982
			2104	982
			2103	982
			2102	982
			2101	982
			2100	983
			2099	983
			2098	983
			2097	983
			2096	983
			2095	983
			2094	984
			2093	984
			2092	984
			2091	984
			2090	984
			2089	984
			2088	985
			2087	985
			2086	985
			2085	985
			2084	985
			2083	985
			2082	986
			2081	986
			2080	986
			2079	986
			2078	987
			2077	987
			2076	987
			2075	987
			2074	987
			2073	988
			2072	988
			2071	988
			2070	988
			2069	989
			2068	989
			2067	989
			2066	990
			2065	990
			2064	990
			2063	990
			2062	991
			2061	991
			2060	991
			2059	992
			2058	992
			2057	992
			2056	992
			2055	993
			2054	993
			2053	993
			2052	994
			2051	994
			2050	994
			2049	995
			2048	995
			2047	995
			2046	996
			2045	996
			2044	997
			2043	997
			2042	997
			2041	998
			2040	998
		</Tail2>
		<AnalFin type=matrix rownames=FALSE colnames=FALSE nrow=72 ncol=2 as.numeric=TRUE >
			2040	998
			2039	998
			2038	998
			2037	998
			2036	999
			2035	999
			2034	999
			2033	999
			2032	999
			2031	999
			2030	1000
			2029	1000
			2028	1000
			2027	1000
			2026	1001
			2025	1001
			2024	1001
			2023	1002
			2022	1002
			2021	1002
			2020	1003
			2019	1003
			2018	1003
			2017	1004
			2016	1004
			2015	1005
			2014	1005
			2013	1006
			2012	1006
			2011	1007
			2010	1007
			2009	1008
			2008	1009
			2007	1009
			2007	1010
			2006	1010
			2005	1011
			2004	1012
			2003	1012
			2002	1013
			2001	1014
			2000	1014
			1999	1015
			1998	1016
			1997	1017
			1996	1017
			1995	1018
			1994	1019
			1993	1020
			1992	1020
			1991	1021
			1990	1022
			1990	1023
			1989	1024
			1988	1025
			1987	1026
			1986	1026
			1985	1027
			1984	1028
			1983	1029
			1982	1030
			1981	1031
			1980	1032
			1979	1033
			1978	1034
			1977	1035
			1976	1036
			1975	1037
			1974	1038
			1974	1039
			1973	1040
			1972	1041
		</AnalFin>
		<Pectfin type=matrix rownames=FALSE colnames=FALSE nrow=52 ncol=2 as.numeric=TRUE >
			1756	997
			1757	998
			1757	999
			1758	1000
			1759	1001
			1759	1002
			1760	1003
			1760	1004
			1761	1005
			1761	1006
			1762	1007
			1762	1008
			1762	1009
			1763	1010
			1763	1011
			1763	1012
			1763	1013
			1764	1014
			1764	1015
			1764	1016
			1764	1017
			1765	1018
			1765	1019
			1765	1020
			1765	1021
			1765	1022
			1765	1023
			1765	1024
			1765	1025
			1765	1026
			1765	1027
			1765	1028
			1765	1029
			1765	1030
			1765	1031
			1765	1032
			1765	1033
			1765	1034
			1765	1035
			1765	1036
			1765	1037
			1764	1038
			1764	1039
			1764	1040
			1764	1041
			1764	1042
			1763	1043
			1763	1044
			1763	1045
			1763	1046
			1762	1047
			1762	1048
		</Pectfin>
		<Opercle type=matrix rownames=FALSE colnames=FALSE nrow=147 ncol=2 as.numeric=TRUE >
			1725	967
			1726	967
			1727	968
			1728	968
			1729	969
			1730	969
			1730	970
			1731	970
			1732	971
			1733	971
			1733	972
			1734	972
			1735	973
			1736	974
			1737	975
			1737	976
			1737	977
			1738	978
			1738	979
			1738	980
			1739	981
			1739	982
			1739	983
			1739	984
			1739	985
			1739	986
			1739	987
			1738	988
			1738	989
			1738	990
			1738	991
			1738	992
			1737	992
			1737	993
			1737	994
			1736	995
			1736	996
			1735	997
			1735	998
			1734	999
			1734	1000
			1733	1001
			1733	1002
			1732	1003
			1732	1004
			1731	1004
			1731	1005
			1730	1006
			1729	1007
			1729	1008
			1728	1009
			1728	1010
			1727	1010
			1726	1011
			1726	1012
			1725	1013
			1725	1014
			1724	1015
			1723	1016
			1722	1017
			1721	1018
			1720	1019
			1719	1020
			1719	1021
			1718	1022
			1717	1023
			1716	1024
			1715	1025
			1715	1026
			1714	1027
			1713	1027
			1713	1028
			1712	1029
			1711	1030
			1710	1031
			1709	1032
			1708	1033
			1707	1034
			1706	1035
			1705	1035
			1705	1036
			1704	1036
			1703	1036
			1702	1037
			1701	1037
			1700	1037
			1699	1038
			1698	1038
			1697	1039
			1696	1039
			1695	1039
			1694	1039
			1693	1040
			1692	1040
			1691	1040
			1690	1040
			1689	1041
			1688	1041
			1687	1041
			1686	1041
			1685	1041
			1684	1042
			1683	1042
			1682	1042
			1681	1042
			1680	1042
			1679	1042
			1678	1042
			1677	1042
			1676	1043
			1675	1043
			1674	1043
			1673	1043
			1672	1043
			1671	1043
			1670	1043
			1669	1043
			1668	1043
			1667	1043
			1666	1043
			1665	1043
			1664	1042
			1663	1042
			1662	1042
			1661	1041
			1660	1041
			1659	1041
			1658	1040
			1657	1040
			1656	1040
			1655	1039
			1654	1039
			1653	1038
			1652	1038
			1651	1038
			1650	1037
			1649	1037
			1648	1037
			1647	1036
			1646	1035
			1645	1035
			1644	1034
			1643	1034
			1642	1033
			1641	1033
			1640	1032
			1639	1032
		</Opercle>
		<Preopercle type=matrix rownames=FALSE colnames=FALSE nrow=97 ncol=2 as.numeric=TRUE >
			1665	943
			1665	944
			1665	945
			1665	946
			1665	947
			1665	948
			1664	948
			1664	949
			1664	950
			1664	951
			1664	952
			1664	953
			1664	954
			1664	955
			1664	956
			1663	956
			1663	957
			1663	958
			1663	959
			1663	960
			1663	961
			1663	962
			1663	963
			1662	964
			1662	965
			1662	966
			1662	967
			1662	968
			1661	969
			1661	970
			1661	971
			1661	972
			1661	973
			1660	974
			1660	975
			1660	976
			1660	977
			1659	978
			1659	979
			1659	980
			1659	981
			1658	982
			1658	983
			1658	984
			1657	985
			1657	986
			1657	987
			1657	988
			1657	989
			1657	990
			1656	991
			1656	992
			1656	993
			1656	994
			1656	995
			1656	996
			1655	997
			1655	998
			1655	999
			1655	1000
			1655	1001
			1655	1002
			1654	1003
			1654	1004
			1654	1005
			1654	1006
			1654	1007
			1653	1007
			1653	1008
			1653	1009
			1653	1010
			1653	1011
			1652	1011
			1652	1012
			1652	1013
			1652	1014
			1651	1014
			1651	1015
			1651	1016
			1651	1017
			1650	1018
			1650	1019
			1649	1020
			1649	1021
			1649	1022
			1648	1023
			1647	1024
			1647	1025
			1646	1026
			1645	1027
			1644	1028
			1644	1029
			1643	1030
			1642	1030
			1641	1031
			1640	1032
			1639	1032
		</Preopercle>
	</curves.pixel>
	<curves.scaled type=list>
		<Eye type=matrix rownames=FALSE colnames=FALSE nrow=192 ncol=2 as.numeric=TRUE >
			66.4503803515828	-36.6903940591561
			66.491147456093	-36.7311611636663
			66.5319145606031	-36.7311611636663
			66.5726816651133	-36.7719282681765
			66.6134487696235	-36.7719282681765
			66.6542158741337	-36.8126953726867
			66.6949829786438	-36.8126953726867
			66.735750083154	-36.8534624771968
			66.7765171876642	-36.894229581707
			66.8172842921743	-36.894229581707
			66.8580513966845	-36.9349966862172
			66.8988185011947	-36.9757637907274
			66.9395856057049	-37.0165308952375
			66.980352710215	-37.0165308952375
			67.0211198147252	-37.0572979997477
			67.0618869192354	-37.0980651042579
			67.1026540237456	-37.1388322087681
			67.1434211282557	-37.1795993132782
			67.1841882327659	-37.2203664177884
			67.2249553372761	-37.2611335222986
			67.2657224417863	-37.3019006268087
			67.3064895462964	-37.3426677313189
			67.3064895462964	-37.3834348358291
			67.3472566508066	-37.4242019403393
			67.3472566508066	-37.4649690448494
			67.3880237553168	-37.5057361493596
			67.3880237553168	-37.5465032538698
			67.428790859827	-37.58727035838
			67.428790859827	-37.6280374628901
			67.428790859827	-37.6688045674003
			67.428790859827	-37.7095716719105
			67.428790859827	-37.7503387764207
			67.428790859827	-37.7911058809308
			67.428790859827	-37.831872985441
			67.428790859827	-37.8726400899512
			67.428790859827	-37.9134071944613
			67.428790859827	-37.9541742989715
			67.428790859827	-37.9949414034817
			67.428790859827	-38.0357085079919
			67.428790859827	-38.076475612502
			67.3880237553168	-38.1172427170122
			67.3880237553168	-38.1580098215224
			67.3472566508066	-38.1987769260326
			67.3472566508066	-38.2395440305427
			67.3064895462964	-38.2803111350529
			67.3064895462964	-38.3210782395631
			67.3064895462964	-38.3618453440733
			67.2657224417863	-38.3618453440733
			67.2657224417863	-38.4026124485834
			67.2657224417863	-38.4433795530936
			67.2249553372761	-38.4433795530936
			67.2249553372761	-38.4841466576038
			67.1841882327659	-38.5249137621139
			67.1434211282557	-38.5656808666241
			67.1026540237456	-38.6064479711343
			67.0618869192354	-38.6472150756445
			67.0211198147252	-38.6879821801546
			66.980352710215	-38.7287492846648
			66.9395856057049	-38.7287492846648
			66.9395856057049	-38.769516389175
			66.8988185011947	-38.8102834936852
			66.8580513966845	-38.8510505981953
			66.8172842921743	-38.8510505981953
			66.7765171876642	-38.8918177027055
			66.735750083154	-38.8918177027055
			66.735750083154	-38.9325848072157
			66.6949829786438	-38.9733519117259
			66.6542158741337	-38.9733519117259
			66.6134487696235	-39.014119016236
			66.5726816651133	-39.014119016236
			66.5319145606031	-39.0548861207462
			66.491147456093	-39.0548861207462
			66.4503803515828	-39.0956532252564
			66.4096132470726	-39.0956532252564
			66.3688461425624	-39.1364203297666
			66.3280790380523	-39.1364203297666
			66.2873119335421	-39.1771874342767
			66.2465448290319	-39.1771874342767
			66.2057777245218	-39.1771874342767
			66.1650106200116	-39.2179545387869
			66.1242435155014	-39.2179545387869
			66.0834764109912	-39.2179545387869
			66.0427093064811	-39.2179545387869
			66.0019422019709	-39.2179545387869
			65.9611750974607	-39.2179545387869
			65.9204079929505	-39.2179545387869
			65.8796408884404	-39.2179545387869
			65.8388737839302	-39.2587216432971
			65.79810667942	-39.2587216432971
			65.7573395749098	-39.2587216432971
			65.7573395749098	-39.2179545387869
			65.7165724703997	-39.2179545387869
			65.6758053658895	-39.2179545387869
			65.6350382613793	-39.2179545387869
			65.5942711568692	-39.2179545387869
			65.553504052359	-39.2179545387869
			65.5127369478488	-39.2179545387869
			65.4719698433386	-39.2179545387869
			65.4312027388285	-39.1771874342767
			65.3904356343183	-39.1771874342767
			65.3496685298081	-39.1771874342767
			65.3089014252979	-39.1771874342767
			65.2681343207878	-39.1364203297666
			65.2273672162776	-39.1364203297666
			65.2273672162776	-39.0956532252564
			65.1866001117674	-39.0956532252564
			65.1458330072572	-39.0956532252564
			65.1050659027471	-39.0548861207462
			65.0642987982369	-39.0548861207462
			65.0235316937267	-39.014119016236
			64.9827645892165	-39.014119016236
			64.9419974847064	-38.9733519117259
			64.9012303801962	-38.9733519117259
			64.860463275686	-38.9325848072157
			64.8196961711758	-38.8918177027055
			64.8196961711758	-38.8510505981953
			64.7789290666657	-38.8102834936852
			64.7381619621555	-38.769516389175
			64.7381619621555	-38.7287492846648
			64.6973948576453	-38.6879821801546
			64.6973948576453	-38.6472150756445
			64.6566277531352	-38.6064479711343
			64.6566277531352	-38.5656808666241
			64.6566277531352	-38.5249137621139
			64.615860648625	-38.4841466576038
			64.615860648625	-38.4433795530936
			64.615860648625	-38.4026124485834
			64.615860648625	-38.3618453440733
			64.615860648625	-38.3210782395631
			64.615860648625	-38.2803111350529
			64.615860648625	-38.2395440305427
			64.615860648625	-38.1987769260326
			64.615860648625	-38.1580098215224
			64.615860648625	-38.1172427170122
			64.615860648625	-38.076475612502
			64.615860648625	-38.0357085079919
			64.615860648625	-37.9949414034817
			64.6566277531352	-37.9541742989715
			64.6566277531352	-37.9134071944613
			64.6566277531352	-37.8726400899512
			64.6566277531352	-37.831872985441
			64.6973948576453	-37.7911058809308
			64.6973948576453	-37.7503387764207
			64.6973948576453	-37.7095716719105
			64.7381619621555	-37.6688045674003
			64.7381619621555	-37.6280374628901
			64.7789290666657	-37.58727035838
			64.7789290666657	-37.5465032538698
			64.7789290666657	-37.5057361493596
			64.8196961711758	-37.4649690448494
			64.860463275686	-37.4242019403393
			64.9012303801962	-37.3834348358291
			64.9419974847064	-37.3426677313189
			64.9827645892165	-37.3019006268087
			65.0235316937267	-37.2611335222986
			65.0642987982369	-37.2611335222986
			65.1050659027471	-37.2203664177884
			65.1050659027471	-37.1795993132782
			65.1458330072572	-37.1795993132782
			65.1866001117674	-37.1388322087681
			65.2273672162776	-37.0980651042579
			65.2681343207878	-37.0980651042579
			65.3089014252979	-37.0572979997477
			65.3496685298081	-37.0572979997477
			65.3496685298081	-37.0165308952375
			65.3904356343183	-36.9757637907274
			65.4312027388285	-36.9757637907274
			65.4719698433386	-36.9349966862172
			65.5127369478488	-36.9349966862172
			65.553504052359	-36.894229581707
			65.5942711568692	-36.894229581707
			65.6350382613793	-36.894229581707
			65.6758053658895	-36.8534624771968
			65.7165724703997	-36.8534624771968
			65.7573395749098	-36.8126953726867
			65.79810667942	-36.8126953726867
			65.8388737839302	-36.8126953726867
			65.8796408884404	-36.7719282681765
			65.9204079929505	-36.7719282681765
			65.9611750974607	-36.7719282681765
			66.0019422019709	-36.7719282681765
			66.0427093064811	-36.7311611636663
			66.0834764109912	-36.7311611636663
			66.1242435155014	-36.7311611636663
			66.1650106200116	-36.7311611636663
			66.2057777245218	-36.7311611636663
			66.2465448290319	-36.6903940591561
			66.2873119335421	-36.6903940591561
			66.3280790380523	-36.6903940591561
			66.3688461425624	-36.6903940591561
			66.4096132470726	-36.6903940591561
			66.4503803515828	-36.6903940591561
		</Eye>
		<Head type=matrix rownames=FALSE colnames=FALSE nrow=307 ncol=2 as.numeric=TRUE >
			63.5559159313605	-38.4433795530936
			63.5966830358706	-38.4026124485834
			63.6374501403808	-38.3618453440733
			63.678217244891	-38.3210782395631
			63.7189843494012	-38.2803111350529
			63.7597514539113	-38.2395440305427
			63.7597514539113	-38.1987769260326
			63.8005185584215	-38.1580098215224
			63.8412856629317	-38.1580098215224
			63.8820527674419	-38.1172427170122
			63.922819871952	-38.076475612502
			63.9635869764622	-38.0357085079919
			64.0043540809724	-37.9949414034817
			64.0043540809724	-37.9541742989715
			64.0451211854826	-37.9541742989715
			64.0858882899927	-37.9134071944613
			64.1266553945029	-37.8726400899512
			64.1674224990131	-37.831872985441
			64.2081896035233	-37.7911058809308
			64.2489567080334	-37.7911058809308
			64.2897238125436	-37.7503387764207
			64.3304909170538	-37.7095716719105
			64.3712580215639	-37.6688045674003
			64.4120251260741	-37.6688045674003
			64.4527922305843	-37.6280374628901
			64.4527922305843	-37.58727035838
			64.4935593350945	-37.5465032538698
			64.5343264396046	-37.5057361493596
			64.5750935441148	-37.5057361493596
			64.615860648625	-37.4649690448494
			64.6566277531352	-37.4242019403393
			64.6973948576453	-37.4242019403393
			64.7381619621555	-37.3834348358291
			64.7789290666657	-37.3426677313189
			64.8196961711758	-37.3019006268087
			64.860463275686	-37.3019006268087
			64.9012303801962	-37.2611335222986
			64.9419974847064	-37.2203664177884
			64.9827645892165	-37.2203664177884
			65.0235316937267	-37.1795993132782
			65.0642987982369	-37.1795993132782
			65.0642987982369	-37.1388322087681
			65.1050659027471	-37.1388322087681
			65.1458330072572	-37.1388322087681
			65.1458330072572	-37.0980651042579
			65.1866001117674	-37.0980651042579
			65.2273672162776	-37.0572979997477
			65.2681343207878	-37.0572979997477
			65.3089014252979	-37.0165308952375
			65.3496685298081	-36.9757637907274
			65.3904356343183	-36.9757637907274
			65.4312027388285	-36.9349966862172
			65.4719698433386	-36.9349966862172
			65.5127369478488	-36.894229581707
			65.553504052359	-36.8534624771968
			65.5942711568692	-36.8534624771968
			65.6350382613793	-36.8126953726867
			65.6758053658895	-36.8126953726867
			65.7165724703997	-36.7719282681765
			65.7573395749098	-36.7719282681765
			65.79810667942	-36.7311611636663
			65.8388737839302	-36.7311611636663
			65.8796408884404	-36.6903940591561
			65.9204079929505	-36.6903940591561
			65.9611750974607	-36.649626954646
			66.0019422019709	-36.649626954646
			66.0427093064811	-36.6088598501358
			66.0834764109912	-36.6088598501358
			66.1242435155014	-36.5680927456256
			66.1650106200116	-36.5680927456256
			66.2057777245218	-36.5273256411154
			66.2465448290319	-36.5273256411154
			66.2873119335421	-36.4865585366053
			66.3280790380523	-36.4865585366053
			66.3688461425624	-36.4865585366053
			66.4096132470726	-36.4457914320951
			66.4503803515828	-36.4457914320951
			66.4503803515828	-36.4050243275849
			66.491147456093	-36.4050243275849
			66.5319145606031	-36.4050243275849
			66.5726816651133	-36.3642572230748
			66.6134487696235	-36.3642572230748
			66.6542158741337	-36.3642572230748
			66.6542158741337	-36.3234901185646
			66.6949829786438	-36.3234901185646
			66.735750083154	-36.3234901185646
			66.7765171876642	-36.2827230140544
			66.8172842921743	-36.2827230140544
			66.8172842921743	-36.2419559095442
			66.8580513966845	-36.2419559095442
			66.8988185011947	-36.2419559095442
			66.9395856057049	-36.2011888050341
			66.980352710215	-36.2011888050341
			67.0211198147252	-36.1604217005239
			67.0618869192354	-36.1604217005239
			67.1026540237456	-36.1196545960137
			67.1434211282557	-36.1196545960137
			67.1841882327659	-36.1196545960137
			67.2249553372761	-36.0788874915035
			67.2657224417863	-36.0788874915035
			67.3064895462964	-36.0381203869934
			67.3472566508066	-36.0381203869934
			67.3880237553168	-35.9973532824832
			67.428790859827	-35.9973532824832
			67.4695579643371	-35.9973532824832
			67.5103250688473	-35.956586177973
			67.5510921733575	-35.956586177973
			67.5918592778677	-35.9158190734628
			67.6326263823778	-35.9158190734628
			67.673393486888	-35.8750519689527
			67.7141605913982	-35.8750519689527
			67.7549276959083	-35.8750519689527
			67.7956948004185	-35.8342848644425
			67.8364619049287	-35.8342848644425
			67.8772290094389	-35.7935177599323
			67.917996113949	-35.7935177599323
			67.9587632184592	-35.7935177599323
			67.9587632184592	-35.7527506554222
			67.9995303229694	-35.7527506554222
			68.0402974274796	-35.7527506554222
			68.0810645319897	-35.711983550912
			68.1218316364999	-35.711983550912
			68.1625987410101	-35.6712164464018
			68.2033658455203	-35.6712164464018
			68.2441329500304	-35.6712164464018
			68.2849000545406	-35.6304493418916
			68.3256671590508	-35.6304493418916
			68.3664342635609	-35.5896822373815
			68.4072013680711	-35.5896822373815
			68.4479684725813	-35.5896822373815
			68.4887355770915	-35.5489151328713
			68.5295026816016	-35.5489151328713
			68.5702697861118	-35.5489151328713
			68.5702697861118	-35.5081480283611
			68.611036890622	-35.5081480283611
			68.6518039951322	-35.5081480283611
			68.6925710996423	-35.4673809238509
			68.7333382041525	-35.4673809238509
			68.7741053086627	-35.4266138193408
			68.8148724131728	-35.4266138193408
			68.855639517683	-35.4266138193408
			68.8964066221932	-35.3858467148306
			68.9371737267034	-35.3858467148306
			68.9779408312135	-35.3858467148306
			69.0187079357237	-35.3450796103204
			69.0594750402339	-35.3450796103204
			69.1002421447441	-35.3043125058102
			69.1410092492542	-35.3043125058102
			69.1817763537644	-35.3043125058102
			69.2225434582746	-35.2635454013001
			69.2633105627848	-35.2635454013001
			69.3040776672949	-35.2227782967899
			69.3448447718051	-35.2227782967899
			69.3856118763153	-35.2227782967899
			69.4263789808255	-35.1820111922797
			69.4671460853356	-35.1820111922797
			69.5079131898458	-35.1412440877696
			69.548680294356	-35.1412440877696
			69.5894473988662	-35.1412440877696
			69.6302145033763	-35.1004769832594
			69.6709816078865	-35.1004769832594
			69.7117487123967	-35.1004769832594
			69.7525158169069	-35.0597098787492
			69.793282921417	-35.0597098787492
			69.8340500259272	-35.018942774239
			69.8748171304374	-35.018942774239
			69.9155842349475	-35.018942774239
			69.9563513394577	-34.9781756697289
			69.9971184439679	-34.9781756697289
			70.0378855484781	-34.9781756697289
			70.0786526529882	-34.9374085652187
			70.1194197574984	-34.9374085652187
			70.1601868620086	-34.8966414607085
			70.2009539665188	-34.8966414607085
			70.2417210710289	-34.8966414607085
			70.2824881755391	-34.8558743561983
			70.3232552800493	-34.8558743561983
			70.3640223845594	-34.8558743561983
			70.4047894890696	-34.8151072516882
			70.4455565935798	-34.8151072516882
			70.48632369809	-34.8151072516882
			70.5270908026001	-34.774340147178
			70.5678579071103	-34.774340147178
			70.6086250116205	-34.7335730426678
			70.6493921161307	-34.7335730426678
			70.6901592206408	-34.7335730426678
			70.730926325151	-34.6928059381576
			70.7716934296612	-34.6928059381576
			70.8124605341714	-34.6928059381576
			70.8532276386815	-34.6520388336475
			70.8939947431917	-34.6520388336475
			70.9347618477019	-34.6520388336475
			70.975528952212	-34.6112717291373
			71.0162960567222	-34.6112717291373
			71.0570631612324	-34.5705046246271
			71.0978302657426	-34.5705046246271
			71.1385973702527	-34.5705046246271
			71.1793644747629	-34.5297375201169
			71.2201315792731	-34.5297375201169
			71.2608986837833	-34.5297375201169
			71.3016657882934	-34.4889704156068
			71.3424328928036	-34.4889704156068
			71.3831999973138	-34.4482033110966
			71.423967101824	-34.4482033110966
			71.4647342063341	-34.4482033110966
			71.5055013108443	-34.4074362065864
			71.5462684153545	-34.4074362065864
			71.5870355198647	-34.4074362065864
			71.6278026243748	-34.3666691020763
			71.668569728885	-34.3666691020763
			71.7093368333952	-34.3666691020763
			71.7501039379054	-34.3259019975661
			71.7908710424155	-34.3259019975661
			71.8316381469257	-34.3259019975661
			71.8724052514359	-34.2851348930559
			71.913172355946	-34.2851348930559
			71.9539394604562	-34.2851348930559
			71.9947065649664	-34.2443677885457
			72.0354736694766	-34.2443677885457
			72.0762407739867	-34.2443677885457
			72.0762407739867	-34.2036006840356
			72.1170078784969	-34.2036006840356
			72.1577749830071	-34.2036006840356
			72.1985420875173	-34.1628335795254
			72.2393091920274	-34.1628335795254
			72.2800762965376	-34.1628335795254
			72.3208434010478	-34.1220664750152
			72.3616105055579	-34.1220664750152
			72.4023776100681	-34.1220664750152
			72.4431447145783	-34.081299370505
			72.4839118190885	-34.081299370505
			72.5246789235986	-34.081299370505
			72.5654460281088	-34.0405322659949
			72.606213132619	-34.0405322659949
			72.6469802371292	-34.0405322659949
			72.6877473416393	-34.0405322659949
			72.7285144461495	-33.9997651614847
			72.7692815506597	-33.9997651614847
			72.8100486551699	-33.9997651614847
			72.85081575968	-33.9997651614847
			72.8915828641902	-33.9997651614847
			72.9323499687004	-33.9997651614847
			72.9731170732105	-33.9589980569745
			73.0138841777207	-33.9589980569745
			73.0546512822309	-33.9589980569745
			73.0954183867411	-33.9589980569745
			73.1361854912512	-33.9589980569745
			73.1361854912512	-33.9182309524643
			73.1769525957614	-33.9182309524643
			73.2177197002716	-33.9182309524643
			73.2584868047818	-33.9182309524643
			73.2992539092919	-33.9182309524643
			73.3400210138021	-33.8774638479542
			73.3807881183123	-33.8774638479542
			73.4215552228225	-33.8774638479542
			73.4623223273326	-33.8774638479542
			73.5030894318428	-33.836696743444
			73.543856536353	-33.836696743444
			73.5846236408632	-33.836696743444
			73.6253907453733	-33.836696743444
			73.6661578498835	-33.836696743444
			73.7069249543937	-33.7959296389338
			73.7476920589039	-33.7959296389338
			73.788459163414	-33.7959296389338
			73.8292262679242	-33.7551625344237
			73.8699933724344	-33.7551625344237
			73.9107604769445	-33.7551625344237
			73.9515275814547	-33.7551625344237
			73.9922946859649	-33.7143954299135
			74.0330617904751	-33.7143954299135
			74.0738288949852	-33.7143954299135
			74.1145959994954	-33.7143954299135
			74.1553631040056	-33.6736283254033
			74.1961302085158	-33.6736283254033
			74.2368973130259	-33.6736283254033
			74.2776644175361	-33.6328612208931
			74.3184315220463	-33.6328612208931
			74.3591986265564	-33.6328612208931
			74.3999657310666	-33.6328612208931
			74.3999657310666	-33.592094116383
			74.4407328355768	-33.592094116383
			74.481499940087	-33.592094116383
			74.5222670445971	-33.592094116383
			74.5630341491073	-33.5513270118728
			74.6038012536175	-33.5513270118728
			74.6445683581277	-33.5513270118728
			74.6853354626378	-33.5105599073626
			74.726102567148	-33.5105599073626
			74.7668696716582	-33.5105599073626
			74.8076367761684	-33.4697928028524
			74.8484038806785	-33.4697928028524
			74.8891709851887	-33.4697928028524
			74.9299380896989	-33.4290256983423
			74.970705194209	-33.4290256983423
			75.0114722987192	-33.3882585938321
			75.0522394032294	-33.3882585938321
			75.0930065077396	-33.3882585938321
			75.1337736122497	-33.3474914893219
			75.1745407167599	-33.3474914893219
			75.2153078212701	-33.3474914893219
			75.2560749257803	-33.3067243848117
			75.2968420302904	-33.3067243848117
			75.3376091348006	-33.3067243848117
			75.3783762393108	-33.2659572803016
			75.419143343821	-33.2659572803016
			75.4599104483311	-33.2251901757914
			75.5006775528413	-33.2251901757914
		</Head>
		<Tail1 type=matrix rownames=FALSE colnames=FALSE nrow=281 ncol=2 as.numeric=TRUE >
			75.5006775528413	-33.2251901757914
			75.5414446573515	-33.2251901757914
			75.5822117618617	-33.2659572803016
			75.6229788663718	-33.2659572803016
			75.663745970882	-33.2659572803016
			75.7045130753922	-33.3067243848117
			75.7452801799024	-33.3067243848117
			75.7860472844125	-33.3067243848117
			75.8268143889227	-33.3474914893219
			75.8675814934329	-33.3474914893219
			75.908348597943	-33.3474914893219
			75.9491157024532	-33.3882585938321
			75.9898828069634	-33.3882585938321
			76.0306499114736	-33.3882585938321
			76.0714170159837	-33.3882585938321
			76.1121841204939	-33.4290256983423
			76.1529512250041	-33.4290256983423
			76.1937183295143	-33.4290256983423
			76.2344854340244	-33.4697928028524
			76.2752525385346	-33.4697928028524
			76.3160196430448	-33.4697928028524
			76.3567867475549	-33.4697928028524
			76.3975538520651	-33.5105599073626
			76.4383209565753	-33.5105599073626
			76.4790880610855	-33.5105599073626
			76.5198551655956	-33.5513270118728
			76.5606222701058	-33.5513270118728
			76.601389374616	-33.5513270118728
			76.6421564791262	-33.592094116383
			76.6829235836363	-33.592094116383
			76.7236906881465	-33.592094116383
			76.7644577926567	-33.592094116383
			76.8052248971669	-33.592094116383
			76.845992001677	-33.6328612208931
			76.8867591061872	-33.6328612208931
			76.9275262106974	-33.6328612208931
			76.9682933152075	-33.6736283254033
			77.0090604197177	-33.6736283254033
			77.0498275242279	-33.6736283254033
			77.0905946287381	-33.6736283254033
			77.1313617332482	-33.7143954299135
			77.1721288377584	-33.7143954299135
			77.2128959422686	-33.7143954299135
			77.2536630467788	-33.7143954299135
			77.2944301512889	-33.7551625344237
			77.3351972557991	-33.7551625344237
			77.3759643603093	-33.7551625344237
			77.4167314648195	-33.7551625344237
			77.4574985693296	-33.7959296389338
			77.4982656738398	-33.7959296389338
			77.53903277835	-33.7959296389338
			77.5797998828602	-33.7959296389338
			77.6205669873703	-33.7959296389338
			77.6613340918805	-33.836696743444
			77.7021011963907	-33.836696743444
			77.7428683009009	-33.836696743444
			77.783635405411	-33.836696743444
			77.8244025099212	-33.8774638479542
			77.8651696144314	-33.8774638479542
			77.9059367189415	-33.8774638479542
			77.9467038234517	-33.8774638479542
			77.9874709279619	-33.8774638479542
			78.0282380324721	-33.9182309524643
			78.0690051369822	-33.9182309524643
			78.1097722414924	-33.9182309524643
			78.1505393460026	-33.9182309524643
			78.1913064505128	-33.9589980569745
			78.2320735550229	-33.9589980569745
			78.2728406595331	-33.9589980569745
			78.3136077640433	-33.9589980569745
			78.3136077640433	-33.9997651614847
			78.3543748685534	-33.9997651614847
			78.3951419730636	-33.9997651614847
			78.4359090775738	-34.0405322659949
			78.476676182084	-34.0405322659949
			78.5174432865941	-34.0405322659949
			78.5582103911043	-34.081299370505
			78.5989774956145	-34.081299370505
			78.6397446001247	-34.081299370505
			78.6805117046348	-34.081299370505
			78.721278809145	-34.1220664750152
			78.7620459136552	-34.1220664750152
			78.8028130181654	-34.1220664750152
			78.8435801226755	-34.1220664750152
			78.8435801226755	-34.1628335795254
			78.8843472271857	-34.1628335795254
			78.9251143316959	-34.1628335795254
			78.9658814362061	-34.1628335795254
			79.0066485407162	-34.2036006840356
			79.0474156452264	-34.2036006840356
			79.0881827497366	-34.2036006840356
			79.1289498542467	-34.2036006840356
			79.1697169587569	-34.2443677885457
			79.2104840632671	-34.2443677885457
			79.2512511677773	-34.2443677885457
			79.2920182722874	-34.2443677885457
			79.3327853767976	-34.2851348930559
			79.3735524813078	-34.2851348930559
			79.414319585818	-34.2851348930559
			79.4550866903281	-34.2851348930559
			79.4958537948383	-34.3259019975661
			79.5366208993485	-34.3259019975661
			79.5773880038587	-34.3259019975661
			79.6181551083688	-34.3259019975661
			79.658922212879	-34.3666691020763
			79.6996893173892	-34.3666691020763
			79.7404564218994	-34.3666691020763
			79.7812235264095	-34.3666691020763
			79.8219906309197	-34.3666691020763
			79.8627577354299	-34.4074362065864
			79.90352483994	-34.4074362065864
			79.9442919444502	-34.4074362065864
			79.9850590489604	-34.4074362065864
			80.0258261534706	-34.4482033110966
			80.0665932579807	-34.4482033110966
			80.1073603624909	-34.4482033110966
			80.1481274670011	-34.4482033110966
			80.1888945715113	-34.4482033110966
			80.2296616760214	-34.4889704156068
			80.2704287805316	-34.4889704156068
			80.3111958850418	-34.4889704156068
			80.351962989552	-34.4889704156068
			80.3927300940621	-34.5297375201169
			80.4334971985723	-34.5297375201169
			80.4742643030825	-34.5297375201169
			80.5150314075926	-34.5297375201169
			80.5557985121028	-34.5297375201169
			80.596565616613	-34.5297375201169
			80.596565616613	-34.5705046246271
			80.6373327211232	-34.5705046246271
			80.6780998256333	-34.5705046246271
			80.7188669301435	-34.5705046246271
			80.7596340346537	-34.5705046246271
			80.8004011391639	-34.5705046246271
			80.841168243674	-34.6112717291373
			80.8819353481842	-34.6112717291373
			80.9227024526944	-34.6112717291373
			80.9634695572046	-34.6112717291373
			81.0042366617147	-34.6112717291373
			81.0450037662249	-34.6520388336475
			81.0857708707351	-34.6520388336475
			81.1265379752453	-34.6520388336475
			81.1673050797554	-34.6520388336475
			81.2080721842656	-34.6520388336475
			81.2488392887758	-34.6520388336475
			81.289606393286	-34.6928059381576
			81.3303734977961	-34.6928059381576
			81.3711406023063	-34.6928059381576
			81.4119077068165	-34.6928059381576
			81.4526748113266	-34.6928059381576
			81.4934419158368	-34.6928059381576
			81.534209020347	-34.7335730426678
			81.5749761248572	-34.7335730426678
			81.6157432293673	-34.7335730426678
			81.6565103338775	-34.7335730426678
			81.6972774383877	-34.7335730426678
			81.7380445428979	-34.7335730426678
			81.778811647408	-34.774340147178
			81.8195787519182	-34.774340147178
			81.8603458564284	-34.774340147178
			81.9011129609385	-34.774340147178
			81.9418800654487	-34.774340147178
			81.9826471699589	-34.774340147178
			82.0234142744691	-34.774340147178
			82.0641813789792	-34.8151072516882
			82.1049484834894	-34.8151072516882
			82.1457155879996	-34.8151072516882
			82.1864826925098	-34.8151072516882
			82.2272497970199	-34.8151072516882
			82.2680169015301	-34.8151072516882
			82.3087840060403	-34.8558743561983
			82.3495511105505	-34.8558743561983
			82.3903182150606	-34.8558743561983
			82.4310853195708	-34.8558743561983
			82.471852424081	-34.8558743561983
			82.5126195285911	-34.8558743561983
			82.5533866331013	-34.8558743561983
			82.5941537376115	-34.8966414607085
			82.6349208421217	-34.8966414607085
			82.6756879466318	-34.8966414607085
			82.716455051142	-34.8966414607085
			82.7572221556522	-34.8966414607085
			82.7979892601624	-34.8966414607085
			82.7979892601624	-34.9374085652187
			82.8387563646725	-34.9374085652187
			82.8795234691827	-34.9374085652187
			82.9202905736929	-34.9374085652187
			82.9610576782031	-34.9374085652187
			83.0018247827132	-34.9374085652187
			83.0425918872234	-34.9374085652187
			83.0833589917336	-34.9374085652187
			83.1241260962438	-34.9781756697289
			83.1648932007539	-34.9781756697289
			83.2056603052641	-34.9781756697289
			83.2464274097743	-34.9781756697289
			83.2871945142845	-34.9781756697289
			83.3279616187946	-34.9781756697289
			83.3687287233048	-34.9781756697289
			83.409495827815	-35.018942774239
			83.4502629323251	-35.018942774239
			83.4910300368353	-35.018942774239
			83.5317971413455	-35.018942774239
			83.5725642458557	-35.018942774239
			83.6133313503658	-35.018942774239
			83.654098454876	-35.018942774239
			83.654098454876	-35.0597098787492
			83.6948655593862	-35.0597098787492
			83.7356326638964	-35.0597098787492
			83.7763997684065	-35.0597098787492
			83.8171668729167	-35.0597098787492
			83.8579339774269	-35.0597098787492
			83.898701081937	-35.0597098787492
			83.9394681864472	-35.0597098787492
			83.9802352909574	-35.1004769832594
			84.0210023954676	-35.1004769832594
			84.0617694999777	-35.1004769832594
			84.1025366044879	-35.1004769832594
			84.1433037089981	-35.1004769832594
			84.1840708135083	-35.1004769832594
			84.2248379180184	-35.1004769832594
			84.2656050225286	-35.1004769832594
			84.3063721270388	-35.1412440877696
			84.347139231549	-35.1412440877696
			84.3879063360591	-35.1412440877696
			84.4286734405693	-35.1412440877696
			84.4694405450795	-35.1412440877696
			84.5102076495896	-35.1412440877696
			84.5509747540998	-35.1412440877696
			84.59174185861	-35.1412440877696
			84.6325089631202	-35.1820111922797
			84.6732760676303	-35.1820111922797
			84.7140431721405	-35.1820111922797
			84.7548102766507	-35.1820111922797
			84.7955773811609	-35.1820111922797
			84.836344485671	-35.1820111922797
			84.8771115901812	-35.1820111922797
			84.9178786946914	-35.1820111922797
			84.9586457992016	-35.1820111922797
			84.9994129037117	-35.1820111922797
			85.0401800082219	-35.1820111922797
			85.0809471127321	-35.1820111922797
			85.1217142172423	-35.1820111922797
			85.1624813217524	-35.2227782967899
			85.2032484262626	-35.2227782967899
			85.2440155307728	-35.2227782967899
			85.284782635283	-35.2227782967899
			85.3255497397931	-35.2227782967899
			85.3663168443033	-35.2227782967899
			85.4070839488135	-35.2227782967899
			85.4478510533236	-35.2227782967899
			85.4886181578338	-35.2227782967899
			85.529385262344	-35.2227782967899
			85.5701523668542	-35.2227782967899
			85.6109194713643	-35.2227782967899
			85.6516865758745	-35.2227782967899
			85.6924536803847	-35.2227782967899
			85.7332207848949	-35.2227782967899
			85.773987889405	-35.2227782967899
			85.8147549939152	-35.2227782967899
			85.8555220984254	-35.1820111922797
			85.8962892029355	-35.1820111922797
			85.9370563074457	-35.1820111922797
			85.9778234119559	-35.1820111922797
			86.0185905164661	-35.1820111922797
			86.0593576209762	-35.1820111922797
			86.1001247254864	-35.1820111922797
			86.1408918299966	-35.1820111922797
			86.1816589345068	-35.1820111922797
			86.2224260390169	-35.1820111922797
			86.2631931435271	-35.1820111922797
			86.3039602480373	-35.1820111922797
			86.3447273525475	-35.1412440877696
			86.3854944570576	-35.1412440877696
			86.4262615615678	-35.1412440877696
			86.467028666078	-35.1412440877696
			86.5077957705881	-35.1412440877696
			86.5485628750983	-35.1412440877696
			86.5893299796085	-35.1412440877696
			86.6300970841187	-35.1004769832594
			86.6708641886288	-35.1004769832594
			86.711631293139	-35.1004769832594
		</Tail1>
		<End type=matrix rownames=FALSE colnames=FALSE nrow=203 ncol=2 as.numeric=TRUE >
			86.711631293139	-35.1004769832594
			86.7523983976492	-35.1004769832594
			86.7931655021594	-35.1004769832594
			86.8339326066695	-35.1004769832594
			86.8746997111797	-35.1004769832594
			86.9154668156899	-35.1004769832594
			86.9562339202001	-35.1004769832594
			86.9970010247102	-35.1004769832594
			87.0377681292204	-35.1004769832594
			87.0785352337306	-35.1004769832594
			87.1193023382408	-35.1004769832594
			87.1600694427509	-35.1004769832594
			87.2008365472611	-35.1004769832594
			87.2416036517713	-35.1004769832594
			87.2823707562815	-35.1004769832594
			87.3231378607916	-35.1412440877696
			87.3639049653018	-35.1412440877696
			87.404672069812	-35.1412440877696
			87.4454391743221	-35.1412440877696
			87.4862062788323	-35.1412440877696
			87.5269733833425	-35.1412440877696
			87.5677404878527	-35.1412440877696
			87.6085075923628	-35.1412440877696
			87.649274696873	-35.1412440877696
			87.6900418013832	-35.1820111922797
			87.7308089058934	-35.1820111922797
			87.7715760104035	-35.1820111922797
			87.8123431149137	-35.1820111922797
			87.8531102194239	-35.1820111922797
			87.893877323934	-35.1820111922797
			87.9346444284442	-35.2227782967899
			87.9754115329544	-35.2227782967899
			88.0161786374646	-35.2227782967899
			88.0569457419747	-35.2227782967899
			88.0977128464849	-35.2635454013001
			88.1384799509951	-35.2635454013001
			88.1792470555053	-35.2635454013001
			88.2200141600154	-35.2635454013001
			88.2607812645256	-35.3043125058102
			88.3015483690358	-35.3043125058102
			88.342315473546	-35.3450796103204
			88.3830825780561	-35.3450796103204
			88.4238496825663	-35.3450796103204
			88.4646167870765	-35.3858467148306
			88.5053838915866	-35.3858467148306
			88.5461509960968	-35.3858467148306
			88.5461509960968	-35.4266138193408
			88.586918100607	-35.4266138193408
			88.6276852051172	-35.4673809238509
			88.6684523096273	-35.4673809238509
			88.7092194141375	-35.5081480283611
			88.7499865186477	-35.5081480283611
			88.7907536231579	-35.5489151328713
			88.7907536231579	-35.5896822373815
			88.7907536231579	-35.6304493418916
			88.7907536231579	-35.6712164464018
			88.7499865186477	-35.711983550912
			88.7499865186477	-35.7527506554222
			88.7499865186477	-35.7935177599323
			88.7499865186477	-35.8342848644425
			88.7499865186477	-35.8750519689527
			88.7499865186477	-35.9158190734628
			88.7499865186477	-35.956586177973
			88.7499865186477	-35.9973532824832
			88.7092194141375	-36.0381203869934
			88.7092194141375	-36.0788874915035
			88.7092194141375	-36.1196545960137
			88.7092194141375	-36.1604217005239
			88.7092194141375	-36.2011888050341
			88.7092194141375	-36.2419559095442
			88.7092194141375	-36.2827230140544
			88.7092194141375	-36.3234901185646
			88.7092194141375	-36.3642572230748
			88.7092194141375	-36.4050243275849
			88.7092194141375	-36.4457914320951
			88.7092194141375	-36.4865585366053
			88.7092194141375	-36.5273256411154
			88.6684523096273	-36.5680927456256
			88.6684523096273	-36.6088598501358
			88.6684523096273	-36.649626954646
			88.6684523096273	-36.6903940591561
			88.6684523096273	-36.7311611636663
			88.6684523096273	-36.7719282681765
			88.6684523096273	-36.8126953726867
			88.6684523096273	-36.8534624771968
			88.6684523096273	-36.894229581707
			88.6684523096273	-36.9349966862172
			88.6684523096273	-36.9757637907274
			88.6684523096273	-37.0165308952375
			88.6684523096273	-37.0572979997477
			88.6684523096273	-37.0980651042579
			88.6684523096273	-37.1388322087681
			88.6684523096273	-37.1795993132782
			88.6684523096273	-37.2203664177884
			88.6684523096273	-37.2611335222986
			88.6684523096273	-37.3019006268087
			88.6684523096273	-37.3426677313189
			88.6684523096273	-37.3834348358291
			88.6684523096273	-37.4242019403393
			88.6684523096273	-37.4649690448494
			88.6684523096273	-37.5057361493596
			88.6684523096273	-37.5465032538698
			88.6684523096273	-37.58727035838
			88.6684523096273	-37.6280374628901
			88.6684523096273	-37.6688045674003
			88.6684523096273	-37.7095716719105
			88.6684523096273	-37.7503387764207
			88.7092194141375	-37.7503387764207
			88.7092194141375	-37.7911058809308
			88.7092194141375	-37.831872985441
			88.7092194141375	-37.8726400899512
			88.7092194141375	-37.9134071944613
			88.7092194141375	-37.9541742989715
			88.7092194141375	-37.9949414034817
			88.7092194141375	-38.0357085079919
			88.7092194141375	-38.076475612502
			88.7092194141375	-38.1172427170122
			88.7092194141375	-38.1580098215224
			88.7092194141375	-38.1987769260326
			88.7092194141375	-38.2395440305427
			88.7092194141375	-38.2803111350529
			88.7499865186477	-38.3210782395631
			88.7499865186477	-38.3618453440733
			88.7499865186477	-38.4026124485834
			88.7499865186477	-38.4433795530936
			88.7499865186477	-38.4841466576038
			88.7499865186477	-38.5249137621139
			88.7499865186477	-38.5656808666241
			88.7499865186477	-38.6064479711343
			88.7499865186477	-38.6472150756445
			88.7499865186477	-38.6879821801546
			88.7907536231579	-38.7287492846648
			88.7907536231579	-38.769516389175
			88.7907536231579	-38.8102834936852
			88.7907536231579	-38.8510505981953
			88.7907536231579	-38.8918177027055
			88.7907536231579	-38.9325848072157
			88.7907536231579	-38.9733519117259
			88.7907536231579	-39.014119016236
			88.831520727668	-39.0548861207462
			88.831520727668	-39.0956532252564
			88.831520727668	-39.1364203297666
			88.831520727668	-39.1771874342767
			88.831520727668	-39.2179545387869
			88.831520727668	-39.2587216432971
			88.831520727668	-39.2994887478072
			88.8722878321782	-39.3402558523174
			88.8722878321782	-39.3810229568276
			88.8722878321782	-39.4217900613378
			88.8722878321782	-39.4625571658479
			88.8722878321782	-39.5033242703581
			88.8722878321782	-39.5440913748683
			88.9130549366884	-39.5848584793785
			88.9130549366884	-39.6256255838886
			88.9130549366884	-39.6663926883988
			88.8722878321782	-39.707159792909
			88.831520727668	-39.707159792909
			88.7907536231579	-39.7479268974192
			88.7499865186477	-39.7886940019293
			88.7092194141375	-39.7886940019293
			88.6684523096273	-39.8294611064395
			88.6276852051172	-39.8294611064395
			88.586918100607	-39.8294611064395
			88.5461509960968	-39.8702282109497
			88.5053838915866	-39.8702282109497
			88.4646167870765	-39.8702282109497
			88.4238496825663	-39.8702282109497
			88.3830825780561	-39.9109953154599
			88.342315473546	-39.9109953154599
			88.3015483690358	-39.9109953154599
			88.2607812645256	-39.9109953154599
			88.2200141600154	-39.9109953154599
			88.1792470555053	-39.9109953154599
			88.1384799509951	-39.9109953154599
			88.0977128464849	-39.9109953154599
			88.0569457419747	-39.9109953154599
			88.0161786374646	-39.95176241997
			87.9754115329544	-39.95176241997
			87.9346444284442	-39.95176241997
			87.893877323934	-39.95176241997
			87.8531102194239	-39.95176241997
			87.8123431149137	-39.95176241997
			87.7715760104035	-39.95176241997
			87.7308089058934	-39.95176241997
			87.6900418013832	-39.95176241997
			87.649274696873	-39.95176241997
			87.6085075923628	-39.95176241997
			87.5677404878527	-39.9109953154599
			87.5269733833425	-39.9109953154599
			87.4862062788323	-39.9109953154599
			87.4454391743221	-39.9109953154599
			87.404672069812	-39.9109953154599
			87.3639049653018	-39.9109953154599
			87.3231378607916	-39.9109953154599
			87.2823707562815	-39.9109953154599
			87.2416036517713	-39.9109953154599
			87.2008365472611	-39.9109953154599
			87.1600694427509	-39.9109953154599
			87.1193023382408	-39.9109953154599
			87.0785352337306	-39.8702282109497
			87.0377681292204	-39.8702282109497
			86.9970010247102	-39.8702282109497
			86.9562339202001	-39.8702282109497
		</End>
		<Tail2 type=matrix rownames=FALSE colnames=FALSE nrow=94 ncol=2 as.numeric=TRUE >
			86.9562339202001	-39.8702282109497
			86.9154668156899	-39.8702282109497
			86.8746997111797	-39.8702282109497
			86.8339326066695	-39.8702282109497
			86.7931655021594	-39.9109953154599
			86.7523983976492	-39.9109953154599
			86.711631293139	-39.9109953154599
			86.6708641886288	-39.9109953154599
			86.6300970841187	-39.9109953154599
			86.5893299796085	-39.9109953154599
			86.5485628750983	-39.9109953154599
			86.5077957705881	-39.9109953154599
			86.467028666078	-39.95176241997
			86.4262615615678	-39.95176241997
			86.3854944570576	-39.95176241997
			86.3447273525475	-39.95176241997
			86.3039602480373	-39.95176241997
			86.2631931435271	-39.95176241997
			86.2224260390169	-39.95176241997
			86.1816589345068	-39.9925295244802
			86.1408918299966	-39.9925295244802
			86.1001247254864	-39.9925295244802
			86.0593576209762	-39.9925295244802
			86.0185905164661	-39.9925295244802
			85.9778234119559	-39.9925295244802
			85.9370563074457	-39.9925295244802
			85.8962892029355	-40.0332966289904
			85.8555220984254	-40.0332966289904
			85.8147549939152	-40.0332966289904
			85.773987889405	-40.0332966289904
			85.7332207848949	-40.0332966289904
			85.6924536803847	-40.0332966289904
			85.6516865758745	-40.0332966289904
			85.6109194713643	-40.0740637335005
			85.5701523668542	-40.0740637335005
			85.529385262344	-40.0740637335005
			85.4886181578338	-40.0740637335005
			85.4478510533236	-40.0740637335005
			85.4070839488135	-40.0740637335005
			85.3663168443033	-40.1148308380107
			85.3255497397931	-40.1148308380107
			85.284782635283	-40.1148308380107
			85.2440155307728	-40.1148308380107
			85.2032484262626	-40.1148308380107
			85.1624813217524	-40.1148308380107
			85.1217142172423	-40.1555979425209
			85.0809471127321	-40.1555979425209
			85.0401800082219	-40.1555979425209
			84.9994129037117	-40.1555979425209
			84.9586457992016	-40.1555979425209
			84.9178786946914	-40.1555979425209
			84.8771115901812	-40.1963650470311
			84.836344485671	-40.1963650470311
			84.7955773811609	-40.1963650470311
			84.7548102766507	-40.1963650470311
			84.7140431721405	-40.2371321515412
			84.6732760676303	-40.2371321515412
			84.6325089631202	-40.2371321515412
			84.59174185861	-40.2371321515412
			84.5509747540998	-40.2371321515412
			84.5102076495896	-40.2778992560514
			84.4694405450795	-40.2778992560514
			84.4286734405693	-40.2778992560514
			84.3879063360591	-40.2778992560514
			84.347139231549	-40.3186663605616
			84.3063721270388	-40.3186663605616
			84.2656050225286	-40.3186663605616
			84.2248379180184	-40.3594334650718
			84.1840708135083	-40.3594334650718
			84.1433037089981	-40.3594334650718
			84.1025366044879	-40.3594334650718
			84.0617694999777	-40.4002005695819
			84.0210023954676	-40.4002005695819
			83.9802352909574	-40.4002005695819
			83.9394681864472	-40.4409676740921
			83.898701081937	-40.4409676740921
			83.8579339774269	-40.4409676740921
			83.8171668729167	-40.4409676740921
			83.7763997684065	-40.4817347786023
			83.7356326638964	-40.4817347786023
			83.6948655593862	-40.4817347786023
			83.654098454876	-40.5225018831125
			83.6133313503658	-40.5225018831125
			83.5725642458557	-40.5225018831125
			83.5317971413455	-40.5632689876226
			83.4910300368353	-40.5632689876226
			83.4502629323251	-40.5632689876226
			83.409495827815	-40.6040360921328
			83.3687287233048	-40.6040360921328
			83.3279616187946	-40.644803196643
			83.2871945142845	-40.644803196643
			83.2464274097743	-40.644803196643
			83.2056603052641	-40.6855703011531
			83.1648932007539	-40.6855703011531
		</Tail2>
		<AnalFin type=matrix rownames=FALSE colnames=FALSE nrow=72 ncol=2 as.numeric=TRUE >
			83.1648932007539	-40.6855703011531
			83.1241260962438	-40.6855703011531
			83.0833589917336	-40.6855703011531
			83.0425918872234	-40.6855703011531
			83.0018247827132	-40.7263374056633
			82.9610576782031	-40.7263374056633
			82.9202905736929	-40.7263374056633
			82.8795234691827	-40.7263374056633
			82.8387563646725	-40.7263374056633
			82.7979892601624	-40.7263374056633
			82.7572221556522	-40.7671045101735
			82.716455051142	-40.7671045101735
			82.6756879466318	-40.7671045101735
			82.6349208421217	-40.7671045101735
			82.5941537376115	-40.8078716146837
			82.5533866331013	-40.8078716146837
			82.5126195285911	-40.8078716146837
			82.471852424081	-40.8486387191938
			82.4310853195708	-40.8486387191938
			82.3903182150606	-40.8486387191938
			82.3495511105505	-40.889405823704
			82.3087840060403	-40.889405823704
			82.2680169015301	-40.889405823704
			82.2272497970199	-40.9301729282142
			82.1864826925098	-40.9301729282142
			82.1457155879996	-40.9709400327244
			82.1049484834894	-40.9709400327244
			82.0641813789792	-41.0117071372345
			82.0234142744691	-41.0117071372345
			81.9826471699589	-41.0524742417447
			81.9418800654487	-41.0524742417447
			81.9011129609385	-41.0932413462549
			81.8603458564284	-41.1340084507651
			81.8195787519182	-41.1340084507651
			81.8195787519182	-41.1747755552752
			81.778811647408	-41.1747755552752
			81.7380445428979	-41.2155426597854
			81.6972774383877	-41.2563097642956
			81.6565103338775	-41.2563097642956
			81.6157432293673	-41.2970768688057
			81.5749761248572	-41.3378439733159
			81.534209020347	-41.3378439733159
			81.4934419158368	-41.3786110778261
			81.4526748113266	-41.4193781823363
			81.4119077068165	-41.4601452868464
			81.3711406023063	-41.4601452868464
			81.3303734977961	-41.5009123913566
			81.289606393286	-41.5416794958668
			81.2488392887758	-41.582446600377
			81.2080721842656	-41.582446600377
			81.1673050797554	-41.6232137048871
			81.1265379752453	-41.6639808093973
			81.1265379752453	-41.7047479139075
			81.0857708707351	-41.7455150184177
			81.0450037662249	-41.7862821229278
			81.0042366617147	-41.827049227438
			80.9634695572046	-41.827049227438
			80.9227024526944	-41.8678163319482
			80.8819353481842	-41.9085834364584
			80.841168243674	-41.9493505409685
			80.8004011391639	-41.9901176454787
			80.7596340346537	-42.0308847499889
			80.7188669301435	-42.071651854499
			80.6780998256333	-42.1124189590092
			80.6373327211232	-42.1531860635194
			80.596565616613	-42.1939531680296
			80.5557985121028	-42.2347202725397
			80.5150314075926	-42.2754873770499
			80.4742643030825	-42.3162544815601
			80.4742643030825	-42.3570215860703
			80.4334971985723	-42.3977886905804
			80.3927300940621	-42.4385557950906
		</AnalFin>
		<Pectfin type=matrix rownames=FALSE colnames=FALSE nrow=52 ncol=2 as.numeric=TRUE >
			71.5870355198647	-40.644803196643
			71.6278026243748	-40.6855703011531
			71.6278026243748	-40.7263374056633
			71.668569728885	-40.7671045101735
			71.7093368333952	-40.8078716146837
			71.7093368333952	-40.8486387191938
			71.7501039379054	-40.889405823704
			71.7501039379054	-40.9301729282142
			71.7908710424155	-40.9709400327244
			71.7908710424155	-41.0117071372345
			71.8316381469257	-41.0524742417447
			71.8316381469257	-41.0932413462549
			71.8316381469257	-41.1340084507651
			71.8724052514359	-41.1747755552752
			71.8724052514359	-41.2155426597854
			71.8724052514359	-41.2563097642956
			71.8724052514359	-41.2970768688057
			71.913172355946	-41.3378439733159
			71.913172355946	-41.3786110778261
			71.913172355946	-41.4193781823363
			71.913172355946	-41.4601452868464
			71.9539394604562	-41.5009123913566
			71.9539394604562	-41.5416794958668
			71.9539394604562	-41.582446600377
			71.9539394604562	-41.6232137048871
			71.9539394604562	-41.6639808093973
			71.9539394604562	-41.7047479139075
			71.9539394604562	-41.7455150184177
			71.9539394604562	-41.7862821229278
			71.9539394604562	-41.827049227438
			71.9539394604562	-41.8678163319482
			71.9539394604562	-41.9085834364584
			71.9539394604562	-41.9493505409685
			71.9539394604562	-41.9901176454787
			71.9539394604562	-42.0308847499889
			71.9539394604562	-42.071651854499
			71.9539394604562	-42.1124189590092
			71.9539394604562	-42.1531860635194
			71.9539394604562	-42.1939531680296
			71.9539394604562	-42.2347202725397
			71.9539394604562	-42.2754873770499
			71.913172355946	-42.3162544815601
			71.913172355946	-42.3570215860703
			71.913172355946	-42.3977886905804
			71.913172355946	-42.4385557950906
			71.913172355946	-42.4793228996008
			71.8724052514359	-42.520090004111
			71.8724052514359	-42.5608571086211
			71.8724052514359	-42.6016242131313
			71.8724052514359	-42.6423913176415
			71.8316381469257	-42.6831584221516
			71.8316381469257	-42.7239255266618
		</Pectfin>
		<Opercle type=matrix rownames=FALSE colnames=FALSE nrow=147 ncol=2 as.numeric=TRUE >
			70.3232552800493	-39.4217900613378
			70.3640223845594	-39.4217900613378
			70.4047894890696	-39.4625571658479
			70.4455565935798	-39.4625571658479
			70.48632369809	-39.5033242703581
			70.5270908026001	-39.5033242703581
			70.5270908026001	-39.5440913748683
			70.5678579071103	-39.5440913748683
			70.6086250116205	-39.5848584793785
			70.6493921161307	-39.5848584793785
			70.6493921161307	-39.6256255838886
			70.6901592206408	-39.6256255838886
			70.730926325151	-39.6663926883988
			70.7716934296612	-39.707159792909
			70.8124605341714	-39.7479268974192
			70.8124605341714	-39.7886940019293
			70.8124605341714	-39.8294611064395
			70.8532276386815	-39.8702282109497
			70.8532276386815	-39.9109953154599
			70.8532276386815	-39.95176241997
			70.8939947431917	-39.9925295244802
			70.8939947431917	-40.0332966289904
			70.8939947431917	-40.0740637335005
			70.8939947431917	-40.1148308380107
			70.8939947431917	-40.1555979425209
			70.8939947431917	-40.1963650470311
			70.8939947431917	-40.2371321515412
			70.8532276386815	-40.2778992560514
			70.8532276386815	-40.3186663605616
			70.8532276386815	-40.3594334650718
			70.8532276386815	-40.4002005695819
			70.8532276386815	-40.4409676740921
			70.8124605341714	-40.4409676740921
			70.8124605341714	-40.4817347786023
			70.8124605341714	-40.5225018831125
			70.7716934296612	-40.5632689876226
			70.7716934296612	-40.6040360921328
			70.730926325151	-40.644803196643
			70.730926325151	-40.6855703011531
			70.6901592206408	-40.7263374056633
			70.6901592206408	-40.7671045101735
			70.6493921161307	-40.8078716146837
			70.6493921161307	-40.8486387191938
			70.6086250116205	-40.889405823704
			70.6086250116205	-40.9301729282142
			70.5678579071103	-40.9301729282142
			70.5678579071103	-40.9709400327244
			70.5270908026001	-41.0117071372345
			70.48632369809	-41.0524742417447
			70.48632369809	-41.0932413462549
			70.4455565935798	-41.1340084507651
			70.4455565935798	-41.1747755552752
			70.4047894890696	-41.1747755552752
			70.3640223845594	-41.2155426597854
			70.3640223845594	-41.2563097642956
			70.3232552800493	-41.2970768688057
			70.3232552800493	-41.3378439733159
			70.2824881755391	-41.3786110778261
			70.2417210710289	-41.4193781823363
			70.2009539665188	-41.4601452868464
			70.1601868620086	-41.5009123913566
			70.1194197574984	-41.5416794958668
			70.0786526529882	-41.582446600377
			70.0786526529882	-41.6232137048871
			70.0378855484781	-41.6639808093973
			69.9971184439679	-41.7047479139075
			69.9563513394577	-41.7455150184177
			69.9155842349475	-41.7862821229278
			69.9155842349475	-41.827049227438
			69.8748171304374	-41.8678163319482
			69.8340500259272	-41.8678163319482
			69.8340500259272	-41.9085834364584
			69.793282921417	-41.9493505409685
			69.7525158169069	-41.9901176454787
			69.7117487123967	-42.0308847499889
			69.6709816078865	-42.071651854499
			69.6302145033763	-42.1124189590092
			69.5894473988662	-42.1531860635194
			69.548680294356	-42.1939531680296
			69.5079131898458	-42.1939531680296
			69.5079131898458	-42.2347202725397
			69.4671460853356	-42.2347202725397
			69.4263789808255	-42.2347202725397
			69.3856118763153	-42.2754873770499
			69.3448447718051	-42.2754873770499
			69.3040776672949	-42.2754873770499
			69.2633105627848	-42.3162544815601
			69.2225434582746	-42.3162544815601
			69.1817763537644	-42.3570215860703
			69.1410092492542	-42.3570215860703
			69.1002421447441	-42.3570215860703
			69.0594750402339	-42.3570215860703
			69.0187079357237	-42.3977886905804
			68.9779408312135	-42.3977886905804
			68.9371737267034	-42.3977886905804
			68.8964066221932	-42.3977886905804
			68.855639517683	-42.4385557950906
			68.8148724131728	-42.4385557950906
			68.7741053086627	-42.4385557950906
			68.7333382041525	-42.4385557950906
			68.6925710996423	-42.4385557950906
			68.6518039951322	-42.4793228996008
			68.611036890622	-42.4793228996008
			68.5702697861118	-42.4793228996008
			68.5295026816016	-42.4793228996008
			68.4887355770915	-42.4793228996008
			68.4479684725813	-42.4793228996008
			68.4072013680711	-42.4793228996008
			68.3664342635609	-42.4793228996008
			68.3256671590508	-42.520090004111
			68.2849000545406	-42.520090004111
			68.2441329500304	-42.520090004111
			68.2033658455203	-42.520090004111
			68.1625987410101	-42.520090004111
			68.1218316364999	-42.520090004111
			68.0810645319897	-42.520090004111
			68.0402974274796	-42.520090004111
			67.9995303229694	-42.520090004111
			67.9587632184592	-42.520090004111
			67.917996113949	-42.520090004111
			67.8772290094389	-42.520090004111
			67.8364619049287	-42.4793228996008
			67.7956948004185	-42.4793228996008
			67.7549276959083	-42.4793228996008
			67.7141605913982	-42.4385557950906
			67.673393486888	-42.4385557950906
			67.6326263823778	-42.4385557950906
			67.5918592778677	-42.3977886905804
			67.5510921733575	-42.3977886905804
			67.5103250688473	-42.3977886905804
			67.4695579643371	-42.3570215860703
			67.428790859827	-42.3570215860703
			67.3880237553168	-42.3162544815601
			67.3472566508066	-42.3162544815601
			67.3064895462964	-42.3162544815601
			67.2657224417863	-42.2754873770499
			67.2249553372761	-42.2754873770499
			67.1841882327659	-42.2754873770499
			67.1434211282557	-42.2347202725397
			67.1026540237456	-42.1939531680296
			67.0618869192354	-42.1939531680296
			67.0211198147252	-42.1531860635194
			66.980352710215	-42.1531860635194
			66.9395856057049	-42.1124189590092
			66.8988185011947	-42.1124189590092
			66.8580513966845	-42.071651854499
			66.8172842921743	-42.071651854499
		</Opercle>
		<Preopercle type=matrix rownames=FALSE colnames=FALSE nrow=97 ncol=2 as.numeric=TRUE >
			67.8772290094389	-38.4433795530936
			67.8772290094389	-38.4841466576038
			67.8772290094389	-38.5249137621139
			67.8772290094389	-38.5656808666241
			67.8772290094389	-38.6064479711343
			67.8772290094389	-38.6472150756445
			67.8364619049287	-38.6472150756445
			67.8364619049287	-38.6879821801546
			67.8364619049287	-38.7287492846648
			67.8364619049287	-38.769516389175
			67.8364619049287	-38.8102834936852
			67.8364619049287	-38.8510505981953
			67.8364619049287	-38.8918177027055
			67.8364619049287	-38.9325848072157
			67.8364619049287	-38.9733519117259
			67.7956948004185	-38.9733519117259
			67.7956948004185	-39.014119016236
			67.7956948004185	-39.0548861207462
			67.7956948004185	-39.0956532252564
			67.7956948004185	-39.1364203297666
			67.7956948004185	-39.1771874342767
			67.7956948004185	-39.2179545387869
			67.7956948004185	-39.2587216432971
			67.7549276959083	-39.2994887478072
			67.7549276959083	-39.3402558523174
			67.7549276959083	-39.3810229568276
			67.7549276959083	-39.4217900613378
			67.7549276959083	-39.4625571658479
			67.7141605913982	-39.5033242703581
			67.7141605913982	-39.5440913748683
			67.7141605913982	-39.5848584793785
			67.7141605913982	-39.6256255838886
			67.7141605913982	-39.6663926883988
			67.673393486888	-39.707159792909
			67.673393486888	-39.7479268974192
			67.673393486888	-39.7886940019293
			67.673393486888	-39.8294611064395
			67.6326263823778	-39.8702282109497
			67.6326263823778	-39.9109953154599
			67.6326263823778	-39.95176241997
			67.6326263823778	-39.9925295244802
			67.5918592778677	-40.0332966289904
			67.5918592778677	-40.0740637335005
			67.5918592778677	-40.1148308380107
			67.5510921733575	-40.1555979425209
			67.5510921733575	-40.1963650470311
			67.5510921733575	-40.2371321515412
			67.5510921733575	-40.2778992560514
			67.5510921733575	-40.3186663605616
			67.5510921733575	-40.3594334650718
			67.5103250688473	-40.4002005695819
			67.5103250688473	-40.4409676740921
			67.5103250688473	-40.4817347786023
			67.5103250688473	-40.5225018831125
			67.5103250688473	-40.5632689876226
			67.5103250688473	-40.6040360921328
			67.4695579643371	-40.644803196643
			67.4695579643371	-40.6855703011531
			67.4695579643371	-40.7263374056633
			67.4695579643371	-40.7671045101735
			67.4695579643371	-40.8078716146837
			67.4695579643371	-40.8486387191938
			67.428790859827	-40.889405823704
			67.428790859827	-40.9301729282142
			67.428790859827	-40.9709400327244
			67.428790859827	-41.0117071372345
			67.428790859827	-41.0524742417447
			67.3880237553168	-41.0524742417447
			67.3880237553168	-41.0932413462549
			67.3880237553168	-41.1340084507651
			67.3880237553168	-41.1747755552752
			67.3880237553168	-41.2155426597854
			67.3472566508066	-41.2155426597854
			67.3472566508066	-41.2563097642956
			67.3472566508066	-41.2970768688057
			67.3472566508066	-41.3378439733159
			67.3064895462964	-41.3378439733159
			67.3064895462964	-41.3786110778261
			67.3064895462964	-41.4193781823363
			67.3064895462964	-41.4601452868464
			67.2657224417863	-41.5009123913566
			67.2657224417863	-41.5416794958668
			67.2249553372761	-41.582446600377
			67.2249553372761	-41.6232137048871
			67.2249553372761	-41.6639808093973
			67.1841882327659	-41.7047479139075
			67.1434211282557	-41.7455150184177
			67.1434211282557	-41.7862821229278
			67.1026540237456	-41.827049227438
			67.0618869192354	-41.8678163319482
			67.0211198147252	-41.9085834364584
			67.0211198147252	-41.9493505409685
			66.980352710215	-41.9901176454787
			66.9395856057049	-41.9901176454787
			66.8988185011947	-42.0308847499889
			66.8580513966845	-42.071651854499
			66.8172842921743	-42.071651854499
		</Preopercle>
	</curves.scaled>
	<ruler.points type=matrix rownames=TRUE colnames=FALSE nrow=2 ncol=2 as.numeric=TRUE >
		Ruler point 1	1523	794
		Ruler point 2	1531	1417
	</ruler.points>
</shapes>

