<shapes type=list>
	<ruler.pixel type=vector names=FALSE length=1 as.numeric=TRUE >615.003252023922</ruler.pixel>
	<ruler.interval type=vector names=FALSE length=1 as.numeric=TRUE >25.4</ruler.interval>
	<scaling.units type=vector names=FALSE length=1 as.numeric=FALSE >mm</scaling.units>
	<scaling type=vector names=FALSE length=1 as.numeric=TRUE >0.0413005946170379</scaling>
	<landmarks.pixel type=matrix rownames=TRUE colnames=FALSE nrow=12 ncol=2 as.numeric=TRUE >
		LM1	1455	1015
		LM2	1789	884
		LM3	2070	953
		LM4	2077	1072
		LM5	1980	1084
		LM6	1904	1132
		LM7	1658	1071
		LM8	1670	1129
		LM9	1643	1004
		LM10	1532	1105
		LM11	1562	1028
		LM12	1534	963
	</landmarks.pixel>
	<landmarks.scaled type=matrix rownames=TRUE colnames=FALSE nrow=12 ncol=2 as.numeric=TRUE >
		LM1	60.0923651677901	-41.9201035362935
		LM2	73.8867637698808	-36.5097256414615
		LM3	85.4922308572684	-39.3594666700371
		LM4	85.7813350195877	-44.2742374294646
		LM5	81.775177341735	-44.7698445648691
		LM6	78.6363321508401	-46.7522731064869
		LM7	68.4763858750488	-44.2329368348476
		LM8	68.9719930104533	-46.6283713226358
		LM9	67.8568769557933	-41.465796995506
		LM10	63.272510953302	-45.6371570518269
		LM11	64.5115287918132	-42.457011266315
		LM12	63.3551121425361	-39.7724726162075
	</landmarks.scaled>
	<curves.control type=list>
		<Eye type=matrix rownames=FALSE colnames=FALSE nrow=9 ncol=2 as.numeric=TRUE >
			1534	963
			1578	978
			1552	1017
			1532	1050
			1499	1034
			1481	1016
			1486	996
			1496	969
			1534	963
		</Eye>
		<Head type=matrix rownames=FALSE colnames=FALSE nrow=11 ncol=2 as.numeric=TRUE >
			1455	1015
			1467	1007
			1477	995
			1504	967
			1544	956
			1592	941
			1631	921
			1672	906
			1714	894
			1748	883
			1789	884
		</Head>
		<Tail1 type=matrix rownames=FALSE colnames=FALSE nrow=7 ncol=2 as.numeric=TRUE >
			1789	884
			1832	902
			1874	915
			1919	928
			1974	940
			2017	950
			2070	953
		</Tail1>
		<End type=matrix rownames=FALSE colnames=FALSE nrow=7 ncol=2 as.numeric=TRUE >
			2070	953
			2090	947
			2115	955
			2120	1005
			2120	1046
			2129	1076
			2077	1072
		</End>
		<Tail2 type=matrix rownames=FALSE colnames=FALSE nrow=5 ncol=2 as.numeric=TRUE >
			2077	1072
			2046	1073
			2021	1072
			2003	1077
			1980	1084
		</Tail2>
		<AnalFin type=matrix rownames=FALSE colnames=FALSE nrow=5 ncol=2 as.numeric=TRUE >
			1980	1084
			1950	1096
			1931	1109
			1917	1118
			1904	1132
		</AnalFin>
		<Pectfin type=matrix rownames=FALSE colnames=FALSE nrow=3 ncol=2 as.numeric=TRUE >
			1658	1071
			1676	1092
			1670	1129
		</Pectfin>
		<Opercle type=matrix rownames=FALSE colnames=FALSE nrow=9 ncol=2 as.numeric=TRUE >
			1643	1004
			1651	1024
			1644	1054
			1631	1085
			1611	1102
			1586	1125
			1555	1121
			1534	1116
			1532	1105
		</Opercle>
		<Preopercle type=matrix rownames=FALSE colnames=FALSE nrow=5 ncol=2 as.numeric=TRUE >
			1562	1028
			1556	1049
			1561	1087
			1556	1103
			1532	1105
		</Preopercle>
	</curves.control>
	<curves.pixel type=list>
		<Eye type=matrix rownames=FALSE colnames=FALSE nrow=223 ncol=2 as.numeric=TRUE >
			1534	963
			1535	964
			1536	964
			1537	964
			1538	964
			1539	965
			1540	965
			1541	966
			1542	966
			1543	967
			1544	967
			1545	968
			1546	968
			1547	969
			1548	969
			1549	970
			1550	971
			1551	971
			1551	972
			1552	972
			1553	973
			1554	974
			1555	975
			1556	976
			1557	977
			1557	978
			1558	979
			1559	980
			1559	981
			1560	982
			1560	983
			1561	984
			1561	985
			1561	986
			1561	987
			1561	988
			1562	989
			1562	990
			1562	991
			1562	992
			1562	993
			1562	994
			1561	994
			1561	995
			1561	996
			1561	997
			1561	998
			1561	999
			1560	1000
			1560	1001
			1560	1002
			1559	1003
			1559	1004
			1559	1005
			1558	1006
			1558	1007
			1557	1008
			1557	1009
			1556	1010
			1556	1011
			1555	1012
			1555	1013
			1554	1013
			1554	1014
			1553	1015
			1553	1016
			1552	1017
			1552	1018
			1551	1018
			1551	1019
			1550	1020
			1550	1021
			1549	1021
			1549	1022
			1548	1023
			1547	1024
			1546	1025
			1545	1026
			1544	1027
			1543	1028
			1542	1029
			1541	1030
			1540	1031
			1539	1032
			1538	1033
			1537	1034
			1536	1034
			1535	1035
			1534	1036
			1533	1036
			1532	1036
			1531	1037
			1530	1037
			1529	1038
			1528	1038
			1527	1038
			1526	1038
			1525	1039
			1524	1039
			1523	1039
			1522	1039
			1521	1039
			1520	1039
			1519	1039
			1518	1039
			1517	1039
			1516	1039
			1515	1039
			1514	1039
			1513	1039
			1512	1038
			1511	1038
			1510	1038
			1509	1038
			1508	1037
			1507	1037
			1506	1037
			1505	1037
			1505	1036
			1504	1036
			1503	1036
			1502	1035
			1501	1035
			1500	1034
			1499	1034
			1498	1033
			1497	1032
			1497	1031
			1496	1031
			1495	1030
			1494	1029
			1494	1028
			1493	1027
			1492	1026
			1492	1025
			1491	1024
			1490	1023
			1490	1022
			1489	1022
			1489	1021
			1488	1020
			1488	1019
			1488	1018
			1487	1017
			1487	1016
			1487	1015
			1486	1014
			1486	1013
			1486	1012
			1486	1011
			1485	1010
			1485	1009
			1485	1008
			1485	1007
			1485	1006
			1485	1005
			1485	1004
			1485	1003
			1485	1002
			1485	1001
			1485	1000
			1485	999
			1486	998
			1486	997
			1486	996
			1486	995
			1487	994
			1487	993
			1487	992
			1488	992
			1488	991
			1489	990
			1489	989
			1490	988
			1491	987
			1491	986
			1492	985
			1493	984
			1493	983
			1494	983
			1494	982
			1495	981
			1496	980
			1497	980
			1497	979
			1498	978
			1499	977
			1500	977
			1500	976
			1501	976
			1502	975
			1503	974
			1504	974
			1505	973
			1506	973
			1507	972
			1508	971
			1509	970
			1510	970
			1511	970
			1512	969
			1513	969
			1514	968
			1515	968
			1516	968
			1517	967
			1518	967
			1519	967
			1520	966
			1521	966
			1522	966
			1523	965
			1524	965
			1525	965
			1526	964
			1527	964
			1528	964
			1529	964
			1530	964
			1531	964
			1532	963
			1533	963
			1534	963
		</Eye>
		<Head type=matrix rownames=FALSE colnames=FALSE nrow=343 ncol=2 as.numeric=TRUE >
			1455	1015
			1456	1015
			1456	1014
			1457	1014
			1458	1013
			1459	1012
			1460	1011
			1461	1010
			1462	1010
			1463	1009
			1464	1008
			1465	1007
			1466	1006
			1467	1006
			1468	1005
			1469	1004
			1469	1003
			1470	1002
			1471	1002
			1472	1001
			1473	1000
			1474	999
			1474	998
			1475	997
			1476	996
			1477	995
			1478	994
			1479	993
			1480	992
			1481	991
			1482	990
			1483	989
			1484	988
			1485	987
			1486	986
			1487	985
			1488	985
			1489	984
			1490	983
			1491	982
			1492	981
			1493	980
			1494	980
			1495	979
			1496	979
			1496	978
			1497	978
			1498	977
			1499	976
			1500	976
			1501	975
			1502	975
			1503	974
			1504	973
			1505	972
			1506	972
			1507	971
			1508	971
			1509	970
			1510	970
			1511	969
			1512	969
			1513	968
			1514	967
			1515	967
			1516	966
			1517	966
			1518	965
			1519	965
			1520	964
			1521	964
			1522	964
			1523	963
			1524	963
			1525	962
			1526	962
			1527	962
			1528	961
			1529	961
			1530	960
			1531	960
			1532	960
			1533	959
			1534	959
			1535	959
			1536	958
			1537	958
			1538	958
			1539	957
			1540	957
			1541	957
			1542	957
			1543	956
			1544	956
			1545	956
			1546	955
			1547	955
			1548	955
			1549	954
			1550	954
			1551	954
			1552	954
			1553	953
			1554	953
			1555	952
			1556	952
			1557	952
			1558	951
			1559	951
			1560	951
			1561	950
			1562	950
			1563	950
			1564	949
			1565	949
			1566	949
			1567	948
			1568	948
			1569	948
			1570	947
			1571	947
			1572	947
			1572	946
			1573	946
			1574	946
			1575	946
			1575	945
			1576	945
			1577	945
			1578	944
			1579	944
			1580	944
			1581	943
			1582	943
			1583	942
			1584	942
			1585	942
			1586	941
			1587	941
			1588	940
			1589	940
			1590	940
			1591	939
			1592	939
			1593	938
			1594	938
			1595	938
			1596	937
			1597	937
			1598	936
			1599	936
			1600	936
			1601	935
			1602	935
			1603	934
			1604	934
			1605	933
			1606	933
			1607	933
			1608	932
			1609	932
			1610	931
			1611	930
			1612	930
			1613	930
			1614	929
			1615	929
			1616	928
			1617	928
			1618	928
			1619	927
			1620	926
			1621	926
			1622	925
			1623	925
			1624	925
			1625	924
			1626	924
			1627	923
			1628	923
			1629	922
			1630	922
			1630	921
			1631	921
			1632	920
			1633	920
			1634	920
			1635	919
			1636	919
			1637	919
			1638	918
			1639	918
			1640	918
			1641	917
			1642	917
			1643	917
			1644	916
			1645	916
			1646	916
			1647	915
			1648	915
			1649	915
			1650	914
			1651	914
			1652	914
			1653	913
			1654	913
			1655	913
			1656	912
			1657	912
			1658	912
			1659	911
			1660	911
			1661	911
			1662	910
			1663	910
			1664	910
			1664	909
			1665	909
			1666	909
			1667	908
			1668	908
			1669	908
			1670	907
			1671	907
			1672	907
			1673	906
			1674	906
			1675	906
			1676	905
			1677	905
			1678	905
			1679	905
			1680	904
			1681	904
			1682	904
			1683	903
			1684	903
			1685	903
			1686	902
			1687	902
			1688	902
			1689	901
			1690	901
			1691	901
			1692	901
			1693	900
			1694	900
			1695	900
			1696	899
			1697	899
			1698	899
			1699	898
			1700	898
			1701	898
			1702	898
			1703	897
			1704	897
			1705	897
			1706	896
			1707	896
			1708	896
			1709	896
			1710	895
			1711	895
			1712	895
			1713	894
			1714	894
			1715	894
			1716	893
			1717	893
			1718	893
			1719	892
			1720	892
			1721	892
			1722	892
			1723	891
			1724	891
			1725	891
			1726	891
			1727	890
			1728	890
			1729	890
			1730	890
			1731	889
			1732	889
			1733	889
			1734	889
			1735	888
			1736	888
			1737	888
			1738	888
			1739	888
			1740	887
			1741	887
			1742	887
			1743	887
			1744	887
			1745	887
			1746	886
			1747	886
			1748	886
			1749	886
			1750	886
			1751	886
			1752	886
			1753	886
			1754	885
			1755	885
			1756	885
			1757	885
			1758	885
			1759	885
			1760	885
			1761	885
			1762	885
			1763	885
			1764	885
			1765	884
			1766	884
			1767	884
			1768	884
			1769	884
			1770	884
			1771	884
			1772	884
			1773	884
			1774	884
			1775	884
			1776	884
			1777	884
			1778	884
			1779	884
			1780	884
			1781	884
			1782	884
			1783	884
			1784	884
			1785	884
			1786	884
			1787	884
			1788	884
			1789	884
		</Head>
		<Tail1 type=matrix rownames=FALSE colnames=FALSE nrow=287 ncol=2 as.numeric=TRUE >
			1789	884
			1790	884
			1791	885
			1792	885
			1793	885
			1793	886
			1794	886
			1795	887
			1796	887
			1797	887
			1798	888
			1799	888
			1800	888
			1801	889
			1802	889
			1803	890
			1804	890
			1805	891
			1806	891
			1807	891
			1808	892
			1809	892
			1810	893
			1811	893
			1812	893
			1813	894
			1814	894
			1815	894
			1816	895
			1817	895
			1818	895
			1819	896
			1820	896
			1820	897
			1821	897
			1822	897
			1823	898
			1824	898
			1825	898
			1826	899
			1827	899
			1828	899
			1829	900
			1830	900
			1831	901
			1832	901
			1833	901
			1834	901
			1834	902
			1835	902
			1836	902
			1837	903
			1838	903
			1839	903
			1840	904
			1841	904
			1842	905
			1843	905
			1844	905
			1845	905
			1846	906
			1847	906
			1848	906
			1849	907
			1850	907
			1851	907
			1852	908
			1853	908
			1854	908
			1854	909
			1855	909
			1856	909
			1857	910
			1858	910
			1859	910
			1860	911
			1861	911
			1862	911
			1863	911
			1864	912
			1865	912
			1866	912
			1867	913
			1868	913
			1869	914
			1870	914
			1871	914
			1872	914
			1873	915
			1874	915
			1875	915
			1876	916
			1877	916
			1878	916
			1879	916
			1879	917
			1880	917
			1881	917
			1882	917
			1883	918
			1884	918
			1885	918
			1886	918
			1887	919
			1888	919
			1889	919
			1890	920
			1891	920
			1892	920
			1893	920
			1894	921
			1895	921
			1896	921
			1897	921
			1898	922
			1899	922
			1900	922
			1901	922
			1902	923
			1903	923
			1904	923
			1905	923
			1906	924
			1907	924
			1908	924
			1909	924
			1910	925
			1911	925
			1912	925
			1913	925
			1914	926
			1915	926
			1916	926
			1917	927
			1918	927
			1919	927
			1920	927
			1921	928
			1922	928
			1923	928
			1924	928
			1925	929
			1926	929
			1927	929
			1928	929
			1929	930
			1930	930
			1931	930
			1932	930
			1933	931
			1934	931
			1935	931
			1936	931
			1937	932
			1938	932
			1939	932
			1940	932
			1941	933
			1942	933
			1943	933
			1944	933
			1945	933
			1946	934
			1947	934
			1948	934
			1949	934
			1950	935
			1951	935
			1952	935
			1953	935
			1954	936
			1955	936
			1956	936
			1957	936
			1958	936
			1959	937
			1960	937
			1961	937
			1962	937
			1963	938
			1964	938
			1965	938
			1966	938
			1967	939
			1968	939
			1969	939
			1970	939
			1971	939
			1972	940
			1973	940
			1974	940
			1975	940
			1976	940
			1977	941
			1978	941
			1979	941
			1980	941
			1981	942
			1982	942
			1983	942
			1984	942
			1985	942
			1986	943
			1987	943
			1988	943
			1989	943
			1990	943
			1991	944
			1992	944
			1993	944
			1994	944
			1995	944
			1996	945
			1997	945
			1998	945
			1999	945
			2000	945
			2001	945
			2002	946
			2003	946
			2004	946
			2005	946
			2006	946
			2007	946
			2008	947
			2009	947
			2010	947
			2011	947
			2012	947
			2013	947
			2014	948
			2015	948
			2016	948
			2017	948
			2018	948
			2019	948
			2020	948
			2021	948
			2022	949
			2023	949
			2024	949
			2025	949
			2026	949
			2027	949
			2028	949
			2029	949
			2030	950
			2031	950
			2032	950
			2033	950
			2034	950
			2035	950
			2036	950
			2037	950
			2038	950
			2039	951
			2040	951
			2041	951
			2042	951
			2043	951
			2044	951
			2045	951
			2046	951
			2047	951
			2048	951
			2049	952
			2050	952
			2051	952
			2052	952
			2053	952
			2054	952
			2055	952
			2056	952
			2057	952
			2058	952
			2059	952
			2060	952
			2061	952
			2062	953
			2063	953
			2064	953
			2065	953
			2066	953
			2067	953
			2068	953
			2069	953
			2070	953
		</Tail1>
		<End type=matrix rownames=FALSE colnames=FALSE nrow=197 ncol=2 as.numeric=TRUE >
			2070	953
			2071	953
			2072	952
			2073	952
			2074	952
			2075	952
			2076	952
			2077	951
			2078	951
			2079	951
			2080	951
			2081	951
			2082	951
			2083	951
			2084	951
			2085	951
			2085	950
			2086	950
			2087	950
			2088	950
			2089	950
			2090	950
			2091	951
			2092	951
			2093	951
			2094	951
			2095	951
			2096	951
			2097	951
			2098	951
			2099	951
			2100	951
			2101	952
			2102	952
			2103	952
			2104	952
			2105	952
			2106	953
			2107	953
			2108	953
			2109	953
			2110	954
			2111	954
			2112	954
			2113	954
			2114	955
			2115	956
			2115	957
			2115	958
			2115	959
			2116	960
			2116	961
			2116	962
			2116	963
			2116	964
			2116	965
			2116	966
			2116	967
			2116	968
			2116	969
			2116	970
			2116	971
			2117	972
			2117	973
			2117	974
			2117	975
			2117	976
			2117	977
			2117	978
			2117	979
			2117	980
			2117	981
			2117	982
			2117	983
			2118	984
			2118	985
			2118	986
			2118	987
			2118	988
			2118	989
			2118	990
			2118	991
			2118	992
			2118	993
			2118	994
			2118	995
			2118	996
			2118	997
			2118	998
			2119	999
			2119	1000
			2119	1001
			2119	1002
			2119	1003
			2119	1004
			2119	1005
			2119	1006
			2119	1007
			2119	1008
			2119	1009
			2119	1010
			2119	1011
			2119	1012
			2119	1013
			2119	1014
			2119	1015
			2119	1016
			2119	1017
			2119	1018
			2119	1019
			2120	1020
			2120	1021
			2120	1022
			2120	1023
			2120	1024
			2120	1025
			2120	1026
			2120	1027
			2120	1028
			2120	1029
			2120	1030
			2120	1031
			2120	1032
			2120	1033
			2120	1034
			2120	1035
			2120	1036
			2120	1037
			2120	1038
			2120	1039
			2120	1040
			2120	1041
			2120	1042
			2120	1043
			2120	1044
			2120	1045
			2120	1046
			2120	1047
			2121	1048
			2121	1049
			2121	1050
			2121	1051
			2121	1052
			2121	1053
			2121	1054
			2121	1055
			2121	1056
			2121	1057
			2121	1058
			2121	1059
			2120	1059
			2120	1060
			2120	1061
			2119	1062
			2119	1063
			2118	1064
			2117	1065
			2116	1066
			2115	1067
			2114	1067
			2113	1068
			2112	1068
			2111	1069
			2110	1069
			2109	1070
			2108	1070
			2107	1070
			2106	1071
			2105	1071
			2104	1071
			2103	1071
			2102	1072
			2101	1072
			2100	1072
			2099	1072
			2098	1072
			2097	1072
			2096	1072
			2095	1072
			2094	1072
			2093	1072
			2092	1072
			2091	1072
			2090	1072
			2089	1072
			2088	1072
			2087	1072
			2086	1072
			2085	1072
			2084	1072
			2083	1072
			2082	1072
			2081	1072
			2080	1072
			2079	1072
			2078	1072
			2077	1072
		</End>
		<Tail2 type=matrix rownames=FALSE colnames=FALSE nrow=98 ncol=2 as.numeric=TRUE >
			2077	1072
			2076	1072
			2075	1072
			2074	1072
			2073	1072
			2072	1072
			2071	1072
			2070	1072
			2069	1072
			2068	1072
			2067	1072
			2066	1072
			2065	1072
			2064	1072
			2063	1072
			2062	1072
			2061	1072
			2060	1072
			2059	1072
			2058	1072
			2057	1072
			2056	1072
			2055	1072
			2054	1072
			2053	1072
			2052	1072
			2051	1072
			2050	1072
			2049	1072
			2048	1072
			2047	1072
			2046	1072
			2045	1072
			2044	1072
			2043	1072
			2042	1072
			2041	1072
			2040	1072
			2039	1072
			2038	1072
			2037	1072
			2036	1072
			2035	1072
			2034	1072
			2033	1072
			2032	1072
			2031	1072
			2030	1072
			2029	1072
			2028	1072
			2027	1072
			2026	1072
			2025	1072
			2024	1072
			2023	1072
			2022	1072
			2021	1072
			2020	1072
			2019	1072
			2018	1073
			2017	1073
			2016	1073
			2015	1074
			2014	1074
			2013	1074
			2012	1074
			2011	1075
			2010	1075
			2009	1075
			2008	1076
			2007	1076
			2006	1076
			2005	1076
			2004	1077
			2003	1077
			2002	1077
			2001	1078
			2000	1078
			1999	1078
			1998	1079
			1997	1079
			1996	1079
			1995	1080
			1994	1080
			1993	1080
			1992	1081
			1991	1081
			1990	1081
			1989	1081
			1988	1082
			1987	1082
			1986	1082
			1985	1083
			1984	1083
			1983	1083
			1982	1084
			1981	1084
			1980	1084
		</Tail2>
		<AnalFin type=matrix rownames=FALSE colnames=FALSE nrow=84 ncol=2 as.numeric=TRUE >
			1980	1084
			1979	1085
			1978	1085
			1977	1085
			1976	1085
			1976	1086
			1975	1086
			1974	1086
			1973	1087
			1972	1087
			1971	1088
			1970	1088
			1969	1089
			1968	1089
			1967	1089
			1966	1090
			1965	1091
			1964	1091
			1963	1091
			1962	1092
			1961	1092
			1960	1093
			1959	1093
			1958	1094
			1957	1094
			1956	1095
			1955	1095
			1954	1096
			1953	1096
			1952	1097
			1951	1097
			1950	1098
			1949	1098
			1948	1099
			1947	1099
			1947	1100
			1946	1100
			1945	1100
			1944	1101
			1943	1101
			1942	1102
			1941	1102
			1941	1103
			1940	1103
			1939	1104
			1938	1104
			1937	1105
			1936	1106
			1935	1106
			1934	1107
			1933	1108
			1932	1108
			1931	1109
			1930	1110
			1929	1111
			1928	1111
			1927	1112
			1926	1112
			1926	1113
			1925	1113
			1924	1114
			1923	1114
			1923	1115
			1922	1116
			1921	1116
			1920	1117
			1919	1118
			1918	1119
			1917	1119
			1916	1120
			1915	1121
			1914	1122
			1914	1123
			1913	1123
			1912	1124
			1911	1125
			1910	1126
			1909	1127
			1908	1128
			1907	1128
			1907	1129
			1906	1130
			1905	1131
			1904	1132
		</AnalFin>
		<Pectfin type=matrix rownames=FALSE colnames=FALSE nrow=60 ncol=2 as.numeric=TRUE >
			1658	1071
			1659	1072
			1660	1073
			1660	1074
			1661	1075
			1662	1076
			1662	1077
			1663	1078
			1664	1079
			1664	1080
			1665	1081
			1665	1082
			1666	1083
			1666	1084
			1666	1085
			1667	1086
			1668	1087
			1668	1088
			1668	1089
			1668	1090
			1669	1090
			1669	1091
			1669	1092
			1669	1093
			1670	1094
			1670	1095
			1670	1096
			1670	1097
			1670	1098
			1671	1099
			1671	1100
			1671	1101
			1671	1102
			1671	1103
			1671	1104
			1671	1105
			1671	1106
			1671	1107
			1671	1108
			1671	1109
			1671	1110
			1671	1111
			1671	1112
			1671	1113
			1671	1114
			1671	1115
			1671	1116
			1671	1117
			1671	1118
			1671	1119
			1671	1120
			1671	1121
			1671	1122
			1671	1123
			1671	1124
			1671	1125
			1670	1126
			1670	1127
			1670	1128
			1670	1129
		</Pectfin>
		<Opercle type=matrix rownames=FALSE colnames=FALSE nrow=188 ncol=2 as.numeric=TRUE >
			1643	1004
			1643	1005
			1644	1006
			1644	1007
			1644	1008
			1645	1009
			1645	1010
			1645	1011
			1646	1012
			1646	1013
			1646	1014
			1646	1015
			1646	1016
			1647	1017
			1647	1018
			1647	1019
			1647	1020
			1647	1021
			1647	1022
			1647	1023
			1647	1024
			1647	1025
			1647	1026
			1647	1027
			1647	1028
			1647	1029
			1647	1030
			1647	1031
			1647	1032
			1647	1033
			1647	1034
			1647	1035
			1647	1036
			1647	1037
			1647	1038
			1647	1039
			1646	1040
			1646	1041
			1646	1042
			1646	1043
			1646	1044
			1646	1045
			1646	1046
			1645	1047
			1645	1048
			1645	1049
			1645	1050
			1645	1051
			1644	1052
			1644	1053
			1644	1054
			1643	1055
			1643	1056
			1643	1057
			1642	1058
			1642	1059
			1641	1060
			1641	1061
			1640	1062
			1640	1063
			1640	1064
			1639	1065
			1639	1066
			1638	1066
			1638	1067
			1637	1068
			1637	1069
			1636	1070
			1636	1071
			1635	1071
			1635	1072
			1635	1073
			1634	1074
			1634	1075
			1633	1076
			1632	1077
			1632	1078
			1631	1079
			1630	1080
			1630	1081
			1629	1082
			1629	1083
			1628	1083
			1627	1084
			1627	1085
			1626	1086
			1625	1087
			1625	1088
			1624	1088
			1623	1089
			1623	1090
			1622	1091
			1621	1092
			1620	1093
			1619	1094
			1618	1095
			1618	1096
			1617	1097
			1616	1098
			1615	1098
			1614	1099
			1613	1100
			1612	1101
			1612	1102
			1611	1102
			1610	1103
			1609	1104
			1608	1105
			1607	1106
			1606	1107
			1605	1107
			1604	1108
			1603	1108
			1602	1109
			1602	1110
			1601	1110
			1600	1111
			1599	1111
			1598	1112
			1597	1112
			1596	1113
			1595	1114
			1594	1114
			1593	1115
			1592	1115
			1591	1116
			1590	1116
			1589	1117
			1588	1117
			1587	1117
			1586	1118
			1585	1118
			1584	1118
			1583	1119
			1582	1119
			1581	1119
			1580	1120
			1579	1120
			1578	1120
			1577	1120
			1576	1120
			1575	1121
			1574	1121
			1573	1121
			1572	1121
			1571	1121
			1570	1121
			1569	1121
			1568	1121
			1567	1122
			1566	1122
			1565	1122
			1564	1122
			1563	1122
			1562	1122
			1561	1122
			1560	1121
			1559	1121
			1558	1121
			1557	1121
			1556	1121
			1555	1121
			1554	1121
			1553	1121
			1552	1120
			1551	1120
			1550	1120
			1549	1119
			1548	1119
			1547	1119
			1546	1118
			1545	1118
			1544	1117
			1543	1117
			1542	1116
			1541	1116
			1540	1115
			1539	1115
			1538	1114
			1537	1113
			1536	1112
			1535	1111
			1534	1110
			1533	1109
			1533	1108
			1532	1107
			1532	1106
			1532	1105
		</Opercle>
		<Preopercle type=matrix rownames=FALSE colnames=FALSE nrow=94 ncol=2 as.numeric=TRUE >
			1562	1028
			1562	1029
			1562	1030
			1561	1031
			1561	1032
			1561	1033
			1561	1034
			1560	1035
			1560	1036
			1560	1037
			1560	1038
			1560	1039
			1560	1040
			1559	1041
			1559	1042
			1559	1043
			1559	1044
			1559	1045
			1559	1046
			1559	1047
			1559	1048
			1559	1049
			1559	1050
			1559	1051
			1559	1052
			1559	1053
			1559	1054
			1559	1055
			1559	1056
			1559	1057
			1559	1058
			1559	1059
			1559	1060
			1559	1061
			1559	1062
			1559	1063
			1559	1064
			1559	1065
			1559	1066
			1559	1067
			1559	1068
			1559	1069
			1559	1070
			1559	1071
			1559	1072
			1560	1073
			1560	1074
			1560	1075
			1560	1076
			1560	1077
			1560	1078
			1560	1079
			1560	1080
			1560	1081
			1560	1082
			1561	1083
			1561	1084
			1561	1085
			1561	1086
			1561	1087
			1561	1088
			1560	1089
			1560	1090
			1559	1091
			1559	1092
			1558	1093
			1558	1094
			1557	1094
			1556	1095
			1556	1096
			1555	1097
			1554	1097
			1553	1098
			1552	1099
			1551	1100
			1550	1100
			1549	1101
			1548	1101
			1547	1102
			1546	1102
			1545	1102
			1544	1103
			1543	1103
			1542	1103
			1541	1104
			1540	1104
			1539	1104
			1538	1104
			1537	1104
			1536	1105
			1535	1105
			1534	1105
			1533	1105
			1532	1105
		</Preopercle>
	</curves.pixel>
	<curves.scaled type=list>
		<Eye type=matrix rownames=FALSE colnames=FALSE nrow=223 ncol=2 as.numeric=TRUE >
			63.3551121425361	-39.7724726162075
			63.3964127371532	-39.8137732108245
			63.4377133317702	-39.8137732108245
			63.4790139263872	-39.8137732108245
			63.5203145210043	-39.8137732108245
			63.5616151156213	-39.8550738054416
			63.6029157102383	-39.8550738054416
			63.6442163048554	-39.8963744000586
			63.6855168994724	-39.8963744000586
			63.7268174940895	-39.9376749946756
			63.7681180887065	-39.9376749946756
			63.8094186833235	-39.9789755892927
			63.8507192779406	-39.9789755892927
			63.8920198725576	-40.0202761839097
			63.9333204671747	-40.0202761839097
			63.9746210617917	-40.0615767785267
			64.0159216564087	-40.1028773731438
			64.0572222510258	-40.1028773731438
			64.0572222510258	-40.1441779677608
			64.0985228456428	-40.1441779677608
			64.1398234402598	-40.1854785623779
			64.1811240348769	-40.2267791569949
			64.2224246294939	-40.2680797516119
			64.263725224111	-40.309380346229
			64.305025818728	-40.350680940846
			64.305025818728	-40.3919815354631
			64.346326413345	-40.4332821300801
			64.3876270079621	-40.4745827246971
			64.3876270079621	-40.5158833193142
			64.4289276025791	-40.5571839139312
			64.4289276025791	-40.5984845085482
			64.4702281971961	-40.6397851031653
			64.4702281971961	-40.6810856977823
			64.4702281971961	-40.7223862923994
			64.4702281971961	-40.7636868870164
			64.4702281971961	-40.8049874816334
			64.5115287918132	-40.8462880762505
			64.5115287918132	-40.8875886708675
			64.5115287918132	-40.9288892654845
			64.5115287918132	-40.9701898601016
			64.5115287918132	-41.0114904547186
			64.5115287918132	-41.0527910493357
			64.4702281971961	-41.0527910493357
			64.4702281971961	-41.0940916439527
			64.4702281971961	-41.1353922385697
			64.4702281971961	-41.1766928331868
			64.4702281971961	-41.2179934278038
			64.4702281971961	-41.2592940224209
			64.4289276025791	-41.3005946170379
			64.4289276025791	-41.3418952116549
			64.4289276025791	-41.383195806272
			64.3876270079621	-41.424496400889
			64.3876270079621	-41.465796995506
			64.3876270079621	-41.5070975901231
			64.346326413345	-41.5483981847401
			64.346326413345	-41.5896987793572
			64.305025818728	-41.6309993739742
			64.305025818728	-41.6722999685912
			64.263725224111	-41.7136005632083
			64.263725224111	-41.7549011578253
			64.2224246294939	-41.7962017524423
			64.2224246294939	-41.8375023470594
			64.1811240348769	-41.8375023470594
			64.1811240348769	-41.8788029416764
			64.1398234402598	-41.9201035362935
			64.1398234402598	-41.9614041309105
			64.0985228456428	-42.0027047255275
			64.0985228456428	-42.0440053201446
			64.0572222510258	-42.0440053201446
			64.0572222510258	-42.0853059147616
			64.0159216564087	-42.1266065093786
			64.0159216564087	-42.1679071039957
			63.9746210617917	-42.1679071039957
			63.9746210617917	-42.2092076986127
			63.9333204671747	-42.2505082932298
			63.8920198725576	-42.2918088878468
			63.8507192779406	-42.3331094824638
			63.8094186833235	-42.3744100770809
			63.7681180887065	-42.4157106716979
			63.7268174940895	-42.457011266315
			63.6855168994724	-42.498311860932
			63.6442163048554	-42.539612455549
			63.6029157102383	-42.5809130501661
			63.5616151156213	-42.6222136447831
			63.5203145210043	-42.6635142394001
			63.4790139263872	-42.7048148340172
			63.4377133317702	-42.7048148340172
			63.3964127371532	-42.7461154286342
			63.3551121425361	-42.7874160232513
			63.3138115479191	-42.7874160232513
			63.272510953302	-42.7874160232513
			63.231210358685	-42.8287166178683
			63.189909764068	-42.8287166178683
			63.1486091694509	-42.8700172124853
			63.1073085748339	-42.8700172124853
			63.0660079802169	-42.8700172124853
			63.0247073855998	-42.8700172124853
			62.9834067909828	-42.9113178071024
			62.9421061963657	-42.9113178071024
			62.9008056017487	-42.9113178071024
			62.8595050071317	-42.9113178071024
			62.8182044125146	-42.9113178071024
			62.7769038178976	-42.9113178071024
			62.7356032232806	-42.9113178071024
			62.6943026286635	-42.9113178071024
			62.6530020340465	-42.9113178071024
			62.6117014394294	-42.9113178071024
			62.5704008448124	-42.9113178071024
			62.5291002501954	-42.9113178071024
			62.4877996555783	-42.9113178071024
			62.4464990609613	-42.8700172124853
			62.4051984663443	-42.8700172124853
			62.3638978717272	-42.8700172124853
			62.3225972771102	-42.8700172124853
			62.2812966824931	-42.8287166178683
			62.2399960878761	-42.8287166178683
			62.1986954932591	-42.8287166178683
			62.157394898642	-42.8287166178683
			62.157394898642	-42.7874160232513
			62.116094304025	-42.7874160232513
			62.0747937094079	-42.7874160232513
			62.0334931147909	-42.7461154286342
			61.9921925201739	-42.7461154286342
			61.9508919255568	-42.7048148340172
			61.9095913309398	-42.7048148340172
			61.8682907363228	-42.6635142394001
			61.8269901417057	-42.6222136447831
			61.8269901417057	-42.5809130501661
			61.7856895470887	-42.5809130501661
			61.7443889524716	-42.539612455549
			61.7030883578546	-42.498311860932
			61.7030883578546	-42.457011266315
			61.6617877632376	-42.4157106716979
			61.6204871686205	-42.3744100770809
			61.6204871686205	-42.3331094824638
			61.5791865740035	-42.2918088878468
			61.5378859793865	-42.2505082932298
			61.5378859793865	-42.2092076986127
			61.4965853847694	-42.2092076986127
			61.4965853847694	-42.1679071039957
			61.4552847901524	-42.1266065093786
			61.4552847901524	-42.0853059147616
			61.4552847901524	-42.0440053201446
			61.4139841955353	-42.0027047255275
			61.4139841955353	-41.9614041309105
			61.4139841955353	-41.9201035362935
			61.3726836009183	-41.8788029416764
			61.3726836009183	-41.8375023470594
			61.3726836009183	-41.7962017524423
			61.3726836009183	-41.7549011578253
			61.3313830063013	-41.7136005632083
			61.3313830063013	-41.6722999685912
			61.3313830063013	-41.6309993739742
			61.3313830063013	-41.5896987793572
			61.3313830063013	-41.5483981847401
			61.3313830063013	-41.5070975901231
			61.3313830063013	-41.465796995506
			61.3313830063013	-41.424496400889
			61.3313830063013	-41.383195806272
			61.3313830063013	-41.3418952116549
			61.3313830063013	-41.3005946170379
			61.3313830063013	-41.2592940224209
			61.3726836009183	-41.2179934278038
			61.3726836009183	-41.1766928331868
			61.3726836009183	-41.1353922385697
			61.3726836009183	-41.0940916439527
			61.4139841955353	-41.0527910493357
			61.4139841955353	-41.0114904547186
			61.4139841955353	-40.9701898601016
			61.4552847901524	-40.9701898601016
			61.4552847901524	-40.9288892654845
			61.4965853847694	-40.8875886708675
			61.4965853847694	-40.8462880762505
			61.5378859793865	-40.8049874816334
			61.5791865740035	-40.7636868870164
			61.5791865740035	-40.7223862923994
			61.6204871686205	-40.6810856977823
			61.6617877632376	-40.6397851031653
			61.6617877632376	-40.5984845085482
			61.7030883578546	-40.5984845085482
			61.7030883578546	-40.5571839139312
			61.7443889524716	-40.5158833193142
			61.7856895470887	-40.4745827246971
			61.8269901417057	-40.4745827246971
			61.8269901417057	-40.4332821300801
			61.8682907363228	-40.3919815354631
			61.9095913309398	-40.350680940846
			61.9508919255568	-40.350680940846
			61.9508919255568	-40.309380346229
			61.9921925201739	-40.309380346229
			62.0334931147909	-40.2680797516119
			62.0747937094079	-40.2267791569949
			62.116094304025	-40.2267791569949
			62.157394898642	-40.1854785623779
			62.1986954932591	-40.1854785623779
			62.2399960878761	-40.1441779677608
			62.2812966824931	-40.1028773731438
			62.3225972771102	-40.0615767785267
			62.3638978717272	-40.0615767785267
			62.4051984663443	-40.0615767785267
			62.4464990609613	-40.0202761839097
			62.4877996555783	-40.0202761839097
			62.5291002501954	-39.9789755892927
			62.5704008448124	-39.9789755892927
			62.6117014394294	-39.9789755892927
			62.6530020340465	-39.9376749946756
			62.6943026286635	-39.9376749946756
			62.7356032232806	-39.9376749946756
			62.7769038178976	-39.8963744000586
			62.8182044125146	-39.8963744000586
			62.8595050071317	-39.8963744000586
			62.9008056017487	-39.8550738054416
			62.9421061963657	-39.8550738054416
			62.9834067909828	-39.8550738054416
			63.0247073855998	-39.8137732108245
			63.0660079802169	-39.8137732108245
			63.1073085748339	-39.8137732108245
			63.1486091694509	-39.8137732108245
			63.189909764068	-39.8137732108245
			63.231210358685	-39.8137732108245
			63.272510953302	-39.7724726162075
			63.3138115479191	-39.7724726162075
			63.3551121425361	-39.7724726162075
		</Eye>
		<Head type=matrix rownames=FALSE colnames=FALSE nrow=343 ncol=2 as.numeric=TRUE >
			60.0923651677901	-41.9201035362935
			60.1336657624072	-41.9201035362935
			60.1336657624072	-41.8788029416764
			60.1749663570242	-41.8788029416764
			60.2162669516412	-41.8375023470594
			60.2575675462583	-41.7962017524423
			60.2988681408753	-41.7549011578253
			60.3401687354924	-41.7136005632083
			60.3814693301094	-41.7136005632083
			60.4227699247264	-41.6722999685912
			60.4640705193435	-41.6309993739742
			60.5053711139605	-41.5896987793572
			60.5466717085775	-41.5483981847401
			60.5879723031946	-41.5483981847401
			60.6292728978116	-41.5070975901231
			60.6705734924287	-41.465796995506
			60.6705734924287	-41.424496400889
			60.7118740870457	-41.383195806272
			60.7531746816627	-41.383195806272
			60.7944752762798	-41.3418952116549
			60.8357758708968	-41.3005946170379
			60.8770764655138	-41.2592940224209
			60.8770764655138	-41.2179934278038
			60.9183770601309	-41.1766928331868
			60.9596776547479	-41.1353922385697
			61.000978249365	-41.0940916439527
			61.042278843982	-41.0527910493357
			61.083579438599	-41.0114904547186
			61.1248800332161	-40.9701898601016
			61.1661806278331	-40.9288892654845
			61.2074812224501	-40.8875886708675
			61.2487818170672	-40.8462880762505
			61.2900824116842	-40.8049874816334
			61.3313830063013	-40.7636868870164
			61.3726836009183	-40.7223862923994
			61.4139841955353	-40.6810856977823
			61.4552847901524	-40.6810856977823
			61.4965853847694	-40.6397851031653
			61.5378859793865	-40.5984845085482
			61.5791865740035	-40.5571839139312
			61.6204871686205	-40.5158833193142
			61.6617877632376	-40.4745827246971
			61.7030883578546	-40.4745827246971
			61.7443889524716	-40.4332821300801
			61.7856895470887	-40.4332821300801
			61.7856895470887	-40.3919815354631
			61.8269901417057	-40.3919815354631
			61.8682907363228	-40.350680940846
			61.9095913309398	-40.309380346229
			61.9508919255568	-40.309380346229
			61.9921925201739	-40.2680797516119
			62.0334931147909	-40.2680797516119
			62.0747937094079	-40.2267791569949
			62.116094304025	-40.1854785623779
			62.157394898642	-40.1441779677608
			62.1986954932591	-40.1441779677608
			62.2399960878761	-40.1028773731438
			62.2812966824931	-40.1028773731438
			62.3225972771102	-40.0615767785267
			62.3638978717272	-40.0615767785267
			62.4051984663443	-40.0202761839097
			62.4464990609613	-40.0202761839097
			62.4877996555783	-39.9789755892927
			62.5291002501954	-39.9376749946756
			62.5704008448124	-39.9376749946756
			62.6117014394294	-39.8963744000586
			62.6530020340465	-39.8963744000586
			62.6943026286635	-39.8550738054416
			62.7356032232806	-39.8550738054416
			62.7769038178976	-39.8137732108245
			62.8182044125146	-39.8137732108245
			62.8595050071317	-39.8137732108245
			62.9008056017487	-39.7724726162075
			62.9421061963657	-39.7724726162075
			62.9834067909828	-39.7311720215904
			63.0247073855998	-39.7311720215904
			63.0660079802169	-39.7311720215904
			63.1073085748339	-39.6898714269734
			63.1486091694509	-39.6898714269734
			63.189909764068	-39.6485708323564
			63.231210358685	-39.6485708323564
			63.272510953302	-39.6485708323564
			63.3138115479191	-39.6072702377393
			63.3551121425361	-39.6072702377393
			63.3964127371532	-39.6072702377393
			63.4377133317702	-39.5659696431223
			63.4790139263872	-39.5659696431223
			63.5203145210043	-39.5659696431223
			63.5616151156213	-39.5246690485053
			63.6029157102383	-39.5246690485053
			63.6442163048554	-39.5246690485053
			63.6855168994724	-39.5246690485053
			63.7268174940895	-39.4833684538882
			63.7681180887065	-39.4833684538882
			63.8094186833235	-39.4833684538882
			63.8507192779406	-39.4420678592712
			63.8920198725576	-39.4420678592712
			63.9333204671747	-39.4420678592712
			63.9746210617917	-39.4007672646541
			64.0159216564087	-39.4007672646541
			64.0572222510258	-39.4007672646541
			64.0985228456428	-39.4007672646541
			64.1398234402598	-39.3594666700371
			64.1811240348769	-39.3594666700371
			64.2224246294939	-39.3181660754201
			64.263725224111	-39.3181660754201
			64.305025818728	-39.3181660754201
			64.346326413345	-39.276865480803
			64.3876270079621	-39.276865480803
			64.4289276025791	-39.276865480803
			64.4702281971961	-39.235564886186
			64.5115287918132	-39.235564886186
			64.5528293864302	-39.235564886186
			64.5941299810473	-39.194264291569
			64.6354305756643	-39.194264291569
			64.6767311702813	-39.194264291569
			64.7180317648984	-39.1529636969519
			64.7593323595154	-39.1529636969519
			64.8006329541325	-39.1529636969519
			64.8419335487495	-39.1116631023349
			64.8832341433665	-39.1116631023349
			64.9245347379836	-39.1116631023349
			64.9245347379836	-39.0703625077178
			64.9658353326006	-39.0703625077178
			65.0071359272176	-39.0703625077178
			65.0484365218347	-39.0703625077178
			65.0484365218347	-39.0290619131008
			65.0897371164517	-39.0290619131008
			65.1310377110688	-39.0290619131008
			65.1723383056858	-38.9877613184838
			65.2136389003028	-38.9877613184838
			65.2549394949199	-38.9877613184838
			65.2962400895369	-38.9464607238667
			65.3375406841539	-38.9464607238667
			65.378841278771	-38.9051601292497
			65.420141873388	-38.9051601292497
			65.4614424680051	-38.9051601292497
			65.5027430626221	-38.8638595346327
			65.5440436572391	-38.8638595346327
			65.5853442518562	-38.8225589400156
			65.6266448464732	-38.8225589400156
			65.6679454410902	-38.8225589400156
			65.7092460357073	-38.7812583453986
			65.7505466303243	-38.7812583453986
			65.7918472249414	-38.7399577507815
			65.8331478195584	-38.7399577507815
			65.8744484141754	-38.7399577507815
			65.9157490087925	-38.6986571561645
			65.9570496034095	-38.6986571561645
			65.9983501980265	-38.6573565615475
			66.0396507926436	-38.6573565615475
			66.0809513872606	-38.6573565615475
			66.1222519818777	-38.6160559669304
			66.1635525764947	-38.6160559669304
			66.2048531711117	-38.5747553723134
			66.2461537657288	-38.5747553723134
			66.2874543603458	-38.5334547776963
			66.3287549549628	-38.5334547776963
			66.3700555495799	-38.5334547776963
			66.4113561441969	-38.4921541830793
			66.452656738814	-38.4921541830793
			66.493957333431	-38.4508535884623
			66.535257928048	-38.4095529938452
			66.5765585226651	-38.4095529938452
			66.6178591172821	-38.4095529938452
			66.6591597118992	-38.3682523992282
			66.7004603065162	-38.3682523992282
			66.7417609011332	-38.3269518046112
			66.7830614957503	-38.3269518046112
			66.8243620903673	-38.3269518046112
			66.8656626849843	-38.2856512099941
			66.9069632796014	-38.2443506153771
			66.9482638742184	-38.2443506153771
			66.9895644688355	-38.20305002076
			67.0308650634525	-38.20305002076
			67.0721656580695	-38.20305002076
			67.1134662526866	-38.161749426143
			67.1547668473036	-38.161749426143
			67.1960674419206	-38.120448831526
			67.2373680365377	-38.120448831526
			67.2786686311547	-38.0791482369089
			67.3199692257718	-38.0791482369089
			67.3199692257718	-38.0378476422919
			67.3612698203888	-38.0378476422919
			67.4025704150058	-37.9965470476749
			67.4438710096229	-37.9965470476749
			67.4851716042399	-37.9965470476749
			67.526472198857	-37.9552464530578
			67.567772793474	-37.9552464530578
			67.609073388091	-37.9552464530578
			67.6503739827081	-37.9139458584408
			67.6916745773251	-37.9139458584408
			67.7329751719421	-37.9139458584408
			67.7742757665592	-37.8726452638237
			67.8155763611762	-37.8726452638237
			67.8568769557933	-37.8726452638237
			67.8981775504103	-37.8313446692067
			67.9394781450273	-37.8313446692067
			67.9807787396444	-37.8313446692067
			68.0220793342614	-37.7900440745897
			68.0633799288784	-37.7900440745897
			68.1046805234955	-37.7900440745897
			68.1459811181125	-37.7487434799726
			68.1872817127296	-37.7487434799726
			68.2285823073466	-37.7487434799726
			68.2698829019636	-37.7074428853556
			68.3111834965807	-37.7074428853556
			68.3524840911977	-37.7074428853556
			68.3937846858148	-37.6661422907386
			68.4350852804318	-37.6661422907386
			68.4763858750488	-37.6661422907386
			68.5176864696659	-37.6248416961215
			68.5589870642829	-37.6248416961215
			68.6002876588999	-37.6248416961215
			68.641588253517	-37.5835411015045
			68.682888848134	-37.5835411015045
			68.7241894427511	-37.5835411015045
			68.7241894427511	-37.5422405068874
			68.7654900373681	-37.5422405068874
			68.8067906319851	-37.5422405068874
			68.8480912266022	-37.5009399122704
			68.8893918212192	-37.5009399122704
			68.9306924158362	-37.5009399122704
			68.9719930104533	-37.4596393176534
			69.0132936050703	-37.4596393176534
			69.0545941996873	-37.4596393176534
			69.0958947943044	-37.4183387230363
			69.1371953889214	-37.4183387230363
			69.1784959835385	-37.4183387230363
			69.2197965781555	-37.3770381284193
			69.2610971727725	-37.3770381284193
			69.3023977673896	-37.3770381284193
			69.3436983620066	-37.3770381284193
			69.3849989566236	-37.3357375338023
			69.4262995512407	-37.3357375338023
			69.4676001458577	-37.3357375338023
			69.5089007404748	-37.2944369391852
			69.5502013350918	-37.2944369391852
			69.5915019297088	-37.2944369391852
			69.6328025243259	-37.2531363445682
			69.6741031189429	-37.2531363445682
			69.71540371356	-37.2531363445682
			69.756704308177	-37.2118357499511
			69.798004902794	-37.2118357499511
			69.8393054974111	-37.2118357499511
			69.8806060920281	-37.2118357499511
			69.9219066866451	-37.1705351553341
			69.9632072812622	-37.1705351553341
			70.0045078758792	-37.1705351553341
			70.0458084704963	-37.1292345607171
			70.0871090651133	-37.1292345607171
			70.1284096597303	-37.1292345607171
			70.1697102543474	-37.0879339661
			70.2110108489644	-37.0879339661
			70.2523114435814	-37.0879339661
			70.2936120381985	-37.0879339661
			70.3349126328155	-37.046633371483
			70.3762132274326	-37.046633371483
			70.4175138220496	-37.046633371483
			70.4588144166666	-37.0053327768659
			70.5001150112837	-37.0053327768659
			70.5414156059007	-37.0053327768659
			70.5827162005178	-37.0053327768659
			70.6240167951348	-36.9640321822489
			70.6653173897518	-36.9640321822489
			70.7066179843689	-36.9640321822489
			70.7479185789859	-36.9227315876319
			70.7892191736029	-36.9227315876319
			70.83051976822	-36.9227315876319
			70.871820362837	-36.8814309930148
			70.9131209574541	-36.8814309930148
			70.9544215520711	-36.8814309930148
			70.9957221466881	-36.8401303983978
			71.0370227413052	-36.8401303983978
			71.0783233359222	-36.8401303983978
			71.1196239305392	-36.8401303983978
			71.1609245251563	-36.7988298037808
			71.2022251197733	-36.7988298037808
			71.2435257143904	-36.7988298037808
			71.2848263090074	-36.7988298037808
			71.3261269036244	-36.7575292091637
			71.3674274982415	-36.7575292091637
			71.4087280928585	-36.7575292091637
			71.4500286874756	-36.7575292091637
			71.4913292820926	-36.7162286145467
			71.5326298767096	-36.7162286145467
			71.5739304713267	-36.7162286145467
			71.6152310659437	-36.7162286145467
			71.6565316605607	-36.6749280199296
			71.6978322551778	-36.6749280199296
			71.7391328497948	-36.6749280199296
			71.7804334444119	-36.6749280199296
			71.8217340390289	-36.6749280199296
			71.8630346336459	-36.6336274253126
			71.904335228263	-36.6336274253126
			71.94563582288	-36.6336274253126
			71.986936417497	-36.6336274253126
			72.0282370121141	-36.6336274253126
			72.0695376067311	-36.6336274253126
			72.1108382013482	-36.5923268306956
			72.1521387959652	-36.5923268306956
			72.1934393905822	-36.5923268306956
			72.2347399851993	-36.5923268306956
			72.2760405798163	-36.5923268306956
			72.3173411744333	-36.5923268306956
			72.3586417690504	-36.5923268306956
			72.3999423636674	-36.5923268306956
			72.4412429582845	-36.5510262360785
			72.4825435529015	-36.5510262360785
			72.5238441475185	-36.5510262360785
			72.5651447421356	-36.5510262360785
			72.6064453367526	-36.5510262360785
			72.6477459313696	-36.5510262360785
			72.6890465259867	-36.5510262360785
			72.7303471206037	-36.5510262360785
			72.7716477152208	-36.5510262360785
			72.8129483098378	-36.5510262360785
			72.8542489044548	-36.5510262360785
			72.8955494990719	-36.5097256414615
			72.9368500936889	-36.5097256414615
			72.9781506883059	-36.5097256414615
			73.019451282923	-36.5097256414615
			73.06075187754	-36.5097256414615
			73.1020524721571	-36.5097256414615
			73.1433530667741	-36.5097256414615
			73.1846536613911	-36.5097256414615
			73.2259542560082	-36.5097256414615
			73.2672548506252	-36.5097256414615
			73.3085554452422	-36.5097256414615
			73.3498560398593	-36.5097256414615
			73.3911566344763	-36.5097256414615
			73.4324572290934	-36.5097256414615
			73.4737578237104	-36.5097256414615
			73.5150584183274	-36.5097256414615
			73.5563590129445	-36.5097256414615
			73.5976596075615	-36.5097256414615
			73.6389602021786	-36.5097256414615
			73.6802607967956	-36.5097256414615
			73.7215613914126	-36.5097256414615
			73.7628619860297	-36.5097256414615
			73.8041625806467	-36.5097256414615
			73.8454631752637	-36.5097256414615
			73.8867637698808	-36.5097256414615
		</Head>
		<Tail1 type=matrix rownames=FALSE colnames=FALSE nrow=287 ncol=2 as.numeric=TRUE >
			73.8867637698808	-36.5097256414615
			73.9280643644978	-36.5097256414615
			73.9693649591149	-36.5510262360785
			74.0106655537319	-36.5510262360785
			74.0519661483489	-36.5510262360785
			74.0519661483489	-36.5923268306956
			74.093266742966	-36.5923268306956
			74.134567337583	-36.6336274253126
			74.1758679322	-36.6336274253126
			74.2171685268171	-36.6336274253126
			74.2584691214341	-36.6749280199296
			74.2997697160512	-36.6749280199296
			74.3410703106682	-36.6749280199296
			74.3823709052852	-36.7162286145467
			74.4236714999023	-36.7162286145467
			74.4649720945193	-36.7575292091637
			74.5062726891364	-36.7575292091637
			74.5475732837534	-36.7988298037808
			74.5888738783704	-36.7988298037808
			74.6301744729875	-36.7988298037808
			74.6714750676045	-36.8401303983978
			74.7127756622215	-36.8401303983978
			74.7540762568386	-36.8814309930148
			74.7953768514556	-36.8814309930148
			74.8366774460727	-36.8814309930148
			74.8779780406897	-36.9227315876319
			74.9192786353067	-36.9227315876319
			74.9605792299238	-36.9227315876319
			75.0018798245408	-36.9640321822489
			75.0431804191578	-36.9640321822489
			75.0844810137749	-36.9640321822489
			75.1257816083919	-37.0053327768659
			75.167082203009	-37.0053327768659
			75.167082203009	-37.046633371483
			75.208382797626	-37.046633371483
			75.249683392243	-37.046633371483
			75.2909839868601	-37.0879339661
			75.3322845814771	-37.0879339661
			75.3735851760942	-37.0879339661
			75.4148857707112	-37.1292345607171
			75.4561863653282	-37.1292345607171
			75.4974869599453	-37.1292345607171
			75.5387875545623	-37.1705351553341
			75.5800881491793	-37.1705351553341
			75.6213887437964	-37.2118357499511
			75.6626893384134	-37.2118357499511
			75.7039899330305	-37.2118357499511
			75.7452905276475	-37.2118357499511
			75.7452905276475	-37.2531363445682
			75.7865911222645	-37.2531363445682
			75.8278917168816	-37.2531363445682
			75.8691923114986	-37.2944369391852
			75.9104929061156	-37.2944369391852
			75.9517935007327	-37.2944369391852
			75.9930940953497	-37.3357375338023
			76.0343946899668	-37.3357375338023
			76.0756952845838	-37.3770381284193
			76.1169958792008	-37.3770381284193
			76.1582964738179	-37.3770381284193
			76.1995970684349	-37.3770381284193
			76.2408976630519	-37.4183387230363
			76.282198257669	-37.4183387230363
			76.323498852286	-37.4183387230363
			76.3647994469031	-37.4596393176534
			76.4061000415201	-37.4596393176534
			76.4474006361371	-37.4596393176534
			76.4887012307542	-37.5009399122704
			76.5300018253712	-37.5009399122704
			76.5713024199882	-37.5009399122704
			76.5713024199882	-37.5422405068874
			76.6126030146053	-37.5422405068874
			76.6539036092223	-37.5422405068874
			76.6952042038394	-37.5835411015045
			76.7365047984564	-37.5835411015045
			76.7778053930734	-37.5835411015045
			76.8191059876905	-37.6248416961215
			76.8604065823075	-37.6248416961215
			76.9017071769245	-37.6248416961215
			76.9430077715416	-37.6248416961215
			76.9843083661586	-37.6661422907386
			77.0256089607757	-37.6661422907386
			77.0669095553927	-37.6661422907386
			77.1082101500097	-37.7074428853556
			77.1495107446268	-37.7074428853556
			77.1908113392438	-37.7487434799726
			77.2321119338608	-37.7487434799726
			77.2734125284779	-37.7487434799726
			77.3147131230949	-37.7487434799726
			77.356013717712	-37.7900440745897
			77.397314312329	-37.7900440745897
			77.438614906946	-37.7900440745897
			77.4799155015631	-37.8313446692067
			77.5212160961801	-37.8313446692067
			77.5625166907972	-37.8313446692067
			77.6038172854142	-37.8313446692067
			77.6038172854142	-37.8726452638237
			77.6451178800312	-37.8726452638237
			77.6864184746483	-37.8726452638237
			77.7277190692653	-37.8726452638237
			77.7690196638823	-37.9139458584408
			77.8103202584994	-37.9139458584408
			77.8516208531164	-37.9139458584408
			77.8929214477335	-37.9139458584408
			77.9342220423505	-37.9552464530578
			77.9755226369675	-37.9552464530578
			78.0168232315846	-37.9552464530578
			78.0581238262016	-37.9965470476749
			78.0994244208187	-37.9965470476749
			78.1407250154357	-37.9965470476749
			78.1820256100527	-37.9965470476749
			78.2233262046698	-38.0378476422919
			78.2646267992868	-38.0378476422919
			78.3059273939038	-38.0378476422919
			78.3472279885209	-38.0378476422919
			78.3885285831379	-38.0791482369089
			78.429829177755	-38.0791482369089
			78.471129772372	-38.0791482369089
			78.512430366989	-38.0791482369089
			78.5537309616061	-38.120448831526
			78.5950315562231	-38.120448831526
			78.6363321508401	-38.120448831526
			78.6776327454572	-38.120448831526
			78.7189333400742	-38.161749426143
			78.7602339346913	-38.161749426143
			78.8015345293083	-38.161749426143
			78.8428351239253	-38.161749426143
			78.8841357185424	-38.20305002076
			78.9254363131594	-38.20305002076
			78.9667369077765	-38.20305002076
			79.0080375023935	-38.20305002076
			79.0493380970105	-38.2443506153771
			79.0906386916276	-38.2443506153771
			79.1319392862446	-38.2443506153771
			79.1732398808616	-38.2856512099941
			79.2145404754787	-38.2856512099941
			79.2558410700957	-38.2856512099941
			79.2971416647127	-38.2856512099941
			79.3384422593298	-38.3269518046112
			79.3797428539468	-38.3269518046112
			79.4210434485639	-38.3269518046112
			79.4623440431809	-38.3269518046112
			79.5036446377979	-38.3682523992282
			79.544945232415	-38.3682523992282
			79.586245827032	-38.3682523992282
			79.627546421649	-38.3682523992282
			79.6688470162661	-38.4095529938452
			79.7101476108831	-38.4095529938452
			79.7514482055002	-38.4095529938452
			79.7927488001172	-38.4095529938452
			79.8340493947342	-38.4508535884623
			79.8753499893513	-38.4508535884623
			79.9166505839683	-38.4508535884623
			79.9579511785853	-38.4508535884623
			79.9992517732024	-38.4921541830793
			80.0405523678194	-38.4921541830793
			80.0818529624365	-38.4921541830793
			80.1231535570535	-38.4921541830793
			80.1644541516705	-38.5334547776963
			80.2057547462876	-38.5334547776963
			80.2470553409046	-38.5334547776963
			80.2883559355217	-38.5334547776963
			80.3296565301387	-38.5334547776963
			80.3709571247557	-38.5747553723134
			80.4122577193728	-38.5747553723134
			80.4535583139898	-38.5747553723134
			80.4948589086068	-38.5747553723134
			80.5361595032239	-38.6160559669304
			80.5774600978409	-38.6160559669304
			80.618760692458	-38.6160559669304
			80.660061287075	-38.6160559669304
			80.701361881692	-38.6573565615475
			80.7426624763091	-38.6573565615475
			80.7839630709261	-38.6573565615475
			80.8252636655431	-38.6573565615475
			80.8665642601602	-38.6573565615475
			80.9078648547772	-38.6986571561645
			80.9491654493943	-38.6986571561645
			80.9904660440113	-38.6986571561645
			81.0317666386283	-38.6986571561645
			81.0730672332454	-38.7399577507815
			81.1143678278624	-38.7399577507815
			81.1556684224795	-38.7399577507815
			81.1969690170965	-38.7399577507815
			81.2382696117135	-38.7812583453986
			81.2795702063306	-38.7812583453986
			81.3208708009476	-38.7812583453986
			81.3621713955646	-38.7812583453986
			81.4034719901817	-38.7812583453986
			81.4447725847987	-38.8225589400156
			81.4860731794158	-38.8225589400156
			81.5273737740328	-38.8225589400156
			81.5686743686498	-38.8225589400156
			81.6099749632669	-38.8225589400156
			81.6512755578839	-38.8638595346327
			81.6925761525009	-38.8638595346327
			81.733876747118	-38.8638595346327
			81.775177341735	-38.8638595346327
			81.8164779363521	-38.9051601292497
			81.8577785309691	-38.9051601292497
			81.8990791255861	-38.9051601292497
			81.9403797202032	-38.9051601292497
			81.9816803148202	-38.9051601292497
			82.0229809094373	-38.9464607238667
			82.0642815040543	-38.9464607238667
			82.1055820986713	-38.9464607238667
			82.1468826932884	-38.9464607238667
			82.1881832879054	-38.9464607238667
			82.2294838825224	-38.9877613184838
			82.2707844771395	-38.9877613184838
			82.3120850717565	-38.9877613184838
			82.3533856663736	-38.9877613184838
			82.3946862609906	-38.9877613184838
			82.4359868556076	-39.0290619131008
			82.4772874502247	-39.0290619131008
			82.5185880448417	-39.0290619131008
			82.5598886394587	-39.0290619131008
			82.6011892340758	-39.0290619131008
			82.6424898286928	-39.0290619131008
			82.6837904233099	-39.0703625077178
			82.7250910179269	-39.0703625077178
			82.7663916125439	-39.0703625077178
			82.807692207161	-39.0703625077178
			82.848992801778	-39.0703625077178
			82.890293396395	-39.0703625077178
			82.9315939910121	-39.1116631023349
			82.9728945856291	-39.1116631023349
			83.0141951802462	-39.1116631023349
			83.0554957748632	-39.1116631023349
			83.0967963694802	-39.1116631023349
			83.1380969640973	-39.1116631023349
			83.1793975587143	-39.1529636969519
			83.2206981533313	-39.1529636969519
			83.2619987479484	-39.1529636969519
			83.3032993425654	-39.1529636969519
			83.3445999371825	-39.1529636969519
			83.3859005317995	-39.1529636969519
			83.4272011264165	-39.1529636969519
			83.4685017210336	-39.1529636969519
			83.5098023156506	-39.194264291569
			83.5511029102676	-39.194264291569
			83.5924035048847	-39.194264291569
			83.6337040995017	-39.194264291569
			83.6750046941188	-39.194264291569
			83.7163052887358	-39.194264291569
			83.7576058833528	-39.194264291569
			83.7989064779699	-39.194264291569
			83.8402070725869	-39.235564886186
			83.8815076672039	-39.235564886186
			83.922808261821	-39.235564886186
			83.964108856438	-39.235564886186
			84.0054094510551	-39.235564886186
			84.0467100456721	-39.235564886186
			84.0880106402891	-39.235564886186
			84.1293112349062	-39.235564886186
			84.1706118295232	-39.235564886186
			84.2119124241403	-39.276865480803
			84.2532130187573	-39.276865480803
			84.2945136133743	-39.276865480803
			84.3358142079914	-39.276865480803
			84.3771148026084	-39.276865480803
			84.4184153972254	-39.276865480803
			84.4597159918425	-39.276865480803
			84.5010165864595	-39.276865480803
			84.5423171810766	-39.276865480803
			84.5836177756936	-39.276865480803
			84.6249183703106	-39.3181660754201
			84.6662189649277	-39.3181660754201
			84.7075195595447	-39.3181660754201
			84.7488201541617	-39.3181660754201
			84.7901207487788	-39.3181660754201
			84.8314213433958	-39.3181660754201
			84.8727219380129	-39.3181660754201
			84.9140225326299	-39.3181660754201
			84.9553231272469	-39.3181660754201
			84.996623721864	-39.3181660754201
			85.037924316481	-39.3181660754201
			85.0792249110981	-39.3181660754201
			85.1205255057151	-39.3181660754201
			85.1618261003321	-39.3594666700371
			85.2031266949492	-39.3594666700371
			85.2444272895662	-39.3594666700371
			85.2857278841832	-39.3594666700371
			85.3270284788003	-39.3594666700371
			85.3683290734173	-39.3594666700371
			85.4096296680344	-39.3594666700371
			85.4509302626514	-39.3594666700371
			85.4922308572684	-39.3594666700371
		</Tail1>
		<End type=matrix rownames=FALSE colnames=FALSE nrow=197 ncol=2 as.numeric=TRUE >
			85.4922308572684	-39.3594666700371
			85.5335314518855	-39.3594666700371
			85.5748320465025	-39.3181660754201
			85.6161326411195	-39.3181660754201
			85.6574332357366	-39.3181660754201
			85.6987338303536	-39.3181660754201
			85.7400344249707	-39.3181660754201
			85.7813350195877	-39.276865480803
			85.8226356142047	-39.276865480803
			85.8639362088218	-39.276865480803
			85.9052368034388	-39.276865480803
			85.9465373980559	-39.276865480803
			85.9878379926729	-39.276865480803
			86.0291385872899	-39.276865480803
			86.070439181907	-39.276865480803
			86.111739776524	-39.276865480803
			86.111739776524	-39.235564886186
			86.153040371141	-39.235564886186
			86.1943409657581	-39.235564886186
			86.2356415603751	-39.235564886186
			86.2769421549922	-39.235564886186
			86.3182427496092	-39.235564886186
			86.3595433442262	-39.276865480803
			86.4008439388433	-39.276865480803
			86.4421445334603	-39.276865480803
			86.4834451280773	-39.276865480803
			86.5247457226944	-39.276865480803
			86.5660463173114	-39.276865480803
			86.6073469119285	-39.276865480803
			86.6486475065455	-39.276865480803
			86.6899481011625	-39.276865480803
			86.7312486957796	-39.276865480803
			86.7725492903966	-39.3181660754201
			86.8138498850136	-39.3181660754201
			86.8551504796307	-39.3181660754201
			86.8964510742477	-39.3181660754201
			86.9377516688648	-39.3181660754201
			86.9790522634818	-39.3594666700371
			87.0203528580988	-39.3594666700371
			87.0616534527159	-39.3594666700371
			87.1029540473329	-39.3594666700371
			87.1442546419499	-39.4007672646541
			87.185555236567	-39.4007672646541
			87.226855831184	-39.4007672646541
			87.2681564258011	-39.4007672646541
			87.3094570204181	-39.4420678592712
			87.3507576150351	-39.4833684538882
			87.3507576150351	-39.5246690485053
			87.3507576150351	-39.5659696431223
			87.3507576150351	-39.6072702377393
			87.3920582096522	-39.6485708323564
			87.3920582096522	-39.6898714269734
			87.3920582096522	-39.7311720215904
			87.3920582096522	-39.7724726162075
			87.3920582096522	-39.8137732108245
			87.3920582096522	-39.8550738054416
			87.3920582096522	-39.8963744000586
			87.3920582096522	-39.9376749946756
			87.3920582096522	-39.9789755892927
			87.3920582096522	-40.0202761839097
			87.3920582096522	-40.0615767785267
			87.3920582096522	-40.1028773731438
			87.4333588042692	-40.1441779677608
			87.4333588042692	-40.1854785623779
			87.4333588042692	-40.2267791569949
			87.4333588042692	-40.2680797516119
			87.4333588042692	-40.309380346229
			87.4333588042692	-40.350680940846
			87.4333588042692	-40.3919815354631
			87.4333588042692	-40.4332821300801
			87.4333588042692	-40.4745827246971
			87.4333588042692	-40.5158833193142
			87.4333588042692	-40.5571839139312
			87.4333588042692	-40.5984845085482
			87.4746593988862	-40.6397851031653
			87.4746593988862	-40.6810856977823
			87.4746593988862	-40.7223862923994
			87.4746593988862	-40.7636868870164
			87.4746593988862	-40.8049874816334
			87.4746593988862	-40.8462880762505
			87.4746593988862	-40.8875886708675
			87.4746593988862	-40.9288892654845
			87.4746593988862	-40.9701898601016
			87.4746593988862	-41.0114904547186
			87.4746593988862	-41.0527910493357
			87.4746593988862	-41.0940916439527
			87.4746593988862	-41.1353922385697
			87.4746593988862	-41.1766928331868
			87.4746593988862	-41.2179934278038
			87.5159599935033	-41.2592940224209
			87.5159599935033	-41.3005946170379
			87.5159599935033	-41.3418952116549
			87.5159599935033	-41.383195806272
			87.5159599935033	-41.424496400889
			87.5159599935033	-41.465796995506
			87.5159599935033	-41.5070975901231
			87.5159599935033	-41.5483981847401
			87.5159599935033	-41.5896987793572
			87.5159599935033	-41.6309993739742
			87.5159599935033	-41.6722999685912
			87.5159599935033	-41.7136005632083
			87.5159599935033	-41.7549011578253
			87.5159599935033	-41.7962017524423
			87.5159599935033	-41.8375023470594
			87.5159599935033	-41.8788029416764
			87.5159599935033	-41.9201035362935
			87.5159599935033	-41.9614041309105
			87.5159599935033	-42.0027047255275
			87.5159599935033	-42.0440053201446
			87.5159599935033	-42.0853059147616
			87.5572605881203	-42.1266065093786
			87.5572605881203	-42.1679071039957
			87.5572605881203	-42.2092076986127
			87.5572605881203	-42.2505082932298
			87.5572605881203	-42.2918088878468
			87.5572605881203	-42.3331094824638
			87.5572605881203	-42.3744100770809
			87.5572605881203	-42.4157106716979
			87.5572605881203	-42.457011266315
			87.5572605881203	-42.498311860932
			87.5572605881203	-42.539612455549
			87.5572605881203	-42.5809130501661
			87.5572605881203	-42.6222136447831
			87.5572605881203	-42.6635142394001
			87.5572605881203	-42.7048148340172
			87.5572605881203	-42.7461154286342
			87.5572605881203	-42.7874160232513
			87.5572605881203	-42.8287166178683
			87.5572605881203	-42.8700172124853
			87.5572605881203	-42.9113178071024
			87.5572605881203	-42.9526184017194
			87.5572605881203	-42.9939189963364
			87.5572605881203	-43.0352195909535
			87.5572605881203	-43.0765201855705
			87.5572605881203	-43.1178207801876
			87.5572605881203	-43.1591213748046
			87.5572605881203	-43.2004219694216
			87.5572605881203	-43.2417225640387
			87.5985611827374	-43.2830231586557
			87.5985611827374	-43.3243237532727
			87.5985611827374	-43.3656243478898
			87.5985611827374	-43.4069249425068
			87.5985611827374	-43.4482255371239
			87.5985611827374	-43.4895261317409
			87.5985611827374	-43.5308267263579
			87.5985611827374	-43.572127320975
			87.5985611827374	-43.613427915592
			87.5985611827374	-43.654728510209
			87.5985611827374	-43.6960291048261
			87.5985611827374	-43.7373296994431
			87.5572605881203	-43.7373296994431
			87.5572605881203	-43.7786302940602
			87.5572605881203	-43.8199308886772
			87.5159599935033	-43.8612314832942
			87.5159599935033	-43.9025320779113
			87.4746593988862	-43.9438326725283
			87.4333588042692	-43.9851332671454
			87.3920582096522	-44.0264338617624
			87.3507576150351	-44.0677344563794
			87.3094570204181	-44.0677344563794
			87.2681564258011	-44.1090350509965
			87.226855831184	-44.1090350509965
			87.185555236567	-44.1503356456135
			87.1442546419499	-44.1503356456135
			87.1029540473329	-44.1916362402305
			87.0616534527159	-44.1916362402305
			87.0203528580988	-44.1916362402305
			86.9790522634818	-44.2329368348476
			86.9377516688648	-44.2329368348476
			86.8964510742477	-44.2329368348476
			86.8551504796307	-44.2329368348476
			86.8138498850136	-44.2742374294646
			86.7725492903966	-44.2742374294646
			86.7312486957796	-44.2742374294646
			86.6899481011625	-44.2742374294646
			86.6486475065455	-44.2742374294646
			86.6073469119285	-44.2742374294646
			86.5660463173114	-44.2742374294646
			86.5247457226944	-44.2742374294646
			86.4834451280773	-44.2742374294646
			86.4421445334603	-44.2742374294646
			86.4008439388433	-44.2742374294646
			86.3595433442262	-44.2742374294646
			86.3182427496092	-44.2742374294646
			86.2769421549922	-44.2742374294646
			86.2356415603751	-44.2742374294646
			86.1943409657581	-44.2742374294646
			86.153040371141	-44.2742374294646
			86.111739776524	-44.2742374294646
			86.070439181907	-44.2742374294646
			86.0291385872899	-44.2742374294646
			85.9878379926729	-44.2742374294646
			85.9465373980559	-44.2742374294646
			85.9052368034388	-44.2742374294646
			85.8639362088218	-44.2742374294646
			85.8226356142047	-44.2742374294646
			85.7813350195877	-44.2742374294646
		</End>
		<Tail2 type=matrix rownames=FALSE colnames=FALSE nrow=98 ncol=2 as.numeric=TRUE >
			85.7813350195877	-44.2742374294646
			85.7400344249707	-44.2742374294646
			85.6987338303536	-44.2742374294646
			85.6574332357366	-44.2742374294646
			85.6161326411195	-44.2742374294646
			85.5748320465025	-44.2742374294646
			85.5335314518855	-44.2742374294646
			85.4922308572684	-44.2742374294646
			85.4509302626514	-44.2742374294646
			85.4096296680344	-44.2742374294646
			85.3683290734173	-44.2742374294646
			85.3270284788003	-44.2742374294646
			85.2857278841832	-44.2742374294646
			85.2444272895662	-44.2742374294646
			85.2031266949492	-44.2742374294646
			85.1618261003321	-44.2742374294646
			85.1205255057151	-44.2742374294646
			85.0792249110981	-44.2742374294646
			85.037924316481	-44.2742374294646
			84.996623721864	-44.2742374294646
			84.9553231272469	-44.2742374294646
			84.9140225326299	-44.2742374294646
			84.8727219380129	-44.2742374294646
			84.8314213433958	-44.2742374294646
			84.7901207487788	-44.2742374294646
			84.7488201541617	-44.2742374294646
			84.7075195595447	-44.2742374294646
			84.6662189649277	-44.2742374294646
			84.6249183703106	-44.2742374294646
			84.5836177756936	-44.2742374294646
			84.5423171810766	-44.2742374294646
			84.5010165864595	-44.2742374294646
			84.4597159918425	-44.2742374294646
			84.4184153972254	-44.2742374294646
			84.3771148026084	-44.2742374294646
			84.3358142079914	-44.2742374294646
			84.2945136133743	-44.2742374294646
			84.2532130187573	-44.2742374294646
			84.2119124241403	-44.2742374294646
			84.1706118295232	-44.2742374294646
			84.1293112349062	-44.2742374294646
			84.0880106402891	-44.2742374294646
			84.0467100456721	-44.2742374294646
			84.0054094510551	-44.2742374294646
			83.964108856438	-44.2742374294646
			83.922808261821	-44.2742374294646
			83.8815076672039	-44.2742374294646
			83.8402070725869	-44.2742374294646
			83.7989064779699	-44.2742374294646
			83.7576058833528	-44.2742374294646
			83.7163052887358	-44.2742374294646
			83.6750046941188	-44.2742374294646
			83.6337040995017	-44.2742374294646
			83.5924035048847	-44.2742374294646
			83.5511029102676	-44.2742374294646
			83.5098023156506	-44.2742374294646
			83.4685017210336	-44.2742374294646
			83.4272011264165	-44.2742374294646
			83.3859005317995	-44.2742374294646
			83.3445999371825	-44.3155380240817
			83.3032993425654	-44.3155380240817
			83.2619987479484	-44.3155380240817
			83.2206981533313	-44.3568386186987
			83.1793975587143	-44.3568386186987
			83.1380969640973	-44.3568386186987
			83.0967963694802	-44.3568386186987
			83.0554957748632	-44.3981392133157
			83.0141951802462	-44.3981392133157
			82.9728945856291	-44.3981392133157
			82.9315939910121	-44.4394398079328
			82.890293396395	-44.4394398079328
			82.848992801778	-44.4394398079328
			82.807692207161	-44.4394398079328
			82.7663916125439	-44.4807404025498
			82.7250910179269	-44.4807404025498
			82.6837904233099	-44.4807404025498
			82.6424898286928	-44.5220409971668
			82.6011892340758	-44.5220409971668
			82.5598886394587	-44.5220409971668
			82.5185880448417	-44.5633415917839
			82.4772874502247	-44.5633415917839
			82.4359868556076	-44.5633415917839
			82.3946862609906	-44.6046421864009
			82.3533856663736	-44.6046421864009
			82.3120850717565	-44.6046421864009
			82.2707844771395	-44.645942781018
			82.2294838825224	-44.645942781018
			82.1881832879054	-44.645942781018
			82.1468826932884	-44.645942781018
			82.1055820986713	-44.687243375635
			82.0642815040543	-44.687243375635
			82.0229809094373	-44.687243375635
			81.9816803148202	-44.728543970252
			81.9403797202032	-44.728543970252
			81.8990791255861	-44.728543970252
			81.8577785309691	-44.7698445648691
			81.8164779363521	-44.7698445648691
			81.775177341735	-44.7698445648691
		</Tail2>
		<AnalFin type=matrix rownames=FALSE colnames=FALSE nrow=84 ncol=2 as.numeric=TRUE >
			81.775177341735	-44.7698445648691
			81.733876747118	-44.8111451594861
			81.6925761525009	-44.8111451594861
			81.6512755578839	-44.8111451594861
			81.6099749632669	-44.8111451594861
			81.6099749632669	-44.8524457541032
			81.5686743686498	-44.8524457541032
			81.5273737740328	-44.8524457541032
			81.4860731794158	-44.8937463487202
			81.4447725847987	-44.8937463487202
			81.4034719901817	-44.9350469433372
			81.3621713955646	-44.9350469433372
			81.3208708009476	-44.9763475379543
			81.2795702063306	-44.9763475379543
			81.2382696117135	-44.9763475379543
			81.1969690170965	-45.0176481325713
			81.1556684224795	-45.0589487271883
			81.1143678278624	-45.0589487271883
			81.0730672332454	-45.0589487271883
			81.0317666386283	-45.1002493218054
			80.9904660440113	-45.1002493218054
			80.9491654493943	-45.1415499164224
			80.9078648547772	-45.1415499164224
			80.8665642601602	-45.1828505110394
			80.8252636655431	-45.1828505110394
			80.7839630709261	-45.2241511056565
			80.7426624763091	-45.2241511056565
			80.701361881692	-45.2654517002735
			80.660061287075	-45.2654517002735
			80.618760692458	-45.3067522948906
			80.5774600978409	-45.3067522948906
			80.5361595032239	-45.3480528895076
			80.4948589086068	-45.3480528895076
			80.4535583139898	-45.3893534841246
			80.4122577193728	-45.3893534841246
			80.4122577193728	-45.4306540787417
			80.3709571247557	-45.4306540787417
			80.3296565301387	-45.4306540787417
			80.2883559355217	-45.4719546733587
			80.2470553409046	-45.4719546733587
			80.2057547462876	-45.5132552679758
			80.1644541516705	-45.5132552679758
			80.1644541516705	-45.5545558625928
			80.1231535570535	-45.5545558625928
			80.0818529624365	-45.5958564572098
			80.0405523678194	-45.5958564572098
			79.9992517732024	-45.6371570518269
			79.9579511785853	-45.6784576464439
			79.9166505839683	-45.6784576464439
			79.8753499893513	-45.7197582410609
			79.8340493947342	-45.761058835678
			79.7927488001172	-45.761058835678
			79.7514482055002	-45.802359430295
			79.7101476108831	-45.8436600249121
			79.6688470162661	-45.8849606195291
			79.627546421649	-45.8849606195291
			79.586245827032	-45.9262612141461
			79.544945232415	-45.9262612141461
			79.544945232415	-45.9675618087632
			79.5036446377979	-45.9675618087632
			79.4623440431809	-46.0088624033802
			79.4210434485639	-46.0088624033802
			79.4210434485639	-46.0501629979972
			79.3797428539468	-46.0914635926143
			79.3384422593298	-46.0914635926143
			79.2971416647127	-46.1327641872313
			79.2558410700957	-46.1740647818484
			79.2145404754787	-46.2153653764654
			79.1732398808616	-46.2153653764654
			79.1319392862446	-46.2566659710824
			79.0906386916276	-46.2979665656995
			79.0493380970105	-46.3392671603165
			79.0493380970105	-46.3805677549336
			79.0080375023935	-46.3805677549336
			78.9667369077765	-46.4218683495506
			78.9254363131594	-46.4631689441676
			78.8841357185424	-46.5044695387847
			78.8428351239253	-46.5457701334017
			78.8015345293083	-46.5870707280187
			78.7602339346913	-46.5870707280187
			78.7602339346913	-46.6283713226358
			78.7189333400742	-46.6696719172528
			78.6776327454572	-46.7109725118699
			78.6363321508401	-46.7522731064869
		</AnalFin>
		<Pectfin type=matrix rownames=FALSE colnames=FALSE nrow=60 ncol=2 as.numeric=TRUE >
			68.4763858750488	-44.2329368348476
			68.5176864696659	-44.2742374294646
			68.5589870642829	-44.3155380240817
			68.5589870642829	-44.3568386186987
			68.6002876588999	-44.3981392133157
			68.641588253517	-44.4394398079328
			68.641588253517	-44.4807404025498
			68.682888848134	-44.5220409971668
			68.7241894427511	-44.5633415917839
			68.7241894427511	-44.6046421864009
			68.7654900373681	-44.645942781018
			68.7654900373681	-44.687243375635
			68.8067906319851	-44.728543970252
			68.8067906319851	-44.7698445648691
			68.8067906319851	-44.8111451594861
			68.8480912266022	-44.8524457541032
			68.8893918212192	-44.8937463487202
			68.8893918212192	-44.9350469433372
			68.8893918212192	-44.9763475379543
			68.8893918212192	-45.0176481325713
			68.9306924158362	-45.0176481325713
			68.9306924158362	-45.0589487271883
			68.9306924158362	-45.1002493218054
			68.9306924158362	-45.1415499164224
			68.9719930104533	-45.1828505110394
			68.9719930104533	-45.2241511056565
			68.9719930104533	-45.2654517002735
			68.9719930104533	-45.3067522948906
			68.9719930104533	-45.3480528895076
			69.0132936050703	-45.3893534841246
			69.0132936050703	-45.4306540787417
			69.0132936050703	-45.4719546733587
			69.0132936050703	-45.5132552679758
			69.0132936050703	-45.5545558625928
			69.0132936050703	-45.5958564572098
			69.0132936050703	-45.6371570518269
			69.0132936050703	-45.6784576464439
			69.0132936050703	-45.7197582410609
			69.0132936050703	-45.761058835678
			69.0132936050703	-45.802359430295
			69.0132936050703	-45.8436600249121
			69.0132936050703	-45.8849606195291
			69.0132936050703	-45.9262612141461
			69.0132936050703	-45.9675618087632
			69.0132936050703	-46.0088624033802
			69.0132936050703	-46.0501629979972
			69.0132936050703	-46.0914635926143
			69.0132936050703	-46.1327641872313
			69.0132936050703	-46.1740647818484
			69.0132936050703	-46.2153653764654
			69.0132936050703	-46.2566659710824
			69.0132936050703	-46.2979665656995
			69.0132936050703	-46.3392671603165
			69.0132936050703	-46.3805677549336
			69.0132936050703	-46.4218683495506
			69.0132936050703	-46.4631689441676
			68.9719930104533	-46.5044695387847
			68.9719930104533	-46.5457701334017
			68.9719930104533	-46.5870707280187
			68.9719930104533	-46.6283713226358
		</Pectfin>
		<Opercle type=matrix rownames=FALSE colnames=FALSE nrow=188 ncol=2 as.numeric=TRUE >
			67.8568769557933	-41.465796995506
			67.8568769557933	-41.5070975901231
			67.8981775504103	-41.5483981847401
			67.8981775504103	-41.5896987793572
			67.8981775504103	-41.6309993739742
			67.9394781450273	-41.6722999685912
			67.9394781450273	-41.7136005632083
			67.9394781450273	-41.7549011578253
			67.9807787396444	-41.7962017524423
			67.9807787396444	-41.8375023470594
			67.9807787396444	-41.8788029416764
			67.9807787396444	-41.9201035362935
			67.9807787396444	-41.9614041309105
			68.0220793342614	-42.0027047255275
			68.0220793342614	-42.0440053201446
			68.0220793342614	-42.0853059147616
			68.0220793342614	-42.1266065093786
			68.0220793342614	-42.1679071039957
			68.0220793342614	-42.2092076986127
			68.0220793342614	-42.2505082932298
			68.0220793342614	-42.2918088878468
			68.0220793342614	-42.3331094824638
			68.0220793342614	-42.3744100770809
			68.0220793342614	-42.4157106716979
			68.0220793342614	-42.457011266315
			68.0220793342614	-42.498311860932
			68.0220793342614	-42.539612455549
			68.0220793342614	-42.5809130501661
			68.0220793342614	-42.6222136447831
			68.0220793342614	-42.6635142394001
			68.0220793342614	-42.7048148340172
			68.0220793342614	-42.7461154286342
			68.0220793342614	-42.7874160232513
			68.0220793342614	-42.8287166178683
			68.0220793342614	-42.8700172124853
			68.0220793342614	-42.9113178071024
			67.9807787396444	-42.9526184017194
			67.9807787396444	-42.9939189963364
			67.9807787396444	-43.0352195909535
			67.9807787396444	-43.0765201855705
			67.9807787396444	-43.1178207801876
			67.9807787396444	-43.1591213748046
			67.9807787396444	-43.2004219694216
			67.9394781450273	-43.2417225640387
			67.9394781450273	-43.2830231586557
			67.9394781450273	-43.3243237532727
			67.9394781450273	-43.3656243478898
			67.9394781450273	-43.4069249425068
			67.8981775504103	-43.4482255371239
			67.8981775504103	-43.4895261317409
			67.8981775504103	-43.5308267263579
			67.8568769557933	-43.572127320975
			67.8568769557933	-43.613427915592
			67.8568769557933	-43.654728510209
			67.8155763611762	-43.6960291048261
			67.8155763611762	-43.7373296994431
			67.7742757665592	-43.7786302940602
			67.7742757665592	-43.8199308886772
			67.7329751719421	-43.8612314832942
			67.7329751719421	-43.9025320779113
			67.7329751719421	-43.9438326725283
			67.6916745773251	-43.9851332671454
			67.6916745773251	-44.0264338617624
			67.6503739827081	-44.0264338617624
			67.6503739827081	-44.0677344563794
			67.609073388091	-44.1090350509965
			67.609073388091	-44.1503356456135
			67.567772793474	-44.1916362402305
			67.567772793474	-44.2329368348476
			67.526472198857	-44.2329368348476
			67.526472198857	-44.2742374294646
			67.526472198857	-44.3155380240817
			67.4851716042399	-44.3568386186987
			67.4851716042399	-44.3981392133157
			67.4438710096229	-44.4394398079328
			67.4025704150058	-44.4807404025498
			67.4025704150058	-44.5220409971668
			67.3612698203888	-44.5633415917839
			67.3199692257718	-44.6046421864009
			67.3199692257718	-44.645942781018
			67.2786686311547	-44.687243375635
			67.2786686311547	-44.728543970252
			67.2373680365377	-44.728543970252
			67.1960674419206	-44.7698445648691
			67.1960674419206	-44.8111451594861
			67.1547668473036	-44.8524457541032
			67.1134662526866	-44.8937463487202
			67.1134662526866	-44.9350469433372
			67.0721656580695	-44.9350469433372
			67.0308650634525	-44.9763475379543
			67.0308650634525	-45.0176481325713
			66.9895644688355	-45.0589487271883
			66.9482638742184	-45.1002493218054
			66.9069632796014	-45.1415499164224
			66.8656626849843	-45.1828505110394
			66.8243620903673	-45.2241511056565
			66.8243620903673	-45.2654517002735
			66.7830614957503	-45.3067522948906
			66.7417609011332	-45.3480528895076
			66.7004603065162	-45.3480528895076
			66.6591597118992	-45.3893534841246
			66.6178591172821	-45.4306540787417
			66.5765585226651	-45.4719546733587
			66.5765585226651	-45.5132552679758
			66.535257928048	-45.5132552679758
			66.493957333431	-45.5545558625928
			66.452656738814	-45.5958564572098
			66.4113561441969	-45.6371570518269
			66.3700555495799	-45.6784576464439
			66.3287549549628	-45.7197582410609
			66.2874543603458	-45.7197582410609
			66.2461537657288	-45.761058835678
			66.2048531711117	-45.761058835678
			66.1635525764947	-45.802359430295
			66.1635525764947	-45.8436600249121
			66.1222519818777	-45.8436600249121
			66.0809513872606	-45.8849606195291
			66.0396507926436	-45.8849606195291
			65.9983501980265	-45.9262612141461
			65.9570496034095	-45.9262612141461
			65.9157490087925	-45.9675618087632
			65.8744484141754	-46.0088624033802
			65.8331478195584	-46.0088624033802
			65.7918472249414	-46.0501629979972
			65.7505466303243	-46.0501629979972
			65.7092460357073	-46.0914635926143
			65.6679454410902	-46.0914635926143
			65.6266448464732	-46.1327641872313
			65.5853442518562	-46.1327641872313
			65.5440436572391	-46.1327641872313
			65.5027430626221	-46.1740647818484
			65.4614424680051	-46.1740647818484
			65.420141873388	-46.1740647818484
			65.378841278771	-46.2153653764654
			65.3375406841539	-46.2153653764654
			65.2962400895369	-46.2153653764654
			65.2549394949199	-46.2566659710824
			65.2136389003028	-46.2566659710824
			65.1723383056858	-46.2566659710824
			65.1310377110688	-46.2566659710824
			65.0897371164517	-46.2566659710824
			65.0484365218347	-46.2979665656995
			65.0071359272176	-46.2979665656995
			64.9658353326006	-46.2979665656995
			64.9245347379836	-46.2979665656995
			64.8832341433665	-46.2979665656995
			64.8419335487495	-46.2979665656995
			64.8006329541325	-46.2979665656995
			64.7593323595154	-46.2979665656995
			64.7180317648984	-46.3392671603165
			64.6767311702813	-46.3392671603165
			64.6354305756643	-46.3392671603165
			64.5941299810473	-46.3392671603165
			64.5528293864302	-46.3392671603165
			64.5115287918132	-46.3392671603165
			64.4702281971961	-46.3392671603165
			64.4289276025791	-46.2979665656995
			64.3876270079621	-46.2979665656995
			64.346326413345	-46.2979665656995
			64.305025818728	-46.2979665656995
			64.263725224111	-46.2979665656995
			64.2224246294939	-46.2979665656995
			64.1811240348769	-46.2979665656995
			64.1398234402598	-46.2979665656995
			64.0985228456428	-46.2566659710824
			64.0572222510258	-46.2566659710824
			64.0159216564087	-46.2566659710824
			63.9746210617917	-46.2153653764654
			63.9333204671747	-46.2153653764654
			63.8920198725576	-46.2153653764654
			63.8507192779406	-46.1740647818484
			63.8094186833235	-46.1740647818484
			63.7681180887065	-46.1327641872313
			63.7268174940895	-46.1327641872313
			63.6855168994724	-46.0914635926143
			63.6442163048554	-46.0914635926143
			63.6029157102383	-46.0501629979972
			63.5616151156213	-46.0501629979972
			63.5203145210043	-46.0088624033802
			63.4790139263872	-45.9675618087632
			63.4377133317702	-45.9262612141461
			63.3964127371532	-45.8849606195291
			63.3551121425361	-45.8436600249121
			63.3138115479191	-45.802359430295
			63.3138115479191	-45.761058835678
			63.272510953302	-45.7197582410609
			63.272510953302	-45.6784576464439
			63.272510953302	-45.6371570518269
		</Opercle>
		<Preopercle type=matrix rownames=FALSE colnames=FALSE nrow=94 ncol=2 as.numeric=TRUE >
			64.5115287918132	-42.457011266315
			64.5115287918132	-42.498311860932
			64.5115287918132	-42.539612455549
			64.4702281971961	-42.5809130501661
			64.4702281971961	-42.6222136447831
			64.4702281971961	-42.6635142394001
			64.4702281971961	-42.7048148340172
			64.4289276025791	-42.7461154286342
			64.4289276025791	-42.7874160232513
			64.4289276025791	-42.8287166178683
			64.4289276025791	-42.8700172124853
			64.4289276025791	-42.9113178071024
			64.4289276025791	-42.9526184017194
			64.3876270079621	-42.9939189963364
			64.3876270079621	-43.0352195909535
			64.3876270079621	-43.0765201855705
			64.3876270079621	-43.1178207801876
			64.3876270079621	-43.1591213748046
			64.3876270079621	-43.2004219694216
			64.3876270079621	-43.2417225640387
			64.3876270079621	-43.2830231586557
			64.3876270079621	-43.3243237532727
			64.3876270079621	-43.3656243478898
			64.3876270079621	-43.4069249425068
			64.3876270079621	-43.4482255371239
			64.3876270079621	-43.4895261317409
			64.3876270079621	-43.5308267263579
			64.3876270079621	-43.572127320975
			64.3876270079621	-43.613427915592
			64.3876270079621	-43.654728510209
			64.3876270079621	-43.6960291048261
			64.3876270079621	-43.7373296994431
			64.3876270079621	-43.7786302940602
			64.3876270079621	-43.8199308886772
			64.3876270079621	-43.8612314832942
			64.3876270079621	-43.9025320779113
			64.3876270079621	-43.9438326725283
			64.3876270079621	-43.9851332671454
			64.3876270079621	-44.0264338617624
			64.3876270079621	-44.0677344563794
			64.3876270079621	-44.1090350509965
			64.3876270079621	-44.1503356456135
			64.3876270079621	-44.1916362402305
			64.3876270079621	-44.2329368348476
			64.3876270079621	-44.2742374294646
			64.4289276025791	-44.3155380240817
			64.4289276025791	-44.3568386186987
			64.4289276025791	-44.3981392133157
			64.4289276025791	-44.4394398079328
			64.4289276025791	-44.4807404025498
			64.4289276025791	-44.5220409971668
			64.4289276025791	-44.5633415917839
			64.4289276025791	-44.6046421864009
			64.4289276025791	-44.645942781018
			64.4289276025791	-44.687243375635
			64.4702281971961	-44.728543970252
			64.4702281971961	-44.7698445648691
			64.4702281971961	-44.8111451594861
			64.4702281971961	-44.8524457541032
			64.4702281971961	-44.8937463487202
			64.4702281971961	-44.9350469433372
			64.4289276025791	-44.9763475379543
			64.4289276025791	-45.0176481325713
			64.3876270079621	-45.0589487271883
			64.3876270079621	-45.1002493218054
			64.346326413345	-45.1415499164224
			64.346326413345	-45.1828505110394
			64.305025818728	-45.1828505110394
			64.263725224111	-45.2241511056565
			64.263725224111	-45.2654517002735
			64.2224246294939	-45.3067522948906
			64.1811240348769	-45.3067522948906
			64.1398234402598	-45.3480528895076
			64.0985228456428	-45.3893534841246
			64.0572222510258	-45.4306540787417
			64.0159216564087	-45.4306540787417
			63.9746210617917	-45.4719546733587
			63.9333204671747	-45.4719546733587
			63.8920198725576	-45.5132552679758
			63.8507192779406	-45.5132552679758
			63.8094186833235	-45.5132552679758
			63.7681180887065	-45.5545558625928
			63.7268174940895	-45.5545558625928
			63.6855168994724	-45.5545558625928
			63.6442163048554	-45.5958564572098
			63.6029157102383	-45.5958564572098
			63.5616151156213	-45.5958564572098
			63.5203145210043	-45.5958564572098
			63.4790139263872	-45.5958564572098
			63.4377133317702	-45.6371570518269
			63.3964127371532	-45.6371570518269
			63.3551121425361	-45.6371570518269
			63.3138115479191	-45.6371570518269
			63.272510953302	-45.6371570518269
		</Preopercle>
	</curves.scaled>
	<ruler.points type=matrix rownames=TRUE colnames=FALSE nrow=2 ncol=2 as.numeric=TRUE >
		Ruler point 1	1405	754
		Ruler point 2	1407	1369
	</ruler.points>
</shapes>

