<shapes type=list>
	<ruler.pixel type=vector names=FALSE length=1 as.numeric=TRUE >638.019592175664</ruler.pixel>
	<ruler.interval type=vector names=FALSE length=1 as.numeric=TRUE >25.4</ruler.interval>
	<scaling.units type=vector names=FALSE length=1 as.numeric=FALSE >mm</scaling.units>
	<scaling type=vector names=FALSE length=1 as.numeric=TRUE >0.0398106896896149</scaling>
	<landmarks.pixel type=matrix rownames=TRUE colnames=FALSE nrow=12 ncol=2 as.numeric=TRUE >
		LM1	1549	1075
		LM2	1928	873
		LM3	2278	950
		LM4	2299	1084
		LM5	2153	1116
		LM6	2078	1170
		LM7	1798	1156
		LM8	1807	1207
		LM9	1767	1051
		LM10	1684	1180
		LM11	1696	1091
		LM12	1640	1019
	</landmarks.pixel>
	<landmarks.scaled type=matrix rownames=TRUE colnames=FALSE nrow=12 ncol=2 as.numeric=TRUE >
		LM1	61.6667583292135	-42.796491416336
		LM2	76.7550097215776	-34.7547320990338
		LM3	90.6887511129428	-37.8201552051342
		LM4	91.5247755964247	-43.1547876235426
		LM5	85.7124149017409	-44.4287296936102
		LM6	82.7266131750198	-46.5785069368494
		LM7	71.5796200619276	-46.0211572811948
		LM8	71.9379162691341	-48.0515024553652
		LM9	70.3454886815495	-41.8410348637853
		LM10	67.0412014373115	-46.9766138337456
		LM11	67.5189297135869	-43.4334624513699
		LM12	65.2895310909685	-40.5670927937176
	</landmarks.scaled>
	<curves.control type=list>
		<Eye type=matrix rownames=FALSE colnames=FALSE nrow=9 ncol=2 as.numeric=TRUE >
			1640	1019
			1686	1032
			1674	1072
			1648	1112
			1605	1097
			1584	1066
			1593	1051
			1602	1027
			1640	1019
		</Eye>
		<Head type=matrix rownames=FALSE colnames=FALSE nrow=13 ncol=2 as.numeric=TRUE >
			1549	1075
			1549	1055
			1632	1000
			1667	978
			1698	961
			1730	942
			1754	929
			1782	915
			1822	899
			1837	893
			1870	882
			1902	870
			1928	873
		</Head>
		<Tail1 type=matrix rownames=FALSE colnames=FALSE nrow=13 ncol=2 as.numeric=TRUE >
			1928	873
			1959	888
			1994	900
			2028	912
			2067	920
			2118	926
			2142	931
			2188	936
			2207	941
			2212	938
			2222	943
			2260	943
			2278	950
		</Tail1>
		<End type=matrix rownames=FALSE colnames=FALSE nrow=7 ncol=2 as.numeric=TRUE >
			2278	950
			2294	954
			2329	982
			2320	1027
			2329	1055
			2327	1085
			2299	1084
		</End>
		<Tail2 type=matrix rownames=FALSE colnames=FALSE nrow=7 ncol=2 as.numeric=TRUE >
			2299	1084
			2276	1086
			2248	1089
			2225	1095
			2202	1102
			2180	1107
			2153	1116
		</Tail2>
		<AnalFin type=matrix rownames=FALSE colnames=FALSE nrow=7 ncol=2 as.numeric=TRUE >
			2153	1116
			2134	1126
			2119	1137
			2108	1144
			2096	1156
			2086	1164
			2078	1170
		</AnalFin>
		<Pectfin type=matrix rownames=FALSE colnames=FALSE nrow=5 ncol=2 as.numeric=TRUE >
			1798	1156
			1806	1168
			1807	1179
			1812	1192
			1807	1207
		</Pectfin>
		<Opercle type=matrix rownames=FALSE colnames=FALSE nrow=9 ncol=2 as.numeric=TRUE >
			1767	1051
			1785	1078
			1783	1100
			1778	1126
			1766	1147
			1746	1167
			1724	1175
			1707	1179
			1684	1180
		</Opercle>
		<Preopercle type=matrix rownames=FALSE colnames=FALSE nrow=5 ncol=2 as.numeric=TRUE >
			1696	1091
			1698	1110
			1696	1131
			1690	1155
			1684	1180
		</Preopercle>
	</curves.control>
	<curves.pixel type=list>
		<Eye type=matrix rownames=FALSE colnames=FALSE nrow=252 ncol=2 as.numeric=TRUE >
			1640	1019
			1641	1019
			1642	1020
			1643	1020
			1644	1020
			1645	1020
			1645	1021
			1646	1021
			1647	1021
			1648	1022
			1649	1022
			1650	1022
			1651	1023
			1652	1023
			1653	1024
			1654	1024
			1655	1025
			1656	1025
			1657	1026
			1658	1026
			1659	1027
			1660	1028
			1661	1028
			1662	1029
			1663	1030
			1664	1030
			1665	1031
			1666	1032
			1666	1033
			1667	1033
			1668	1034
			1669	1035
			1669	1036
			1670	1036
			1670	1037
			1671	1038
			1672	1039
			1672	1040
			1673	1041
			1673	1042
			1674	1043
			1674	1044
			1674	1045
			1675	1045
			1675	1046
			1675	1047
			1675	1048
			1676	1048
			1676	1049
			1676	1050
			1676	1051
			1676	1052
			1676	1053
			1676	1054
			1676	1055
			1676	1056
			1676	1057
			1676	1058
			1676	1059
			1676	1060
			1676	1061
			1676	1062
			1676	1063
			1676	1064
			1676	1065
			1675	1066
			1675	1067
			1675	1068
			1675	1069
			1675	1070
			1674	1071
			1674	1072
			1674	1073
			1673	1073
			1672	1074
			1672	1075
			1671	1076
			1671	1077
			1670	1078
			1669	1079
			1669	1080
			1668	1080
			1667	1081
			1667	1082
			1666	1083
			1665	1083
			1665	1084
			1664	1085
			1663	1086
			1662	1086
			1662	1087
			1661	1088
			1660	1088
			1660	1089
			1659	1089
			1658	1090
			1657	1091
			1656	1092
			1655	1093
			1654	1093
			1653	1094
			1652	1094
			1651	1095
			1650	1096
			1649	1096
			1648	1096
			1647	1097
			1646	1097
			1645	1098
			1644	1098
			1643	1098
			1642	1099
			1641	1099
			1640	1099
			1639	1100
			1638	1100
			1637	1100
			1636	1100
			1635	1100
			1634	1101
			1633	1101
			1632	1101
			1631	1101
			1630	1101
			1629	1101
			1628	1101
			1627	1101
			1626	1101
			1625	1101
			1624	1101
			1623	1101
			1622	1101
			1621	1101
			1620	1101
			1619	1101
			1618	1100
			1617	1100
			1616	1100
			1615	1100
			1614	1100
			1613	1099
			1612	1099
			1611	1099
			1610	1098
			1609	1098
			1608	1098
			1607	1098
			1606	1097
			1605	1097
			1604	1096
			1604	1095
			1603	1094
			1602	1093
			1602	1092
			1601	1091
			1601	1090
			1600	1089
			1599	1088
			1599	1087
			1598	1086
			1598	1085
			1597	1084
			1597	1083
			1596	1082
			1596	1081
			1595	1080
			1595	1079
			1594	1078
			1594	1077
			1594	1076
			1593	1076
			1593	1075
			1593	1074
			1592	1073
			1592	1072
			1592	1071
			1592	1070
			1591	1070
			1591	1069
			1591	1068
			1591	1067
			1591	1066
			1591	1065
			1590	1064
			1590	1063
			1590	1062
			1590	1061
			1590	1060
			1590	1059
			1591	1058
			1591	1057
			1591	1056
			1591	1055
			1591	1054
			1592	1054
			1592	1053
			1592	1052
			1593	1051
			1593	1050
			1594	1049
			1594	1048
			1595	1047
			1595	1046
			1596	1046
			1596	1045
			1596	1044
			1597	1044
			1597	1043
			1598	1042
			1598	1041
			1599	1040
			1600	1039
			1601	1038
			1602	1037
			1603	1036
			1604	1035
			1605	1034
			1606	1034
			1607	1033
			1608	1032
			1609	1031
			1610	1031
			1611	1030
			1612	1029
			1613	1029
			1614	1028
			1615	1027
			1616	1027
			1617	1027
			1618	1026
			1619	1026
			1620	1025
			1621	1025
			1622	1024
			1623	1024
			1624	1024
			1625	1023
			1626	1023
			1627	1023
			1628	1022
			1629	1022
			1630	1022
			1631	1021
			1632	1021
			1633	1021
			1634	1020
			1635	1020
			1636	1020
			1637	1020
			1638	1019
			1639	1019
			1640	1019
		</Eye>
		<Head type=matrix rownames=FALSE colnames=FALSE nrow=403 ncol=2 as.numeric=TRUE >
			1549	1075
			1549	1074
			1549	1073
			1549	1072
			1550	1071
			1550	1070
			1551	1069
			1551	1068
			1551	1067
			1552	1066
			1552	1065
			1553	1064
			1554	1064
			1554	1063
			1555	1062
			1556	1061
			1557	1060
			1557	1059
			1558	1058
			1559	1057
			1560	1056
			1561	1055
			1562	1054
			1563	1053
			1564	1052
			1564	1051
			1565	1050
			1566	1050
			1567	1049
			1568	1048
			1569	1047
			1570	1046
			1571	1045
			1572	1044
			1573	1043
			1574	1042
			1575	1042
			1576	1041
			1577	1040
			1578	1039
			1579	1038
			1580	1037
			1581	1037
			1582	1036
			1583	1035
			1584	1034
			1585	1034
			1586	1033
			1587	1032
			1588	1032
			1588	1031
			1589	1030
			1590	1029
			1591	1029
			1592	1028
			1593	1027
			1594	1026
			1595	1026
			1596	1025
			1597	1024
			1598	1024
			1599	1023
			1600	1022
			1601	1021
			1602	1021
			1603	1020
			1604	1019
			1605	1018
			1606	1018
			1607	1017
			1608	1016
			1609	1016
			1610	1015
			1611	1014
			1612	1013
			1613	1013
			1614	1012
			1615	1012
			1615	1011
			1616	1011
			1617	1010
			1618	1009
			1619	1008
			1620	1008
			1621	1007
			1622	1007
			1623	1006
			1624	1005
			1625	1004
			1626	1004
			1627	1003
			1628	1002
			1629	1002
			1630	1001
			1631	1000
			1632	1000
			1633	1000
			1633	999
			1634	999
			1634	998
			1635	998
			1636	997
			1637	997
			1638	996
			1639	996
			1640	995
			1641	995
			1641	994
			1642	994
			1643	993
			1644	992
			1645	992
			1646	991
			1647	991
			1648	990
			1649	989
			1650	989
			1651	988
			1652	987
			1653	987
			1654	986
			1655	986
			1656	985
			1657	985
			1658	984
			1659	983
			1660	983
			1661	982
			1662	982
			1663	981
			1664	981
			1664	980
			1665	980
			1666	979
			1667	979
			1668	978
			1669	978
			1670	977
			1671	977
			1671	976
			1672	976
			1673	975
			1674	975
			1675	974
			1676	974
			1677	973
			1678	972
			1679	971
			1680	971
			1681	970
			1682	970
			1683	969
			1684	969
			1685	968
			1686	967
			1687	967
			1688	966
			1689	966
			1690	965
			1691	965
			1692	964
			1693	964
			1694	963
			1695	962
			1696	962
			1697	961
			1698	961
			1699	960
			1700	960
			1701	959
			1702	958
			1703	958
			1704	957
			1705	957
			1706	956
			1707	956
			1708	955
			1709	954
			1710	954
			1711	953
			1712	953
			1713	952
			1714	952
			1715	951
			1716	951
			1717	950
			1718	949
			1719	949
			1719	948
			1720	948
			1721	947
			1722	947
			1723	946
			1724	946
			1725	945
			1726	945
			1727	944
			1728	944
			1729	943
			1730	942
			1731	942
			1732	941
			1733	940
			1734	940
			1735	939
			1736	939
			1737	938
			1738	938
			1739	937
			1740	936
			1741	936
			1742	935
			1743	935
			1744	934
			1745	934
			1746	933
			1747	933
			1748	932
			1749	932
			1750	931
			1751	931
			1752	930
			1753	930
			1754	929
			1755	929
			1756	928
			1757	928
			1758	927
			1759	926
			1760	926
			1761	925
			1762	925
			1763	925
			1764	924
			1765	924
			1766	923
			1767	923
			1768	922
			1769	922
			1770	921
			1771	921
			1772	920
			1773	920
			1774	919
			1775	919
			1776	918
			1777	918
			1778	918
			1778	917
			1779	917
			1780	917
			1781	916
			1782	916
			1783	915
			1784	915
			1785	915
			1785	914
			1786	914
			1787	914
			1788	913
			1789	913
			1790	913
			1790	912
			1791	912
			1792	911
			1793	911
			1794	911
			1795	910
			1796	910
			1797	909
			1798	909
			1799	908
			1800	908
			1801	907
			1802	907
			1803	907
			1804	906
			1805	906
			1806	906
			1806	905
			1807	905
			1808	905
			1809	904
			1810	904
			1811	903
			1812	903
			1813	903
			1813	902
			1814	902
			1815	902
			1816	902
			1817	901
			1818	901
			1819	900
			1820	900
			1821	899
			1822	899
			1823	899
			1824	898
			1825	898
			1826	897
			1827	897
			1828	897
			1829	896
			1830	896
			1831	896
			1832	895
			1833	895
			1834	894
			1835	894
			1836	894
			1837	893
			1838	893
			1839	893
			1840	892
			1841	892
			1842	892
			1843	891
			1844	891
			1845	891
			1846	890
			1847	890
			1848	889
			1849	889
			1850	889
			1851	888
			1852	888
			1853	888
			1854	887
			1855	887
			1856	887
			1857	887
			1858	886
			1859	886
			1860	885
			1861	885
			1862	885
			1863	884
			1864	884
			1865	884
			1866	883
			1867	883
			1868	883
			1869	882
			1870	882
			1871	882
			1872	881
			1873	881
			1874	880
			1875	880
			1876	880
			1877	879
			1878	879
			1879	879
			1880	879
			1881	878
			1882	878
			1883	878
			1884	877
			1885	877
			1886	877
			1887	877
			1888	876
			1889	876
			1890	876
			1891	876
			1892	875
			1893	875
			1894	875
			1895	875
			1896	875
			1897	874
			1898	874
			1899	874
			1900	874
			1901	874
			1902	874
			1903	873
			1904	873
			1905	873
			1906	873
			1907	873
			1908	873
			1909	873
			1910	873
			1911	873
			1912	873
			1913	872
			1914	872
			1915	872
			1916	872
			1917	872
			1918	872
			1919	872
			1920	872
			1921	872
			1922	873
			1923	873
			1924	873
			1925	873
			1926	873
			1927	873
			1928	873
		</Head>
		<Tail1 type=matrix rownames=FALSE colnames=FALSE nrow=357 ncol=2 as.numeric=TRUE >
			1928	873
			1929	873
			1930	874
			1931	874
			1932	875
			1933	875
			1934	876
			1935	876
			1936	877
			1937	877
			1938	878
			1939	878
			1940	879
			1941	879
			1942	880
			1943	880
			1944	880
			1945	881
			1946	881
			1947	882
			1948	882
			1949	883
			1950	883
			1951	883
			1952	884
			1953	884
			1954	885
			1955	885
			1956	886
			1957	886
			1958	886
			1958	887
			1959	887
			1960	887
			1961	887
			1961	888
			1962	888
			1963	888
			1963	889
			1964	889
			1965	889
			1966	890
			1967	890
			1968	891
			1969	891
			1970	891
			1971	892
			1972	892
			1973	892
			1974	893
			1975	893
			1976	894
			1977	894
			1978	894
			1979	895
			1980	895
			1981	896
			1982	896
			1983	896
			1984	897
			1985	897
			1986	897
			1987	898
			1988	898
			1989	898
			1990	899
			1991	899
			1992	899
			1993	900
			1994	900
			1995	900
			1996	901
			1997	901
			1998	901
			1999	902
			2000	902
			2001	902
			2001	903
			2002	903
			2003	903
			2004	903
			2005	904
			2006	904
			2007	904
			2008	905
			2009	905
			2010	905
			2011	906
			2012	906
			2013	906
			2014	907
			2015	907
			2016	907
			2017	907
			2018	908
			2019	908
			2020	908
			2021	909
			2022	909
			2023	909
			2024	910
			2025	910
			2026	910
			2027	910
			2028	911
			2029	911
			2030	911
			2031	911
			2032	912
			2033	912
			2034	912
			2035	912
			2036	913
			2037	913
			2038	913
			2039	913
			2040	914
			2041	914
			2042	914
			2043	914
			2044	915
			2045	915
			2046	915
			2047	915
			2048	916
			2049	916
			2050	916
			2051	916
			2052	917
			2053	917
			2054	917
			2055	917
			2056	918
			2057	918
			2058	918
			2059	918
			2060	918
			2061	919
			2062	919
			2063	919
			2064	919
			2065	920
			2066	920
			2067	920
			2068	920
			2069	920
			2070	920
			2071	920
			2072	921
			2073	921
			2074	921
			2075	921
			2076	921
			2077	921
			2078	921
			2079	921
			2080	922
			2081	922
			2082	922
			2083	922
			2084	922
			2085	922
			2086	922
			2087	922
			2088	923
			2089	923
			2090	923
			2091	923
			2092	923
			2093	923
			2094	923
			2095	923
			2096	924
			2097	924
			2098	924
			2099	924
			2100	924
			2101	924
			2102	924
			2103	925
			2104	925
			2105	925
			2106	925
			2107	925
			2108	925
			2109	925
			2110	926
			2111	926
			2112	926
			2113	926
			2114	926
			2115	926
			2116	926
			2116	927
			2117	927
			2118	927
			2119	927
			2120	927
			2121	927
			2122	927
			2123	928
			2124	928
			2125	928
			2126	928
			2127	928
			2128	928
			2129	929
			2130	929
			2131	929
			2132	929
			2133	929
			2134	929
			2135	930
			2136	930
			2137	930
			2138	930
			2139	930
			2140	931
			2141	931
			2142	931
			2143	931
			2144	931
			2145	931
			2146	931
			2147	932
			2148	932
			2149	932
			2150	932
			2151	932
			2152	932
			2153	932
			2154	932
			2155	932
			2156	933
			2157	933
			2158	933
			2159	933
			2160	933
			2161	933
			2162	933
			2163	934
			2164	934
			2165	934
			2166	934
			2167	934
			2168	934
			2169	934
			2170	934
			2171	935
			2172	935
			2173	935
			2174	935
			2175	935
			2176	935
			2177	935
			2178	935
			2179	936
			2180	936
			2181	936
			2182	936
			2183	936
			2184	936
			2185	937
			2186	937
			2187	937
			2188	937
			2189	937
			2190	937
			2191	938
			2192	938
			2193	938
			2194	938
			2195	938
			2196	939
			2197	939
			2198	939
			2199	939
			2200	939
			2201	940
			2202	940
			2203	940
			2204	940
			2205	941
			2206	941
			2207	941
			2208	941
			2209	940
			2210	940
			2211	940
			2212	940
			2213	940
			2214	940
			2215	940
			2216	940
			2216	941
			2217	941
			2218	941
			2219	942
			2220	942
			2221	943
			2222	943
			2223	943
			2224	943
			2225	943
			2226	943
			2227	943
			2228	943
			2229	943
			2230	943
			2231	943
			2232	943
			2233	943
			2234	943
			2235	943
			2236	943
			2237	943
			2238	943
			2239	943
			2240	943
			2241	944
			2242	944
			2243	944
			2244	944
			2245	944
			2246	944
			2247	944
			2248	944
			2249	944
			2250	944
			2251	944
			2252	944
			2253	945
			2254	945
			2255	945
			2256	945
			2257	945
			2258	945
			2259	945
			2260	945
			2261	946
			2262	946
			2263	946
			2264	946
			2265	946
			2266	947
			2267	947
			2268	947
			2269	947
			2270	947
			2271	948
			2272	948
			2273	948
			2274	949
			2275	949
			2276	949
			2277	950
			2278	950
		</Tail1>
		<End type=matrix rownames=FALSE colnames=FALSE nrow=175 ncol=2 as.numeric=TRUE >
			2278	950
			2279	950
			2280	950
			2281	951
			2282	951
			2283	952
			2284	952
			2285	953
			2286	953
			2287	953
			2288	954
			2289	955
			2290	955
			2291	956
			2292	956
			2293	956
			2293	957
			2294	957
			2295	958
			2296	958
			2297	959
			2298	959
			2299	960
			2300	961
			2301	962
			2302	962
			2303	963
			2304	963
			2304	964
			2305	964
			2306	965
			2307	965
			2307	966
			2308	966
			2309	967
			2310	968
			2311	968
			2312	969
			2313	970
			2314	970
			2315	971
			2315	972
			2316	972
			2317	973
			2318	974
			2319	974
			2320	975
			2321	976
			2322	977
			2323	977
			2324	978
			2325	979
			2326	980
			2327	980
			2328	981
			2329	982
			2329	983
			2329	984
			2328	985
			2328	986
			2328	987
			2328	988
			2328	989
			2328	990
			2327	991
			2327	992
			2327	993
			2327	994
			2327	995
			2327	996
			2326	997
			2326	998
			2326	999
			2326	1000
			2326	1001
			2326	1002
			2326	1003
			2326	1004
			2325	1005
			2325	1006
			2325	1007
			2325	1008
			2325	1009
			2325	1010
			2325	1011
			2325	1012
			2325	1013
			2325	1014
			2325	1015
			2325	1016
			2325	1017
			2325	1018
			2325	1019
			2325	1020
			2325	1021
			2325	1022
			2325	1023
			2325	1024
			2325	1025
			2325	1026
			2325	1027
			2325	1028
			2325	1029
			2325	1030
			2325	1031
			2325	1032
			2325	1033
			2325	1034
			2325	1035
			2325	1036
			2325	1037
			2325	1038
			2325	1039
			2326	1040
			2326	1041
			2326	1042
			2326	1043
			2326	1044
			2326	1045
			2327	1046
			2327	1047
			2327	1048
			2327	1049
			2328	1050
			2328	1051
			2328	1052
			2328	1053
			2329	1054
			2329	1055
			2329	1056
			2329	1057
			2329	1058
			2329	1059
			2329	1060
			2328	1061
			2328	1062
			2328	1063
			2328	1064
			2327	1065
			2327	1066
			2327	1067
			2326	1068
			2326	1069
			2326	1070
			2325	1071
			2324	1072
			2324	1073
			2323	1074
			2323	1075
			2322	1076
			2321	1076
			2321	1077
			2320	1078
			2319	1078
			2319	1079
			2318	1080
			2317	1080
			2316	1081
			2315	1081
			2314	1081
			2313	1082
			2312	1082
			2311	1083
			2310	1083
			2309	1083
			2308	1083
			2307	1084
			2306	1084
			2305	1084
			2304	1084
			2303	1084
			2302	1084
			2301	1084
			2300	1084
			2299	1084
		</End>
		<Tail2 type=matrix rownames=FALSE colnames=FALSE nrow=147 ncol=2 as.numeric=TRUE >
			2299	1084
			2298	1084
			2297	1084
			2296	1084
			2295	1084
			2294	1084
			2293	1084
			2292	1085
			2291	1085
			2290	1085
			2289	1085
			2288	1085
			2287	1085
			2286	1085
			2285	1085
			2284	1085
			2283	1085
			2282	1086
			2281	1086
			2280	1086
			2279	1086
			2278	1086
			2277	1086
			2276	1086
			2275	1086
			2274	1086
			2273	1086
			2272	1087
			2271	1087
			2270	1087
			2269	1087
			2268	1087
			2267	1087
			2266	1087
			2265	1087
			2264	1087
			2263	1087
			2262	1088
			2261	1088
			2260	1088
			2259	1088
			2258	1088
			2257	1088
			2256	1088
			2255	1088
			2254	1088
			2253	1088
			2252	1089
			2251	1089
			2250	1089
			2249	1089
			2248	1089
			2247	1089
			2246	1090
			2245	1090
			2244	1090
			2243	1090
			2242	1091
			2241	1091
			2240	1091
			2239	1091
			2238	1092
			2237	1092
			2236	1092
			2235	1093
			2234	1093
			2233	1093
			2232	1093
			2231	1094
			2230	1094
			2229	1094
			2228	1094
			2227	1095
			2226	1095
			2225	1095
			2224	1096
			2223	1096
			2222	1096
			2221	1096
			2220	1097
			2219	1097
			2218	1097
			2217	1098
			2216	1098
			2215	1098
			2214	1098
			2213	1099
			2212	1099
			2211	1099
			2210	1100
			2209	1100
			2208	1100
			2207	1100
			2206	1101
			2205	1101
			2204	1101
			2203	1102
			2202	1102
			2201	1102
			2200	1102
			2199	1103
			2198	1103
			2197	1103
			2196	1103
			2195	1104
			2194	1104
			2193	1104
			2192	1104
			2191	1105
			2190	1105
			2189	1105
			2188	1105
			2187	1106
			2186	1106
			2185	1106
			2184	1107
			2183	1107
			2182	1107
			2181	1107
			2180	1108
			2179	1108
			2178	1108
			2177	1108
			2176	1109
			2175	1109
			2174	1109
			2173	1110
			2172	1110
			2171	1110
			2170	1111
			2169	1111
			2168	1111
			2167	1111
			2166	1112
			2165	1112
			2164	1112
			2163	1113
			2162	1113
			2161	1113
			2160	1114
			2159	1114
			2158	1114
			2157	1115
			2156	1115
			2155	1115
			2154	1116
			2153	1116
		</Tail2>
		<AnalFin type=matrix rownames=FALSE colnames=FALSE nrow=84 ncol=2 as.numeric=TRUE >
			2153	1116
			2152	1117
			2151	1117
			2150	1118
			2149	1118
			2148	1118
			2148	1119
			2147	1119
			2146	1120
			2145	1120
			2144	1121
			2143	1121
			2142	1122
			2141	1122
			2141	1123
			2140	1123
			2139	1124
			2138	1124
			2137	1125
			2136	1126
			2135	1126
			2134	1127
			2133	1128
			2132	1128
			2131	1129
			2130	1129
			2129	1130
			2128	1130
			2127	1131
			2127	1132
			2126	1132
			2125	1133
			2124	1134
			2123	1134
			2122	1135
			2121	1135
			2120	1136
			2120	1137
			2119	1137
			2118	1138
			2117	1138
			2116	1139
			2115	1140
			2114	1140
			2113	1141
			2112	1142
			2111	1143
			2110	1143
			2109	1144
			2108	1145
			2107	1146
			2106	1146
			2106	1147
			2105	1148
			2104	1149
			2103	1150
			2102	1150
			2101	1151
			2100	1152
			2099	1153
			2098	1154
			2097	1155
			2096	1156
			2095	1157
			2094	1157
			2094	1158
			2093	1159
			2092	1159
			2091	1160
			2090	1161
			2089	1162
			2088	1162
			2087	1163
			2086	1164
			2085	1164
			2085	1165
			2084	1166
			2083	1166
			2082	1167
			2081	1168
			2080	1168
			2080	1169
			2079	1169
			2078	1170
		</AnalFin>
		<Pectfin type=matrix rownames=FALSE colnames=FALSE nrow=53 ncol=2 as.numeric=TRUE >
			1798	1156
			1799	1157
			1799	1158
			1800	1159
			1800	1160
			1801	1160
			1801	1161
			1802	1162
			1802	1163
			1803	1164
			1803	1165
			1803	1166
			1804	1167
			1804	1168
			1805	1169
			1805	1170
			1805	1171
			1806	1172
			1806	1173
			1806	1174
			1806	1175
			1807	1176
			1807	1177
			1807	1178
			1807	1179
			1807	1180
			1808	1181
			1808	1182
			1808	1183
			1809	1184
			1809	1185
			1809	1186
			1809	1187
			1809	1188
			1809	1189
			1809	1190
			1809	1191
			1809	1192
			1809	1193
			1809	1194
			1809	1195
			1809	1196
			1809	1197
			1809	1198
			1809	1199
			1809	1200
			1809	1201
			1808	1202
			1808	1203
			1808	1204
			1808	1205
			1807	1206
			1807	1207
		</Pectfin>
		<Opercle type=matrix rownames=FALSE colnames=FALSE nrow=184 ncol=2 as.numeric=TRUE >
			1767	1051
			1768	1052
			1768	1053
			1769	1054
			1770	1055
			1770	1056
			1771	1057
			1771	1058
			1772	1059
			1773	1060
			1773	1061
			1773	1062
			1774	1062
			1774	1063
			1775	1064
			1775	1065
			1776	1066
			1776	1067
			1777	1068
			1777	1069
			1777	1070
			1778	1071
			1778	1072
			1778	1073
			1779	1073
			1779	1074
			1779	1075
			1780	1076
			1780	1077
			1780	1078
			1781	1079
			1781	1080
			1781	1081
			1782	1082
			1782	1083
			1782	1084
			1782	1085
			1782	1086
			1783	1087
			1783	1088
			1783	1089
			1783	1090
			1783	1091
			1783	1092
			1783	1093
			1783	1094
			1783	1095
			1783	1096
			1783	1097
			1783	1098
			1783	1099
			1783	1100
			1783	1101
			1783	1102
			1782	1103
			1782	1104
			1782	1105
			1782	1106
			1782	1107
			1781	1107
			1781	1108
			1781	1109
			1781	1110
			1780	1111
			1780	1112
			1780	1113
			1780	1114
			1779	1115
			1779	1116
			1779	1117
			1779	1118
			1778	1119
			1778	1120
			1777	1121
			1777	1122
			1777	1123
			1776	1124
			1776	1125
			1776	1126
			1775	1127
			1775	1128
			1774	1129
			1774	1130
			1774	1131
			1774	1132
			1773	1132
			1773	1133
			1773	1134
			1772	1135
			1772	1136
			1771	1137
			1771	1138
			1770	1139
			1770	1140
			1769	1141
			1769	1142
			1768	1143
			1768	1144
			1767	1145
			1766	1146
			1766	1147
			1765	1148
			1764	1149
			1763	1150
			1762	1151
			1761	1152
			1760	1152
			1759	1153
			1758	1154
			1758	1155
			1757	1156
			1756	1156
			1755	1157
			1754	1158
			1753	1159
			1752	1159
			1751	1160
			1750	1161
			1749	1162
			1748	1162
			1747	1163
			1746	1164
			1745	1164
			1744	1165
			1743	1165
			1742	1166
			1741	1167
			1740	1167
			1739	1168
			1738	1168
			1737	1169
			1736	1169
			1735	1170
			1734	1170
			1733	1171
			1732	1171
			1731	1172
			1730	1172
			1729	1173
			1728	1173
			1727	1174
			1726	1174
			1725	1174
			1724	1175
			1723	1175
			1722	1176
			1721	1176
			1720	1176
			1719	1176
			1718	1176
			1717	1176
			1716	1177
			1715	1177
			1714	1177
			1713	1177
			1712	1177
			1711	1178
			1710	1178
			1709	1178
			1708	1178
			1707	1178
			1706	1178
			1705	1178
			1704	1178
			1703	1179
			1702	1179
			1701	1179
			1700	1179
			1699	1179
			1698	1179
			1697	1179
			1696	1179
			1695	1179
			1694	1179
			1693	1180
			1692	1180
			1691	1180
			1690	1180
			1689	1180
			1688	1180
			1687	1180
			1686	1180
			1685	1180
			1684	1180
		</Opercle>
		<Preopercle type=matrix rownames=FALSE colnames=FALSE nrow=91 ncol=2 as.numeric=TRUE >
			1696	1091
			1696	1092
			1696	1093
			1696	1094
			1696	1095
			1696	1096
			1697	1097
			1697	1098
			1697	1099
			1697	1100
			1697	1101
			1697	1102
			1697	1103
			1697	1104
			1697	1105
			1697	1106
			1697	1107
			1697	1108
			1697	1109
			1697	1110
			1697	1111
			1697	1112
			1697	1113
			1697	1114
			1697	1115
			1697	1116
			1697	1117
			1697	1118
			1697	1119
			1697	1120
			1697	1121
			1697	1122
			1697	1123
			1697	1124
			1696	1125
			1696	1126
			1696	1127
			1696	1128
			1696	1129
			1696	1130
			1696	1131
			1696	1132
			1695	1133
			1695	1134
			1695	1135
			1695	1136
			1695	1137
			1694	1138
			1694	1139
			1694	1140
			1693	1141
			1693	1142
			1693	1143
			1693	1144
			1692	1145
			1692	1146
			1692	1147
			1692	1148
			1691	1149
			1691	1150
			1691	1151
			1691	1152
			1690	1153
			1690	1154
			1690	1155
			1690	1156
			1690	1157
			1689	1158
			1689	1159
			1689	1160
			1689	1161
			1688	1162
			1688	1163
			1688	1164
			1688	1165
			1687	1166
			1687	1167
			1687	1168
			1687	1169
			1686	1170
			1686	1171
			1686	1172
			1686	1173
			1686	1174
			1685	1174
			1685	1175
			1685	1176
			1685	1177
			1684	1178
			1684	1179
			1684	1180
		</Preopercle>
	</curves.pixel>
	<curves.scaled type=list>
		<Eye type=matrix rownames=FALSE colnames=FALSE nrow=252 ncol=2 as.numeric=TRUE >
			65.2895310909685	-40.5670927937176
			65.3293417806581	-40.5670927937176
			65.3691524703477	-40.6069034834072
			65.4089631600373	-40.6069034834072
			65.4487738497269	-40.6069034834072
			65.4885845394165	-40.6069034834072
			65.4885845394165	-40.6467141730968
			65.5283952291061	-40.6467141730968
			65.5682059187958	-40.6467141730968
			65.6080166084854	-40.6865248627864
			65.647827298175	-40.6865248627864
			65.6876379878646	-40.6865248627864
			65.7274486775542	-40.7263355524761
			65.7672593672438	-40.7263355524761
			65.8070700569334	-40.7661462421657
			65.8468807466231	-40.7661462421657
			65.8866914363127	-40.8059569318553
			65.9265021260023	-40.8059569318553
			65.9663128156919	-40.8457676215449
			66.0061235053815	-40.8457676215449
			66.0459341950711	-40.8855783112345
			66.0857448847608	-40.9253890009241
			66.1255555744504	-40.9253890009241
			66.16536626414	-40.9651996906137
			66.2051769538296	-41.0050103803034
			66.2449876435192	-41.0050103803034
			66.2847983332088	-41.044821069993
			66.3246090228984	-41.0846317596826
			66.3246090228984	-41.1244424493722
			66.3644197125881	-41.1244424493722
			66.4042304022777	-41.1642531390618
			66.4440410919673	-41.2040638287514
			66.4440410919673	-41.243874518441
			66.4838517816569	-41.243874518441
			66.4838517816569	-41.2836852081307
			66.5236624713465	-41.3234958978203
			66.5634731610361	-41.3633065875099
			66.5634731610361	-41.4031172771995
			66.6032838507257	-41.4429279668891
			66.6032838507257	-41.4827386565787
			66.6430945404154	-41.5225493462683
			66.6430945404154	-41.562360035958
			66.6430945404154	-41.6021707256476
			66.682905230105	-41.6021707256476
			66.682905230105	-41.6419814153372
			66.682905230105	-41.6817921050268
			66.682905230105	-41.7216027947164
			66.7227159197946	-41.7216027947164
			66.7227159197946	-41.761413484406
			66.7227159197946	-41.8012241740957
			66.7227159197946	-41.8410348637853
			66.7227159197946	-41.8808455534749
			66.7227159197946	-41.9206562431645
			66.7227159197946	-41.9604669328541
			66.7227159197946	-42.0002776225437
			66.7227159197946	-42.0400883122333
			66.7227159197946	-42.079899001923
			66.7227159197946	-42.1197096916126
			66.7227159197946	-42.1595203813022
			66.7227159197946	-42.1993310709918
			66.7227159197946	-42.2391417606814
			66.7227159197946	-42.278952450371
			66.7227159197946	-42.3187631400606
			66.7227159197946	-42.3585738297503
			66.7227159197946	-42.3983845194399
			66.682905230105	-42.4381952091295
			66.682905230105	-42.4780058988191
			66.682905230105	-42.5178165885087
			66.682905230105	-42.5576272781983
			66.682905230105	-42.597437967888
			66.6430945404154	-42.6372486575776
			66.6430945404154	-42.6770593472672
			66.6430945404154	-42.7168700369568
			66.6032838507257	-42.7168700369568
			66.5634731610361	-42.7566807266464
			66.5634731610361	-42.796491416336
			66.5236624713465	-42.8363021060256
			66.5236624713465	-42.8761127957153
			66.4838517816569	-42.9159234854049
			66.4440410919673	-42.9557341750945
			66.4440410919673	-42.9955448647841
			66.4042304022777	-42.9955448647841
			66.3644197125881	-43.0353555544737
			66.3644197125881	-43.0751662441633
			66.3246090228984	-43.114976933853
			66.2847983332088	-43.114976933853
			66.2847983332088	-43.1547876235426
			66.2449876435192	-43.1945983132322
			66.2051769538296	-43.2344090029218
			66.16536626414	-43.2344090029218
			66.16536626414	-43.2742196926114
			66.1255555744504	-43.314030382301
			66.0857448847608	-43.314030382301
			66.0857448847608	-43.3538410719906
			66.0459341950711	-43.3538410719906
			66.0061235053815	-43.3936517616803
			65.9663128156919	-43.4334624513699
			65.9265021260023	-43.4732731410595
			65.8866914363127	-43.5130838307491
			65.8468807466231	-43.5130838307491
			65.8070700569334	-43.5528945204387
			65.7672593672438	-43.5528945204387
			65.7274486775542	-43.5927052101283
			65.6876379878646	-43.6325158998179
			65.647827298175	-43.6325158998179
			65.6080166084854	-43.6325158998179
			65.5682059187958	-43.6723265895076
			65.5283952291061	-43.6723265895076
			65.4885845394165	-43.7121372791972
			65.4487738497269	-43.7121372791972
			65.4089631600373	-43.7121372791972
			65.3691524703477	-43.7519479688868
			65.3293417806581	-43.7519479688868
			65.2895310909685	-43.7519479688868
			65.2497204012788	-43.7917586585764
			65.2099097115892	-43.7917586585764
			65.1700990218996	-43.7917586585764
			65.13028833221	-43.7917586585764
			65.0904776425204	-43.7917586585764
			65.0506669528308	-43.831569348266
			65.0108562631412	-43.831569348266
			64.9710455734515	-43.831569348266
			64.9312348837619	-43.831569348266
			64.8914241940723	-43.831569348266
			64.8516135043827	-43.831569348266
			64.8118028146931	-43.831569348266
			64.7719921250035	-43.831569348266
			64.7321814353138	-43.831569348266
			64.6923707456242	-43.831569348266
			64.6525600559346	-43.831569348266
			64.612749366245	-43.831569348266
			64.5729386765554	-43.831569348266
			64.5331279868658	-43.831569348266
			64.4933172971761	-43.831569348266
			64.4535066074865	-43.831569348266
			64.4136959177969	-43.7917586585764
			64.3738852281073	-43.7917586585764
			64.3340745384177	-43.7917586585764
			64.2942638487281	-43.7917586585764
			64.2544531590385	-43.7917586585764
			64.2146424693488	-43.7519479688868
			64.1748317796592	-43.7519479688868
			64.1350210899696	-43.7519479688868
			64.09521040028	-43.7121372791972
			64.0553997105904	-43.7121372791972
			64.0155890209008	-43.7121372791972
			63.9757783312112	-43.7121372791972
			63.9359676415215	-43.6723265895076
			63.8961569518319	-43.6723265895076
			63.8563462621423	-43.6325158998179
			63.8563462621423	-43.5927052101283
			63.8165355724527	-43.5528945204387
			63.7767248827631	-43.5130838307491
			63.7767248827631	-43.4732731410595
			63.7369141930735	-43.4334624513699
			63.7369141930735	-43.3936517616803
			63.6971035033839	-43.3538410719906
			63.6572928136942	-43.314030382301
			63.6572928136942	-43.2742196926114
			63.6174821240046	-43.2344090029218
			63.6174821240046	-43.1945983132322
			63.577671434315	-43.1547876235426
			63.577671434315	-43.114976933853
			63.5378607446254	-43.0751662441633
			63.5378607446254	-43.0353555544737
			63.4980500549358	-42.9955448647841
			63.4980500549358	-42.9557341750945
			63.4582393652462	-42.9159234854049
			63.4582393652462	-42.8761127957153
			63.4582393652462	-42.8363021060256
			63.4184286755566	-42.8363021060256
			63.4184286755566	-42.796491416336
			63.4184286755566	-42.7566807266464
			63.3786179858669	-42.7168700369568
			63.3786179858669	-42.6770593472672
			63.3786179858669	-42.6372486575776
			63.3786179858669	-42.597437967888
			63.3388072961773	-42.597437967888
			63.3388072961773	-42.5576272781983
			63.3388072961773	-42.5178165885087
			63.3388072961773	-42.4780058988191
			63.3388072961773	-42.4381952091295
			63.3388072961773	-42.3983845194399
			63.2989966064877	-42.3585738297503
			63.2989966064877	-42.3187631400606
			63.2989966064877	-42.278952450371
			63.2989966064877	-42.2391417606814
			63.2989966064877	-42.1993310709918
			63.2989966064877	-42.1595203813022
			63.3388072961773	-42.1197096916126
			63.3388072961773	-42.079899001923
			63.3388072961773	-42.0400883122333
			63.3388072961773	-42.0002776225437
			63.3388072961773	-41.9604669328541
			63.3786179858669	-41.9604669328541
			63.3786179858669	-41.9206562431645
			63.3786179858669	-41.8808455534749
			63.4184286755566	-41.8410348637853
			63.4184286755566	-41.8012241740957
			63.4582393652462	-41.761413484406
			63.4582393652462	-41.7216027947164
			63.4980500549358	-41.6817921050268
			63.4980500549358	-41.6419814153372
			63.5378607446254	-41.6419814153372
			63.5378607446254	-41.6021707256476
			63.5378607446254	-41.562360035958
			63.577671434315	-41.562360035958
			63.577671434315	-41.5225493462683
			63.6174821240046	-41.4827386565787
			63.6174821240046	-41.4429279668891
			63.6572928136942	-41.4031172771995
			63.6971035033839	-41.3633065875099
			63.7369141930735	-41.3234958978203
			63.7767248827631	-41.2836852081307
			63.8165355724527	-41.243874518441
			63.8563462621423	-41.2040638287514
			63.8961569518319	-41.1642531390618
			63.9359676415215	-41.1642531390618
			63.9757783312112	-41.1244424493722
			64.0155890209008	-41.0846317596826
			64.0553997105904	-41.044821069993
			64.09521040028	-41.044821069993
			64.1350210899696	-41.0050103803034
			64.1748317796592	-40.9651996906137
			64.2146424693488	-40.9651996906137
			64.2544531590385	-40.9253890009241
			64.2942638487281	-40.8855783112345
			64.3340745384177	-40.8855783112345
			64.3738852281073	-40.8855783112345
			64.4136959177969	-40.8457676215449
			64.4535066074865	-40.8457676215449
			64.4933172971761	-40.8059569318553
			64.5331279868658	-40.8059569318553
			64.5729386765554	-40.7661462421657
			64.612749366245	-40.7661462421657
			64.6525600559346	-40.7661462421657
			64.6923707456242	-40.7263355524761
			64.7321814353138	-40.7263355524761
			64.7719921250035	-40.7263355524761
			64.8118028146931	-40.6865248627864
			64.8516135043827	-40.6865248627864
			64.8914241940723	-40.6865248627864
			64.9312348837619	-40.6467141730968
			64.9710455734515	-40.6467141730968
			65.0108562631412	-40.6467141730968
			65.0506669528308	-40.6069034834072
			65.0904776425204	-40.6069034834072
			65.13028833221	-40.6069034834072
			65.1700990218996	-40.6069034834072
			65.2099097115892	-40.5670927937176
			65.2497204012788	-40.5670927937176
			65.2895310909685	-40.5670927937176
		</Eye>
		<Head type=matrix rownames=FALSE colnames=FALSE nrow=403 ncol=2 as.numeric=TRUE >
			61.6667583292135	-42.796491416336
			61.6667583292135	-42.7566807266464
			61.6667583292135	-42.7168700369568
			61.6667583292135	-42.6770593472672
			61.7065690189031	-42.6372486575776
			61.7065690189031	-42.597437967888
			61.7463797085927	-42.5576272781983
			61.7463797085927	-42.5178165885087
			61.7463797085927	-42.4780058988191
			61.7861903982823	-42.4381952091295
			61.7861903982823	-42.3983845194399
			61.826001087972	-42.3585738297503
			61.8658117776616	-42.3585738297503
			61.8658117776616	-42.3187631400606
			61.9056224673512	-42.278952450371
			61.9454331570408	-42.2391417606814
			61.9852438467304	-42.1993310709918
			61.9852438467304	-42.1595203813022
			62.02505453642	-42.1197096916126
			62.0648652261096	-42.079899001923
			62.1046759157993	-42.0400883122333
			62.1444866054889	-42.0002776225437
			62.1842972951785	-41.9604669328541
			62.2241079848681	-41.9206562431645
			62.2639186745577	-41.8808455534749
			62.2639186745577	-41.8410348637853
			62.3037293642473	-41.8012241740957
			62.3435400539369	-41.8012241740957
			62.3833507436266	-41.761413484406
			62.4231614333162	-41.7216027947164
			62.4629721230058	-41.6817921050268
			62.5027828126954	-41.6419814153372
			62.542593502385	-41.6021707256476
			62.5824041920746	-41.562360035958
			62.6222148817643	-41.5225493462683
			62.6620255714539	-41.4827386565787
			62.7018362611435	-41.4827386565787
			62.7416469508331	-41.4429279668891
			62.7814576405227	-41.4031172771995
			62.8212683302123	-41.3633065875099
			62.8610790199019	-41.3234958978203
			62.9008897095916	-41.2836852081307
			62.9407003992812	-41.2836852081307
			62.9805110889708	-41.243874518441
			63.0203217786604	-41.2040638287514
			63.06013246835	-41.1642531390618
			63.0999431580396	-41.1642531390618
			63.1397538477292	-41.1244424493722
			63.1795645374189	-41.0846317596826
			63.2193752271085	-41.0846317596826
			63.2193752271085	-41.044821069993
			63.2591859167981	-41.0050103803034
			63.2989966064877	-40.9651996906137
			63.3388072961773	-40.9651996906137
			63.3786179858669	-40.9253890009241
			63.4184286755566	-40.8855783112345
			63.4582393652462	-40.8457676215449
			63.4980500549358	-40.8457676215449
			63.5378607446254	-40.8059569318553
			63.577671434315	-40.7661462421657
			63.6174821240046	-40.7661462421657
			63.6572928136942	-40.7263355524761
			63.6971035033839	-40.6865248627864
			63.7369141930735	-40.6467141730968
			63.7767248827631	-40.6467141730968
			63.8165355724527	-40.6069034834072
			63.8563462621423	-40.5670927937176
			63.8961569518319	-40.527282104028
			63.9359676415215	-40.527282104028
			63.9757783312112	-40.4874714143384
			64.0155890209008	-40.4476607246487
			64.0553997105904	-40.4476607246487
			64.09521040028	-40.4078500349591
			64.1350210899696	-40.3680393452695
			64.1748317796592	-40.3282286555799
			64.2146424693488	-40.3282286555799
			64.2544531590385	-40.2884179658903
			64.2942638487281	-40.2884179658903
			64.2942638487281	-40.2486072762007
			64.3340745384177	-40.2486072762007
			64.3738852281073	-40.2087965865111
			64.4136959177969	-40.1689858968214
			64.4535066074865	-40.1291752071318
			64.4933172971761	-40.1291752071318
			64.5331279868658	-40.0893645174422
			64.5729386765554	-40.0893645174422
			64.612749366245	-40.0495538277526
			64.6525600559346	-40.009743138063
			64.6923707456242	-39.9699324483734
			64.7321814353138	-39.9699324483734
			64.7719921250035	-39.9301217586838
			64.8118028146931	-39.8903110689941
			64.8516135043827	-39.8903110689941
			64.8914241940723	-39.8505003793045
			64.9312348837619	-39.8106896896149
			64.9710455734515	-39.8106896896149
			65.0108562631412	-39.8106896896149
			65.0108562631412	-39.7708789999253
			65.0506669528308	-39.7708789999253
			65.0506669528308	-39.7310683102357
			65.0904776425204	-39.7310683102357
			65.13028833221	-39.6912576205461
			65.1700990218996	-39.6912576205461
			65.2099097115892	-39.6514469308565
			65.2497204012788	-39.6514469308565
			65.2895310909685	-39.6116362411668
			65.3293417806581	-39.6116362411668
			65.3293417806581	-39.5718255514772
			65.3691524703477	-39.5718255514772
			65.4089631600373	-39.5320148617876
			65.4487738497269	-39.492204172098
			65.4885845394165	-39.492204172098
			65.5283952291061	-39.4523934824084
			65.5682059187958	-39.4523934824084
			65.6080166084854	-39.4125827927188
			65.647827298175	-39.3727721030291
			65.6876379878646	-39.3727721030291
			65.7274486775542	-39.3329614133395
			65.7672593672438	-39.2931507236499
			65.8070700569334	-39.2931507236499
			65.8468807466231	-39.2533400339603
			65.8866914363127	-39.2533400339603
			65.9265021260023	-39.2135293442707
			65.9663128156919	-39.2135293442707
			66.0061235053815	-39.1737186545811
			66.0459341950711	-39.1339079648915
			66.0857448847608	-39.1339079648915
			66.1255555744504	-39.0940972752018
			66.16536626414	-39.0940972752018
			66.2051769538296	-39.0542865855122
			66.2449876435192	-39.0542865855122
			66.2449876435192	-39.0144758958226
			66.2847983332088	-39.0144758958226
			66.3246090228984	-38.974665206133
			66.3644197125881	-38.974665206133
			66.4042304022777	-38.9348545164434
			66.4440410919673	-38.9348545164434
			66.4838517816569	-38.8950438267538
			66.5236624713465	-38.8950438267538
			66.5236624713465	-38.8552331370642
			66.5634731610361	-38.8552331370642
			66.6032838507257	-38.8154224473745
			66.6430945404154	-38.8154224473745
			66.682905230105	-38.7756117576849
			66.7227159197946	-38.7756117576849
			66.7625266094842	-38.7358010679953
			66.8023372991738	-38.6959903783057
			66.8421479888634	-38.6561796886161
			66.881958678553	-38.6561796886161
			66.9217693682427	-38.6163689989265
			66.9615800579323	-38.6163689989265
			67.0013907476219	-38.5765583092368
			67.0412014373115	-38.5765583092368
			67.0810121270011	-38.5367476195472
			67.1208228166907	-38.4969369298576
			67.1606335063803	-38.4969369298576
			67.20044419607	-38.457126240168
			67.2402548857596	-38.457126240168
			67.2800655754492	-38.4173155504784
			67.3198762651388	-38.4173155504784
			67.3596869548284	-38.3775048607888
			67.399497644518	-38.3775048607888
			67.4393083342077	-38.3376941710992
			67.4791190238973	-38.2978834814095
			67.5189297135869	-38.2978834814095
			67.5587404032765	-38.2580727917199
			67.5985510929661	-38.2580727917199
			67.6383617826557	-38.2182621020303
			67.6781724723454	-38.2182621020303
			67.717983162035	-38.1784514123407
			67.7577938517246	-38.1386407226511
			67.7976045414142	-38.1386407226511
			67.8374152311038	-38.0988300329615
			67.8772259207934	-38.0988300329615
			67.917036610483	-38.0590193432719
			67.9568473001727	-38.0590193432719
			67.9966579898623	-38.0192086535822
			68.0364686795519	-37.9793979638926
			68.0762793692415	-37.9793979638926
			68.1160900589311	-37.939587274203
			68.1559007486207	-37.939587274203
			68.1957114383103	-37.8997765845134
			68.235522128	-37.8997765845134
			68.2753328176896	-37.8599658948238
			68.3151435073792	-37.8599658948238
			68.3549541970688	-37.8201552051342
			68.3947648867584	-37.7803445154445
			68.434575576448	-37.7803445154445
			68.434575576448	-37.7405338257549
			68.4743862661376	-37.7405338257549
			68.5141969558273	-37.7007231360653
			68.5540076455169	-37.7007231360653
			68.5938183352065	-37.6609124463757
			68.6336290248961	-37.6609124463757
			68.6734397145857	-37.6211017566861
			68.7132504042753	-37.6211017566861
			68.7530610939649	-37.5812910669965
			68.7928717836546	-37.5812910669965
			68.8326824733442	-37.5414803773069
			68.8724931630338	-37.5016696876172
			68.9123038527234	-37.5016696876172
			68.952114542413	-37.4618589979276
			68.9919252321026	-37.422048308238
			69.0317359217922	-37.422048308238
			69.0715466114819	-37.3822376185484
			69.1113573011715	-37.3822376185484
			69.1511679908611	-37.3424269288588
			69.1909786805507	-37.3424269288588
			69.2307893702403	-37.3026162391692
			69.2706000599299	-37.2628055494796
			69.3104107496196	-37.2628055494796
			69.3502214393092	-37.2229948597899
			69.3900321289988	-37.2229948597899
			69.4298428186884	-37.1831841701003
			69.469653508378	-37.1831841701003
			69.5094641980676	-37.1433734804107
			69.5492748877572	-37.1433734804107
			69.5890855774469	-37.1035627907211
			69.6288962671365	-37.1035627907211
			69.6687069568261	-37.0637521010315
			69.7085176465157	-37.0637521010315
			69.7483283362053	-37.0239414113419
			69.7881390258949	-37.0239414113419
			69.8279497155846	-36.9841307216522
			69.8677604052742	-36.9841307216522
			69.9075710949638	-36.9443200319626
			69.9473817846534	-36.9443200319626
			69.987192474343	-36.904509342273
			70.0270031640326	-36.8646986525834
			70.0668138537222	-36.8646986525834
			70.1066245434119	-36.8248879628938
			70.1464352331015	-36.8248879628938
			70.1862459227911	-36.8248879628938
			70.2260566124807	-36.7850772732042
			70.2658673021703	-36.7850772732042
			70.3056779918599	-36.7452665835146
			70.3454886815495	-36.7452665835146
			70.3852993712392	-36.7054558938249
			70.4251100609288	-36.7054558938249
			70.4649207506184	-36.6656452041353
			70.504731440308	-36.6656452041353
			70.5445421299976	-36.6258345144457
			70.5843528196872	-36.6258345144457
			70.6241635093769	-36.5860238247561
			70.6639741990665	-36.5860238247561
			70.7037848887561	-36.5462131350665
			70.7435955784457	-36.5462131350665
			70.7834062681353	-36.5462131350665
			70.7834062681353	-36.5064024453769
			70.8232169578249	-36.5064024453769
			70.8630276475145	-36.5064024453769
			70.9028383372042	-36.4665917556873
			70.9426490268938	-36.4665917556873
			70.9824597165834	-36.4267810659976
			71.022270406273	-36.4267810659976
			71.0620810959626	-36.4267810659976
			71.0620810959626	-36.386970376308
			71.1018917856522	-36.386970376308
			71.1417024753418	-36.386970376308
			71.1815131650315	-36.3471596866184
			71.2213238547211	-36.3471596866184
			71.2611345444107	-36.3471596866184
			71.2611345444107	-36.3073489969288
			71.3009452341003	-36.3073489969288
			71.3407559237899	-36.2675383072392
			71.3805666134795	-36.2675383072392
			71.4203773031691	-36.2675383072392
			71.4601879928588	-36.2277276175496
			71.4999986825484	-36.2277276175496
			71.539809372238	-36.18791692786
			71.5796200619276	-36.18791692786
			71.6194307516172	-36.1481062381703
			71.6592414413068	-36.1481062381703
			71.6990521309964	-36.1082955484807
			71.7388628206861	-36.1082955484807
			71.7786735103757	-36.1082955484807
			71.8184842000653	-36.0684848587911
			71.8582948897549	-36.0684848587911
			71.8981055794445	-36.0684848587911
			71.8981055794445	-36.0286741691015
			71.9379162691341	-36.0286741691015
			71.9777269588238	-36.0286741691015
			72.0175376485134	-35.9888634794119
			72.057348338203	-35.9888634794119
			72.0971590278926	-35.9490527897223
			72.1369697175822	-35.9490527897223
			72.1767804072718	-35.9490527897223
			72.1767804072718	-35.9092421000326
			72.2165910969615	-35.9092421000326
			72.2564017866511	-35.9092421000326
			72.2962124763407	-35.9092421000326
			72.3360231660303	-35.869431410343
			72.3758338557199	-35.869431410343
			72.4156445454095	-35.8296207206534
			72.4554552350991	-35.8296207206534
			72.4952659247888	-35.7898100309638
			72.5350766144784	-35.7898100309638
			72.574887304168	-35.7898100309638
			72.6146979938576	-35.7499993412742
			72.6545086835472	-35.7499993412742
			72.6943193732368	-35.7101886515846
			72.7341300629264	-35.7101886515846
			72.7739407526161	-35.7101886515846
			72.8137514423057	-35.670377961895
			72.8535621319953	-35.670377961895
			72.8933728216849	-35.670377961895
			72.9331835113745	-35.6305672722053
			72.9729942010641	-35.6305672722053
			73.0128048907537	-35.5907565825157
			73.0526155804434	-35.5907565825157
			73.092426270133	-35.5907565825157
			73.1322369598226	-35.5509458928261
			73.1720476495122	-35.5509458928261
			73.2118583392018	-35.5509458928261
			73.2516690288914	-35.5111352031365
			73.291479718581	-35.5111352031365
			73.3312904082707	-35.5111352031365
			73.3711010979603	-35.4713245134469
			73.4109117876499	-35.4713245134469
			73.4507224773395	-35.4713245134469
			73.4905331670291	-35.4315138237573
			73.5303438567187	-35.4315138237573
			73.5701545464084	-35.3917031340677
			73.609965236098	-35.3917031340677
			73.6497759257876	-35.3917031340677
			73.6895866154772	-35.351892444378
			73.7293973051668	-35.351892444378
			73.7692079948564	-35.351892444378
			73.809018684546	-35.3120817546884
			73.8488293742357	-35.3120817546884
			73.8886400639253	-35.3120817546884
			73.9284507536149	-35.3120817546884
			73.9682614433045	-35.2722710649988
			74.0080721329941	-35.2722710649988
			74.0478828226837	-35.2324603753092
			74.0876935123733	-35.2324603753092
			74.127504202063	-35.2324603753092
			74.1673148917526	-35.1926496856196
			74.2071255814422	-35.1926496856196
			74.2469362711318	-35.1926496856196
			74.2867469608214	-35.15283899593
			74.326557650511	-35.15283899593
			74.3663683402007	-35.15283899593
			74.4061790298903	-35.1130283062404
			74.4459897195799	-35.1130283062404
			74.4858004092695	-35.1130283062404
			74.5256110989591	-35.0732176165507
			74.5654217886487	-35.0732176165507
			74.6052324783383	-35.0334069268611
			74.645043168028	-35.0334069268611
			74.6848538577176	-35.0334069268611
			74.7246645474072	-34.9935962371715
			74.7644752370968	-34.9935962371715
			74.8042859267864	-34.9935962371715
			74.844096616476	-34.9935962371715
			74.8839073061656	-34.9537855474819
			74.9237179958553	-34.9537855474819
			74.9635286855449	-34.9537855474819
			75.0033393752345	-34.9139748577923
			75.0431500649241	-34.9139748577923
			75.0829607546137	-34.9139748577923
			75.1227714443033	-34.9139748577923
			75.162582133993	-34.8741641681027
			75.2023928236826	-34.8741641681027
			75.2422035133722	-34.8741641681027
			75.2820142030618	-34.8741641681027
			75.3218248927514	-34.834353478413
			75.361635582441	-34.834353478413
			75.4014462721306	-34.834353478413
			75.4412569618203	-34.834353478413
			75.4810676515099	-34.834353478413
			75.5208783411995	-34.7945427887234
			75.5606890308891	-34.7945427887234
			75.6004997205787	-34.7945427887234
			75.6403104102683	-34.7945427887234
			75.6801210999579	-34.7945427887234
			75.7199317896476	-34.7945427887234
			75.7597424793372	-34.7547320990338
			75.7995531690268	-34.7547320990338
			75.8393638587164	-34.7547320990338
			75.879174548406	-34.7547320990338
			75.9189852380956	-34.7547320990338
			75.9587959277852	-34.7547320990338
			75.9986066174749	-34.7547320990338
			76.0384173071645	-34.7547320990338
			76.0782279968541	-34.7547320990338
			76.1180386865437	-34.7547320990338
			76.1578493762333	-34.7149214093442
			76.1976600659229	-34.7149214093442
			76.2374707556125	-34.7149214093442
			76.2772814453022	-34.7149214093442
			76.3170921349918	-34.7149214093442
			76.3569028246814	-34.7149214093442
			76.396713514371	-34.7149214093442
			76.4365242040606	-34.7149214093442
			76.4763348937502	-34.7149214093442
			76.5161455834399	-34.7547320990338
			76.5559562731295	-34.7547320990338
			76.5957669628191	-34.7547320990338
			76.6355776525087	-34.7547320990338
			76.6753883421983	-34.7547320990338
			76.7151990318879	-34.7547320990338
			76.7550097215776	-34.7547320990338
		</Head>
		<Tail1 type=matrix rownames=FALSE colnames=FALSE nrow=357 ncol=2 as.numeric=TRUE >
			76.7550097215776	-34.7547320990338
			76.7948204112672	-34.7547320990338
			76.8346311009568	-34.7945427887234
			76.8744417906464	-34.7945427887234
			76.914252480336	-34.834353478413
			76.9540631700256	-34.834353478413
			76.9938738597152	-34.8741641681027
			77.0336845494049	-34.8741641681027
			77.0734952390945	-34.9139748577923
			77.1133059287841	-34.9139748577923
			77.1531166184737	-34.9537855474819
			77.1929273081633	-34.9537855474819
			77.2327379978529	-34.9935962371715
			77.2725486875425	-34.9935962371715
			77.3123593772322	-35.0334069268611
			77.3521700669218	-35.0334069268611
			77.3919807566114	-35.0334069268611
			77.431791446301	-35.0732176165507
			77.4716021359906	-35.0732176165507
			77.5114128256802	-35.1130283062404
			77.5512235153698	-35.1130283062404
			77.5910342050595	-35.15283899593
			77.6308448947491	-35.15283899593
			77.6706555844387	-35.15283899593
			77.7104662741283	-35.1926496856196
			77.7502769638179	-35.1926496856196
			77.7900876535075	-35.2324603753092
			77.8298983431971	-35.2324603753092
			77.8697090328868	-35.2722710649988
			77.9095197225764	-35.2722710649988
			77.949330412266	-35.2722710649988
			77.949330412266	-35.3120817546884
			77.9891411019556	-35.3120817546884
			78.0289517916452	-35.3120817546884
			78.0687624813348	-35.3120817546884
			78.0687624813348	-35.351892444378
			78.1085731710245	-35.351892444378
			78.1483838607141	-35.351892444378
			78.1483838607141	-35.3917031340677
			78.1881945504037	-35.3917031340677
			78.2280052400933	-35.3917031340677
			78.2678159297829	-35.4315138237573
			78.3076266194725	-35.4315138237573
			78.3474373091621	-35.4713245134469
			78.3872479988518	-35.4713245134469
			78.4270586885414	-35.4713245134469
			78.466869378231	-35.5111352031365
			78.5066800679206	-35.5111352031365
			78.5464907576102	-35.5111352031365
			78.5863014472998	-35.5509458928261
			78.6261121369894	-35.5509458928261
			78.6659228266791	-35.5907565825157
			78.7057335163687	-35.5907565825157
			78.7455442060583	-35.5907565825157
			78.7853548957479	-35.6305672722053
			78.8251655854375	-35.6305672722053
			78.8649762751271	-35.670377961895
			78.9047869648168	-35.670377961895
			78.9445976545064	-35.670377961895
			78.984408344196	-35.7101886515846
			79.0242190338856	-35.7101886515846
			79.0640297235752	-35.7101886515846
			79.1038404132648	-35.7499993412742
			79.1436511029544	-35.7499993412742
			79.1834617926441	-35.7499993412742
			79.2232724823337	-35.7898100309638
			79.2630831720233	-35.7898100309638
			79.3028938617129	-35.7898100309638
			79.3427045514025	-35.8296207206534
			79.3825152410921	-35.8296207206534
			79.4223259307817	-35.8296207206534
			79.4621366204714	-35.869431410343
			79.501947310161	-35.869431410343
			79.5417579998506	-35.869431410343
			79.5815686895402	-35.9092421000326
			79.6213793792298	-35.9092421000326
			79.6611900689194	-35.9092421000326
			79.6611900689194	-35.9490527897223
			79.7010007586091	-35.9490527897223
			79.7408114482987	-35.9490527897223
			79.7806221379883	-35.9490527897223
			79.8204328276779	-35.9888634794119
			79.8602435173675	-35.9888634794119
			79.9000542070571	-35.9888634794119
			79.9398648967467	-36.0286741691015
			79.9796755864364	-36.0286741691015
			80.019486276126	-36.0286741691015
			80.0592969658156	-36.0684848587911
			80.0991076555052	-36.0684848587911
			80.1389183451948	-36.0684848587911
			80.1787290348844	-36.1082955484807
			80.218539724574	-36.1082955484807
			80.2583504142637	-36.1082955484807
			80.2981611039533	-36.1082955484807
			80.3379717936429	-36.1481062381703
			80.3777824833325	-36.1481062381703
			80.4175931730221	-36.1481062381703
			80.4574038627117	-36.18791692786
			80.4972145524013	-36.18791692786
			80.537025242091	-36.18791692786
			80.5768359317806	-36.2277276175496
			80.6166466214702	-36.2277276175496
			80.6564573111598	-36.2277276175496
			80.6962680008494	-36.2277276175496
			80.736078690539	-36.2675383072392
			80.7758893802286	-36.2675383072392
			80.8157000699183	-36.2675383072392
			80.8555107596079	-36.2675383072392
			80.8953214492975	-36.3073489969288
			80.9351321389871	-36.3073489969288
			80.9749428286767	-36.3073489969288
			81.0147535183663	-36.3073489969288
			81.054564208056	-36.3471596866184
			81.0943748977456	-36.3471596866184
			81.1341855874352	-36.3471596866184
			81.1739962771248	-36.3471596866184
			81.2138069668144	-36.386970376308
			81.253617656504	-36.386970376308
			81.2934283461937	-36.386970376308
			81.3332390358833	-36.386970376308
			81.3730497255729	-36.4267810659976
			81.4128604152625	-36.4267810659976
			81.4526711049521	-36.4267810659976
			81.4924817946417	-36.4267810659976
			81.5322924843313	-36.4665917556873
			81.572103174021	-36.4665917556873
			81.6119138637106	-36.4665917556873
			81.6517245534002	-36.4665917556873
			81.6915352430898	-36.5064024453769
			81.7313459327794	-36.5064024453769
			81.771156622469	-36.5064024453769
			81.8109673121586	-36.5064024453769
			81.8507780018483	-36.5462131350665
			81.8905886915379	-36.5462131350665
			81.9303993812275	-36.5462131350665
			81.9702100709171	-36.5462131350665
			82.0100207606067	-36.5462131350665
			82.0498314502963	-36.5860238247561
			82.0896421399859	-36.5860238247561
			82.1294528296756	-36.5860238247561
			82.1692635193652	-36.5860238247561
			82.2090742090548	-36.6258345144457
			82.2488848987444	-36.6258345144457
			82.288695588434	-36.6258345144457
			82.3285062781236	-36.6258345144457
			82.3683169678132	-36.6258345144457
			82.4081276575029	-36.6258345144457
			82.4479383471925	-36.6258345144457
			82.4877490368821	-36.6656452041353
			82.5275597265717	-36.6656452041353
			82.5673704162613	-36.6656452041353
			82.6071811059509	-36.6656452041353
			82.6469917956406	-36.6656452041353
			82.6868024853302	-36.6656452041353
			82.7266131750198	-36.6656452041353
			82.7664238647094	-36.6656452041353
			82.806234554399	-36.7054558938249
			82.8460452440886	-36.7054558938249
			82.8858559337782	-36.7054558938249
			82.9256666234679	-36.7054558938249
			82.9654773131575	-36.7054558938249
			83.0052880028471	-36.7054558938249
			83.0450986925367	-36.7054558938249
			83.0849093822263	-36.7054558938249
			83.1247200719159	-36.7452665835146
			83.1645307616055	-36.7452665835146
			83.2043414512952	-36.7452665835146
			83.2441521409848	-36.7452665835146
			83.2839628306744	-36.7452665835146
			83.323773520364	-36.7452665835146
			83.3635842100536	-36.7452665835146
			83.4033948997432	-36.7452665835146
			83.4432055894328	-36.7850772732042
			83.4830162791225	-36.7850772732042
			83.5228269688121	-36.7850772732042
			83.5626376585017	-36.7850772732042
			83.6024483481913	-36.7850772732042
			83.6422590378809	-36.7850772732042
			83.6820697275705	-36.7850772732042
			83.7218804172602	-36.8248879628938
			83.7616911069498	-36.8248879628938
			83.8015017966394	-36.8248879628938
			83.841312486329	-36.8248879628938
			83.8811231760186	-36.8248879628938
			83.9209338657082	-36.8248879628938
			83.9607445553979	-36.8248879628938
			84.0005552450875	-36.8646986525834
			84.0403659347771	-36.8646986525834
			84.0801766244667	-36.8646986525834
			84.1199873141563	-36.8646986525834
			84.1597980038459	-36.8646986525834
			84.1996086935355	-36.8646986525834
			84.2394193832252	-36.8646986525834
			84.2394193832252	-36.904509342273
			84.2792300729148	-36.904509342273
			84.3190407626044	-36.904509342273
			84.358851452294	-36.904509342273
			84.3986621419836	-36.904509342273
			84.4384728316732	-36.904509342273
			84.4782835213628	-36.904509342273
			84.5180942110525	-36.9443200319626
			84.5579049007421	-36.9443200319626
			84.5977155904317	-36.9443200319626
			84.6375262801213	-36.9443200319626
			84.6773369698109	-36.9443200319626
			84.7171476595005	-36.9443200319626
			84.7569583491901	-36.9841307216522
			84.7967690388798	-36.9841307216522
			84.8365797285694	-36.9841307216522
			84.876390418259	-36.9841307216522
			84.9162011079486	-36.9841307216522
			84.9560117976382	-36.9841307216522
			84.9958224873278	-37.0239414113419
			85.0356331770174	-37.0239414113419
			85.0754438667071	-37.0239414113419
			85.1152545563967	-37.0239414113419
			85.1550652460863	-37.0239414113419
			85.1948759357759	-37.0637521010315
			85.2346866254655	-37.0637521010315
			85.2744973151551	-37.0637521010315
			85.3143080048447	-37.0637521010315
			85.3541186945344	-37.0637521010315
			85.393929384224	-37.0637521010315
			85.4337400739136	-37.0637521010315
			85.4735507636032	-37.1035627907211
			85.5133614532928	-37.1035627907211
			85.5531721429824	-37.1035627907211
			85.592982832672	-37.1035627907211
			85.6327935223617	-37.1035627907211
			85.6726042120513	-37.1035627907211
			85.7124149017409	-37.1035627907211
			85.7522255914305	-37.1035627907211
			85.7920362811201	-37.1035627907211
			85.8318469708097	-37.1433734804107
			85.8716576604994	-37.1433734804107
			85.911468350189	-37.1433734804107
			85.9512790398786	-37.1433734804107
			85.9910897295682	-37.1433734804107
			86.0309004192578	-37.1433734804107
			86.0707111089474	-37.1433734804107
			86.1105217986371	-37.1831841701003
			86.1503324883267	-37.1831841701003
			86.1901431780163	-37.1831841701003
			86.2299538677059	-37.1831841701003
			86.2697645573955	-37.1831841701003
			86.3095752470851	-37.1831841701003
			86.3493859367747	-37.1831841701003
			86.3891966264644	-37.1831841701003
			86.429007316154	-37.2229948597899
			86.4688180058436	-37.2229948597899
			86.5086286955332	-37.2229948597899
			86.5484393852228	-37.2229948597899
			86.5882500749124	-37.2229948597899
			86.628060764602	-37.2229948597899
			86.6678714542917	-37.2229948597899
			86.7076821439813	-37.2229948597899
			86.7474928336709	-37.2628055494796
			86.7873035233605	-37.2628055494796
			86.8271142130501	-37.2628055494796
			86.8669249027397	-37.2628055494796
			86.9067355924293	-37.2628055494796
			86.946546282119	-37.2628055494796
			86.9863569718086	-37.3026162391692
			87.0261676614982	-37.3026162391692
			87.0659783511878	-37.3026162391692
			87.1057890408774	-37.3026162391692
			87.145599730567	-37.3026162391692
			87.1854104202567	-37.3026162391692
			87.2252211099463	-37.3424269288588
			87.2650317996359	-37.3424269288588
			87.3048424893255	-37.3424269288588
			87.3446531790151	-37.3424269288588
			87.3844638687047	-37.3424269288588
			87.4242745583943	-37.3822376185484
			87.464085248084	-37.3822376185484
			87.5038959377736	-37.3822376185484
			87.5437066274632	-37.3822376185484
			87.5835173171528	-37.3822376185484
			87.6233280068424	-37.422048308238
			87.663138696532	-37.422048308238
			87.7029493862216	-37.422048308238
			87.7427600759113	-37.422048308238
			87.7825707656009	-37.4618589979276
			87.8223814552905	-37.4618589979276
			87.8621921449801	-37.4618589979276
			87.9020028346697	-37.4618589979276
			87.9418135243593	-37.422048308238
			87.9816242140489	-37.422048308238
			88.0214349037386	-37.422048308238
			88.0612455934282	-37.422048308238
			88.1010562831178	-37.422048308238
			88.1408669728074	-37.422048308238
			88.180677662497	-37.422048308238
			88.2204883521866	-37.422048308238
			88.2204883521866	-37.4618589979276
			88.2602990418763	-37.4618589979276
			88.3001097315659	-37.4618589979276
			88.3399204212555	-37.5016696876172
			88.3797311109451	-37.5016696876172
			88.4195418006347	-37.5414803773069
			88.4593524903243	-37.5414803773069
			88.499163180014	-37.5414803773069
			88.5389738697036	-37.5414803773069
			88.5787845593932	-37.5414803773069
			88.6185952490828	-37.5414803773069
			88.6584059387724	-37.5414803773069
			88.698216628462	-37.5414803773069
			88.7380273181516	-37.5414803773069
			88.7778380078413	-37.5414803773069
			88.8176486975309	-37.5414803773069
			88.8574593872205	-37.5414803773069
			88.8972700769101	-37.5414803773069
			88.9370807665997	-37.5414803773069
			88.9768914562893	-37.5414803773069
			89.0167021459789	-37.5414803773069
			89.0565128356686	-37.5414803773069
			89.0963235253582	-37.5414803773069
			89.1361342150478	-37.5414803773069
			89.1759449047374	-37.5414803773069
			89.215755594427	-37.5812910669965
			89.2555662841166	-37.5812910669965
			89.2953769738062	-37.5812910669965
			89.3351876634959	-37.5812910669965
			89.3749983531855	-37.5812910669965
			89.4148090428751	-37.5812910669965
			89.4546197325647	-37.5812910669965
			89.4944304222543	-37.5812910669965
			89.5342411119439	-37.5812910669965
			89.5740518016335	-37.5812910669965
			89.6138624913232	-37.5812910669965
			89.6536731810128	-37.5812910669965
			89.6934838707024	-37.6211017566861
			89.733294560392	-37.6211017566861
			89.7731052500816	-37.6211017566861
			89.8129159397712	-37.6211017566861
			89.8527266294608	-37.6211017566861
			89.8925373191505	-37.6211017566861
			89.9323480088401	-37.6211017566861
			89.9721586985297	-37.6211017566861
			90.0119693882193	-37.6609124463757
			90.0517800779089	-37.6609124463757
			90.0915907675985	-37.6609124463757
			90.1314014572882	-37.6609124463757
			90.1712121469778	-37.6609124463757
			90.2110228366674	-37.7007231360653
			90.250833526357	-37.7007231360653
			90.2906442160466	-37.7007231360653
			90.3304549057362	-37.7007231360653
			90.3702655954258	-37.7007231360653
			90.4100762851155	-37.7405338257549
			90.4498869748051	-37.7405338257549
			90.4896976644947	-37.7405338257549
			90.5295083541843	-37.7803445154445
			90.5693190438739	-37.7803445154445
			90.6091297335635	-37.7803445154445
			90.6489404232532	-37.8201552051342
			90.6887511129428	-37.8201552051342
		</Tail1>
		<End type=matrix rownames=FALSE colnames=FALSE nrow=175 ncol=2 as.numeric=TRUE >
			90.6887511129428	-37.8201552051342
			90.7285618026324	-37.8201552051342
			90.768372492322	-37.8201552051342
			90.8081831820116	-37.8599658948238
			90.8479938717012	-37.8599658948238
			90.8878045613908	-37.8997765845134
			90.9276152510805	-37.8997765845134
			90.9674259407701	-37.939587274203
			91.0072366304597	-37.939587274203
			91.0470473201493	-37.939587274203
			91.0868580098389	-37.9793979638926
			91.1266686995285	-38.0192086535822
			91.1664793892181	-38.0192086535822
			91.2062900789078	-38.0590193432719
			91.2461007685974	-38.0590193432719
			91.285911458287	-38.0590193432719
			91.285911458287	-38.0988300329615
			91.3257221479766	-38.0988300329615
			91.3655328376662	-38.1386407226511
			91.4053435273558	-38.1386407226511
			91.4451542170454	-38.1784514123407
			91.4849649067351	-38.1784514123407
			91.5247755964247	-38.2182621020303
			91.5645862861143	-38.2580727917199
			91.6043969758039	-38.2978834814095
			91.6442076654935	-38.2978834814095
			91.6840183551831	-38.3376941710992
			91.7238290448728	-38.3376941710992
			91.7238290448728	-38.3775048607888
			91.7636397345624	-38.3775048607888
			91.803450424252	-38.4173155504784
			91.8432611139416	-38.4173155504784
			91.8432611139416	-38.457126240168
			91.8830718036312	-38.457126240168
			91.9228824933208	-38.4969369298576
			91.9626931830104	-38.5367476195472
			92.0025038727001	-38.5367476195472
			92.0423145623897	-38.5765583092368
			92.0821252520793	-38.6163689989265
			92.1219359417689	-38.6163689989265
			92.1617466314585	-38.6561796886161
			92.1617466314585	-38.6959903783057
			92.2015573211481	-38.6959903783057
			92.2413680108377	-38.7358010679953
			92.2811787005274	-38.7756117576849
			92.320989390217	-38.7756117576849
			92.3608000799066	-38.8154224473745
			92.4006107695962	-38.8552331370642
			92.4404214592858	-38.8950438267538
			92.4802321489754	-38.8950438267538
			92.520042838665	-38.9348545164434
			92.5598535283547	-38.974665206133
			92.5996642180443	-39.0144758958226
			92.6394749077339	-39.0144758958226
			92.6792855974235	-39.0542865855122
			92.7190962871131	-39.0940972752018
			92.7190962871131	-39.1339079648915
			92.7190962871131	-39.1737186545811
			92.6792855974235	-39.2135293442707
			92.6792855974235	-39.2533400339603
			92.6792855974235	-39.2931507236499
			92.6792855974235	-39.3329614133395
			92.6792855974235	-39.3727721030291
			92.6792855974235	-39.4125827927188
			92.6394749077339	-39.4523934824084
			92.6394749077339	-39.492204172098
			92.6394749077339	-39.5320148617876
			92.6394749077339	-39.5718255514772
			92.6394749077339	-39.6116362411668
			92.6394749077339	-39.6514469308565
			92.5996642180443	-39.6912576205461
			92.5996642180443	-39.7310683102357
			92.5996642180443	-39.7708789999253
			92.5996642180443	-39.8106896896149
			92.5996642180443	-39.8505003793045
			92.5996642180443	-39.8903110689941
			92.5996642180443	-39.9301217586838
			92.5996642180443	-39.9699324483734
			92.5598535283547	-40.009743138063
			92.5598535283547	-40.0495538277526
			92.5598535283547	-40.0893645174422
			92.5598535283547	-40.1291752071318
			92.5598535283547	-40.1689858968214
			92.5598535283547	-40.2087965865111
			92.5598535283547	-40.2486072762007
			92.5598535283547	-40.2884179658903
			92.5598535283547	-40.3282286555799
			92.5598535283547	-40.3680393452695
			92.5598535283547	-40.4078500349591
			92.5598535283547	-40.4476607246487
			92.5598535283547	-40.4874714143384
			92.5598535283547	-40.527282104028
			92.5598535283547	-40.5670927937176
			92.5598535283547	-40.6069034834072
			92.5598535283547	-40.6467141730968
			92.5598535283547	-40.6865248627864
			92.5598535283547	-40.7263355524761
			92.5598535283547	-40.7661462421657
			92.5598535283547	-40.8059569318553
			92.5598535283547	-40.8457676215449
			92.5598535283547	-40.8855783112345
			92.5598535283547	-40.9253890009241
			92.5598535283547	-40.9651996906137
			92.5598535283547	-41.0050103803034
			92.5598535283547	-41.044821069993
			92.5598535283547	-41.0846317596826
			92.5598535283547	-41.1244424493722
			92.5598535283547	-41.1642531390618
			92.5598535283547	-41.2040638287514
			92.5598535283547	-41.243874518441
			92.5598535283547	-41.2836852081307
			92.5598535283547	-41.3234958978203
			92.5598535283547	-41.3633065875099
			92.5996642180443	-41.4031172771995
			92.5996642180443	-41.4429279668891
			92.5996642180443	-41.4827386565787
			92.5996642180443	-41.5225493462683
			92.5996642180443	-41.562360035958
			92.5996642180443	-41.6021707256476
			92.6394749077339	-41.6419814153372
			92.6394749077339	-41.6817921050268
			92.6394749077339	-41.7216027947164
			92.6394749077339	-41.761413484406
			92.6792855974235	-41.8012241740957
			92.6792855974235	-41.8410348637853
			92.6792855974235	-41.8808455534749
			92.6792855974235	-41.9206562431645
			92.7190962871131	-41.9604669328541
			92.7190962871131	-42.0002776225437
			92.7190962871131	-42.0400883122333
			92.7190962871131	-42.079899001923
			92.7190962871131	-42.1197096916126
			92.7190962871131	-42.1595203813022
			92.7190962871131	-42.1993310709918
			92.6792855974235	-42.2391417606814
			92.6792855974235	-42.278952450371
			92.6792855974235	-42.3187631400606
			92.6792855974235	-42.3585738297503
			92.6394749077339	-42.3983845194399
			92.6394749077339	-42.4381952091295
			92.6394749077339	-42.4780058988191
			92.5996642180443	-42.5178165885087
			92.5996642180443	-42.5576272781983
			92.5996642180443	-42.597437967888
			92.5598535283547	-42.6372486575776
			92.520042838665	-42.6770593472672
			92.520042838665	-42.7168700369568
			92.4802321489754	-42.7566807266464
			92.4802321489754	-42.796491416336
			92.4404214592858	-42.8363021060256
			92.4006107695962	-42.8363021060256
			92.4006107695962	-42.8761127957153
			92.3608000799066	-42.9159234854049
			92.320989390217	-42.9159234854049
			92.320989390217	-42.9557341750945
			92.2811787005274	-42.9955448647841
			92.2413680108377	-42.9955448647841
			92.2015573211481	-43.0353555544737
			92.1617466314585	-43.0353555544737
			92.1219359417689	-43.0353555544737
			92.0821252520793	-43.0751662441633
			92.0423145623897	-43.0751662441633
			92.0025038727001	-43.114976933853
			91.9626931830104	-43.114976933853
			91.9228824933208	-43.114976933853
			91.8830718036312	-43.114976933853
			91.8432611139416	-43.1547876235426
			91.803450424252	-43.1547876235426
			91.7636397345624	-43.1547876235426
			91.7238290448728	-43.1547876235426
			91.6840183551831	-43.1547876235426
			91.6442076654935	-43.1547876235426
			91.6043969758039	-43.1547876235426
			91.5645862861143	-43.1547876235426
			91.5247755964247	-43.1547876235426
		</End>
		<Tail2 type=matrix rownames=FALSE colnames=FALSE nrow=147 ncol=2 as.numeric=TRUE >
			91.5247755964247	-43.1547876235426
			91.4849649067351	-43.1547876235426
			91.4451542170454	-43.1547876235426
			91.4053435273558	-43.1547876235426
			91.3655328376662	-43.1547876235426
			91.3257221479766	-43.1547876235426
			91.285911458287	-43.1547876235426
			91.2461007685974	-43.1945983132322
			91.2062900789078	-43.1945983132322
			91.1664793892181	-43.1945983132322
			91.1266686995285	-43.1945983132322
			91.0868580098389	-43.1945983132322
			91.0470473201493	-43.1945983132322
			91.0072366304597	-43.1945983132322
			90.9674259407701	-43.1945983132322
			90.9276152510805	-43.1945983132322
			90.8878045613908	-43.1945983132322
			90.8479938717012	-43.2344090029218
			90.8081831820116	-43.2344090029218
			90.768372492322	-43.2344090029218
			90.7285618026324	-43.2344090029218
			90.6887511129428	-43.2344090029218
			90.6489404232532	-43.2344090029218
			90.6091297335635	-43.2344090029218
			90.5693190438739	-43.2344090029218
			90.5295083541843	-43.2344090029218
			90.4896976644947	-43.2344090029218
			90.4498869748051	-43.2742196926114
			90.4100762851155	-43.2742196926114
			90.3702655954258	-43.2742196926114
			90.3304549057362	-43.2742196926114
			90.2906442160466	-43.2742196926114
			90.250833526357	-43.2742196926114
			90.2110228366674	-43.2742196926114
			90.1712121469778	-43.2742196926114
			90.1314014572882	-43.2742196926114
			90.0915907675985	-43.2742196926114
			90.0517800779089	-43.314030382301
			90.0119693882193	-43.314030382301
			89.9721586985297	-43.314030382301
			89.9323480088401	-43.314030382301
			89.8925373191505	-43.314030382301
			89.8527266294608	-43.314030382301
			89.8129159397712	-43.314030382301
			89.7731052500816	-43.314030382301
			89.733294560392	-43.314030382301
			89.6934838707024	-43.314030382301
			89.6536731810128	-43.3538410719906
			89.6138624913232	-43.3538410719906
			89.5740518016335	-43.3538410719906
			89.5342411119439	-43.3538410719906
			89.4944304222543	-43.3538410719906
			89.4546197325647	-43.3538410719906
			89.4148090428751	-43.3936517616803
			89.3749983531855	-43.3936517616803
			89.3351876634959	-43.3936517616803
			89.2953769738062	-43.3936517616803
			89.2555662841166	-43.4334624513699
			89.215755594427	-43.4334624513699
			89.1759449047374	-43.4334624513699
			89.1361342150478	-43.4334624513699
			89.0963235253582	-43.4732731410595
			89.0565128356686	-43.4732731410595
			89.0167021459789	-43.4732731410595
			88.9768914562893	-43.5130838307491
			88.9370807665997	-43.5130838307491
			88.8972700769101	-43.5130838307491
			88.8574593872205	-43.5130838307491
			88.8176486975309	-43.5528945204387
			88.7778380078413	-43.5528945204387
			88.7380273181516	-43.5528945204387
			88.698216628462	-43.5528945204387
			88.6584059387724	-43.5927052101283
			88.6185952490828	-43.5927052101283
			88.5787845593932	-43.5927052101283
			88.5389738697036	-43.6325158998179
			88.499163180014	-43.6325158998179
			88.4593524903243	-43.6325158998179
			88.4195418006347	-43.6325158998179
			88.3797311109451	-43.6723265895076
			88.3399204212555	-43.6723265895076
			88.3001097315659	-43.6723265895076
			88.2602990418763	-43.7121372791972
			88.2204883521866	-43.7121372791972
			88.180677662497	-43.7121372791972
			88.1408669728074	-43.7121372791972
			88.1010562831178	-43.7519479688868
			88.0612455934282	-43.7519479688868
			88.0214349037386	-43.7519479688868
			87.9816242140489	-43.7917586585764
			87.9418135243593	-43.7917586585764
			87.9020028346697	-43.7917586585764
			87.8621921449801	-43.7917586585764
			87.8223814552905	-43.831569348266
			87.7825707656009	-43.831569348266
			87.7427600759113	-43.831569348266
			87.7029493862216	-43.8713800379556
			87.663138696532	-43.8713800379556
			87.6233280068424	-43.8713800379556
			87.5835173171528	-43.8713800379556
			87.5437066274632	-43.9111907276452
			87.5038959377736	-43.9111907276452
			87.464085248084	-43.9111907276452
			87.4242745583943	-43.9111907276452
			87.3844638687047	-43.9510014173349
			87.3446531790151	-43.9510014173349
			87.3048424893255	-43.9510014173349
			87.2650317996359	-43.9510014173349
			87.2252211099463	-43.9908121070245
			87.1854104202567	-43.9908121070245
			87.145599730567	-43.9908121070245
			87.1057890408774	-43.9908121070245
			87.0659783511878	-44.0306227967141
			87.0261676614982	-44.0306227967141
			86.9863569718086	-44.0306227967141
			86.946546282119	-44.0704334864037
			86.9067355924293	-44.0704334864037
			86.8669249027397	-44.0704334864037
			86.8271142130501	-44.0704334864037
			86.7873035233605	-44.1102441760933
			86.7474928336709	-44.1102441760933
			86.7076821439813	-44.1102441760933
			86.6678714542917	-44.1102441760933
			86.628060764602	-44.1500548657829
			86.5882500749124	-44.1500548657829
			86.5484393852228	-44.1500548657829
			86.5086286955332	-44.1898655554726
			86.4688180058436	-44.1898655554726
			86.429007316154	-44.1898655554726
			86.3891966264644	-44.2296762451622
			86.3493859367747	-44.2296762451622
			86.3095752470851	-44.2296762451622
			86.2697645573955	-44.2296762451622
			86.2299538677059	-44.2694869348518
			86.1901431780163	-44.2694869348518
			86.1503324883267	-44.2694869348518
			86.1105217986371	-44.3092976245414
			86.0707111089474	-44.3092976245414
			86.0309004192578	-44.3092976245414
			85.9910897295682	-44.349108314231
			85.9512790398786	-44.349108314231
			85.911468350189	-44.349108314231
			85.8716576604994	-44.3889190039206
			85.8318469708097	-44.3889190039206
			85.7920362811201	-44.3889190039206
			85.7522255914305	-44.4287296936102
			85.7124149017409	-44.4287296936102
		</Tail2>
		<AnalFin type=matrix rownames=FALSE colnames=FALSE nrow=84 ncol=2 as.numeric=TRUE >
			85.7124149017409	-44.4287296936102
			85.6726042120513	-44.4685403832999
			85.6327935223617	-44.4685403832999
			85.592982832672	-44.5083510729895
			85.5531721429824	-44.5083510729895
			85.5133614532928	-44.5083510729895
			85.5133614532928	-44.5481617626791
			85.4735507636032	-44.5481617626791
			85.4337400739136	-44.5879724523687
			85.393929384224	-44.5879724523687
			85.3541186945344	-44.6277831420583
			85.3143080048447	-44.6277831420583
			85.2744973151551	-44.6675938317479
			85.2346866254655	-44.6675938317479
			85.2346866254655	-44.7074045214375
			85.1948759357759	-44.7074045214375
			85.1550652460863	-44.7472152111272
			85.1152545563967	-44.7472152111272
			85.0754438667071	-44.7870259008168
			85.0356331770174	-44.8268365905064
			84.9958224873278	-44.8268365905064
			84.9560117976382	-44.866647280196
			84.9162011079486	-44.9064579698856
			84.876390418259	-44.9064579698856
			84.8365797285694	-44.9462686595752
			84.7967690388798	-44.9462686595752
			84.7569583491901	-44.9860793492648
			84.7171476595005	-44.9860793492648
			84.6773369698109	-45.0258900389545
			84.6773369698109	-45.0657007286441
			84.6375262801213	-45.0657007286441
			84.5977155904317	-45.1055114183337
			84.5579049007421	-45.1453221080233
			84.5180942110525	-45.1453221080233
			84.4782835213628	-45.1851327977129
			84.4384728316732	-45.1851327977129
			84.3986621419836	-45.2249434874025
			84.3986621419836	-45.2647541770922
			84.358851452294	-45.2647541770922
			84.3190407626044	-45.3045648667818
			84.2792300729148	-45.3045648667818
			84.2394193832252	-45.3443755564714
			84.1996086935355	-45.384186246161
			84.1597980038459	-45.384186246161
			84.1199873141563	-45.4239969358506
			84.0801766244667	-45.4638076255402
			84.0403659347771	-45.5036183152298
			84.0005552450875	-45.5036183152298
			83.9607445553979	-45.5434290049195
			83.9209338657082	-45.5832396946091
			83.8811231760186	-45.6230503842987
			83.841312486329	-45.6230503842987
			83.841312486329	-45.6628610739883
			83.8015017966394	-45.7026717636779
			83.7616911069498	-45.7424824533675
			83.7218804172602	-45.7822931430571
			83.6820697275705	-45.7822931430571
			83.6422590378809	-45.8221038327468
			83.6024483481913	-45.8619145224364
			83.5626376585017	-45.901725212126
			83.5228269688121	-45.9415359018156
			83.4830162791225	-45.9813465915052
			83.4432055894328	-46.0211572811948
			83.4033948997432	-46.0609679708844
			83.3635842100536	-46.0609679708844
			83.3635842100536	-46.1007786605741
			83.323773520364	-46.1405893502637
			83.2839628306744	-46.1405893502637
			83.2441521409848	-46.1804000399533
			83.2043414512952	-46.2202107296429
			83.1645307616055	-46.2600214193325
			83.1247200719159	-46.2600214193325
			83.0849093822263	-46.2998321090221
			83.0450986925367	-46.3396427987118
			83.0052880028471	-46.3396427987118
			83.0052880028471	-46.3794534884014
			82.9654773131575	-46.419264178091
			82.9256666234679	-46.419264178091
			82.8858559337782	-46.4590748677806
			82.8460452440886	-46.4988855574702
			82.806234554399	-46.4988855574702
			82.806234554399	-46.5386962471598
			82.7664238647094	-46.5386962471598
			82.7266131750198	-46.5785069368494
		</AnalFin>
		<Pectfin type=matrix rownames=FALSE colnames=FALSE nrow=53 ncol=2 as.numeric=TRUE >
			71.5796200619276	-46.0211572811948
			71.6194307516172	-46.0609679708844
			71.6194307516172	-46.1007786605741
			71.6592414413068	-46.1405893502637
			71.6592414413068	-46.1804000399533
			71.6990521309964	-46.1804000399533
			71.6990521309964	-46.2202107296429
			71.7388628206861	-46.2600214193325
			71.7388628206861	-46.2998321090221
			71.7786735103757	-46.3396427987118
			71.7786735103757	-46.3794534884014
			71.7786735103757	-46.419264178091
			71.8184842000653	-46.4590748677806
			71.8184842000653	-46.4988855574702
			71.8582948897549	-46.5386962471598
			71.8582948897549	-46.5785069368494
			71.8582948897549	-46.6183176265391
			71.8981055794445	-46.6581283162287
			71.8981055794445	-46.6979390059183
			71.8981055794445	-46.7377496956079
			71.8981055794445	-46.7775603852975
			71.9379162691341	-46.8173710749871
			71.9379162691341	-46.8571817646767
			71.9379162691341	-46.8969924543664
			71.9379162691341	-46.936803144056
			71.9379162691341	-46.9766138337456
			71.9777269588238	-47.0164245234352
			71.9777269588238	-47.0562352131248
			71.9777269588238	-47.0960459028144
			72.0175376485134	-47.1358565925041
			72.0175376485134	-47.1756672821937
			72.0175376485134	-47.2154779718833
			72.0175376485134	-47.2552886615729
			72.0175376485134	-47.2950993512625
			72.0175376485134	-47.3349100409521
			72.0175376485134	-47.3747207306417
			72.0175376485134	-47.4145314203314
			72.0175376485134	-47.454342110021
			72.0175376485134	-47.4941527997106
			72.0175376485134	-47.5339634894002
			72.0175376485134	-47.5737741790898
			72.0175376485134	-47.6135848687794
			72.0175376485134	-47.6533955584691
			72.0175376485134	-47.6932062481587
			72.0175376485134	-47.7330169378483
			72.0175376485134	-47.7728276275379
			72.0175376485134	-47.8126383172275
			71.9777269588238	-47.8524490069171
			71.9777269588238	-47.8922596966067
			71.9777269588238	-47.9320703862964
			71.9777269588238	-47.971881075986
			71.9379162691341	-48.0116917656756
			71.9379162691341	-48.0515024553652
		</Pectfin>
		<Opercle type=matrix rownames=FALSE colnames=FALSE nrow=184 ncol=2 as.numeric=TRUE >
			70.3454886815495	-41.8410348637853
			70.3852993712392	-41.8808455534749
			70.3852993712392	-41.9206562431645
			70.4251100609288	-41.9604669328541
			70.4649207506184	-42.0002776225437
			70.4649207506184	-42.0400883122333
			70.504731440308	-42.079899001923
			70.504731440308	-42.1197096916126
			70.5445421299976	-42.1595203813022
			70.5843528196872	-42.1993310709918
			70.5843528196872	-42.2391417606814
			70.5843528196872	-42.278952450371
			70.6241635093769	-42.278952450371
			70.6241635093769	-42.3187631400606
			70.6639741990665	-42.3585738297503
			70.6639741990665	-42.3983845194399
			70.7037848887561	-42.4381952091295
			70.7037848887561	-42.4780058988191
			70.7435955784457	-42.5178165885087
			70.7435955784457	-42.5576272781983
			70.7435955784457	-42.597437967888
			70.7834062681353	-42.6372486575776
			70.7834062681353	-42.6770593472672
			70.7834062681353	-42.7168700369568
			70.8232169578249	-42.7168700369568
			70.8232169578249	-42.7566807266464
			70.8232169578249	-42.796491416336
			70.8630276475145	-42.8363021060256
			70.8630276475145	-42.8761127957153
			70.8630276475145	-42.9159234854049
			70.9028383372042	-42.9557341750945
			70.9028383372042	-42.9955448647841
			70.9028383372042	-43.0353555544737
			70.9426490268938	-43.0751662441633
			70.9426490268938	-43.114976933853
			70.9426490268938	-43.1547876235426
			70.9426490268938	-43.1945983132322
			70.9426490268938	-43.2344090029218
			70.9824597165834	-43.2742196926114
			70.9824597165834	-43.314030382301
			70.9824597165834	-43.3538410719906
			70.9824597165834	-43.3936517616803
			70.9824597165834	-43.4334624513699
			70.9824597165834	-43.4732731410595
			70.9824597165834	-43.5130838307491
			70.9824597165834	-43.5528945204387
			70.9824597165834	-43.5927052101283
			70.9824597165834	-43.6325158998179
			70.9824597165834	-43.6723265895076
			70.9824597165834	-43.7121372791972
			70.9824597165834	-43.7519479688868
			70.9824597165834	-43.7917586585764
			70.9824597165834	-43.831569348266
			70.9824597165834	-43.8713800379556
			70.9426490268938	-43.9111907276452
			70.9426490268938	-43.9510014173349
			70.9426490268938	-43.9908121070245
			70.9426490268938	-44.0306227967141
			70.9426490268938	-44.0704334864037
			70.9028383372042	-44.0704334864037
			70.9028383372042	-44.1102441760933
			70.9028383372042	-44.1500548657829
			70.9028383372042	-44.1898655554726
			70.8630276475145	-44.2296762451622
			70.8630276475145	-44.2694869348518
			70.8630276475145	-44.3092976245414
			70.8630276475145	-44.349108314231
			70.8232169578249	-44.3889190039206
			70.8232169578249	-44.4287296936102
			70.8232169578249	-44.4685403832999
			70.8232169578249	-44.5083510729895
			70.7834062681353	-44.5481617626791
			70.7834062681353	-44.5879724523687
			70.7435955784457	-44.6277831420583
			70.7435955784457	-44.6675938317479
			70.7435955784457	-44.7074045214375
			70.7037848887561	-44.7472152111272
			70.7037848887561	-44.7870259008168
			70.7037848887561	-44.8268365905064
			70.6639741990665	-44.866647280196
			70.6639741990665	-44.9064579698856
			70.6241635093769	-44.9462686595752
			70.6241635093769	-44.9860793492648
			70.6241635093769	-45.0258900389545
			70.6241635093769	-45.0657007286441
			70.5843528196872	-45.0657007286441
			70.5843528196872	-45.1055114183337
			70.5843528196872	-45.1453221080233
			70.5445421299976	-45.1851327977129
			70.5445421299976	-45.2249434874025
			70.504731440308	-45.2647541770922
			70.504731440308	-45.3045648667818
			70.4649207506184	-45.3443755564714
			70.4649207506184	-45.384186246161
			70.4251100609288	-45.4239969358506
			70.4251100609288	-45.4638076255402
			70.3852993712392	-45.5036183152298
			70.3852993712392	-45.5434290049195
			70.3454886815495	-45.5832396946091
			70.3056779918599	-45.6230503842987
			70.3056779918599	-45.6628610739883
			70.2658673021703	-45.7026717636779
			70.2260566124807	-45.7424824533675
			70.1862459227911	-45.7822931430571
			70.1464352331015	-45.8221038327468
			70.1066245434119	-45.8619145224364
			70.0668138537222	-45.8619145224364
			70.0270031640326	-45.901725212126
			69.987192474343	-45.9415359018156
			69.987192474343	-45.9813465915052
			69.9473817846534	-46.0211572811948
			69.9075710949638	-46.0211572811948
			69.8677604052742	-46.0609679708844
			69.8279497155846	-46.1007786605741
			69.7881390258949	-46.1405893502637
			69.7483283362053	-46.1405893502637
			69.7085176465157	-46.1804000399533
			69.6687069568261	-46.2202107296429
			69.6288962671365	-46.2600214193325
			69.5890855774469	-46.2600214193325
			69.5492748877572	-46.2998321090221
			69.5094641980676	-46.3396427987118
			69.469653508378	-46.3396427987118
			69.4298428186884	-46.3794534884014
			69.3900321289988	-46.3794534884014
			69.3502214393092	-46.419264178091
			69.3104107496196	-46.4590748677806
			69.2706000599299	-46.4590748677806
			69.2307893702403	-46.4988855574702
			69.1909786805507	-46.4988855574702
			69.1511679908611	-46.5386962471598
			69.1113573011715	-46.5386962471598
			69.0715466114819	-46.5785069368494
			69.0317359217922	-46.5785069368494
			68.9919252321026	-46.6183176265391
			68.952114542413	-46.6183176265391
			68.9123038527234	-46.6581283162287
			68.8724931630338	-46.6581283162287
			68.8326824733442	-46.6979390059183
			68.7928717836546	-46.6979390059183
			68.7530610939649	-46.7377496956079
			68.7132504042753	-46.7377496956079
			68.6734397145857	-46.7377496956079
			68.6336290248961	-46.7775603852975
			68.5938183352065	-46.7775603852975
			68.5540076455169	-46.8173710749871
			68.5141969558273	-46.8173710749871
			68.4743862661376	-46.8173710749871
			68.434575576448	-46.8173710749871
			68.3947648867584	-46.8173710749871
			68.3549541970688	-46.8173710749871
			68.3151435073792	-46.8571817646767
			68.2753328176896	-46.8571817646767
			68.235522128	-46.8571817646767
			68.1957114383103	-46.8571817646767
			68.1559007486207	-46.8571817646767
			68.1160900589311	-46.8969924543664
			68.0762793692415	-46.8969924543664
			68.0364686795519	-46.8969924543664
			67.9966579898623	-46.8969924543664
			67.9568473001727	-46.8969924543664
			67.917036610483	-46.8969924543664
			67.8772259207934	-46.8969924543664
			67.8374152311038	-46.8969924543664
			67.7976045414142	-46.936803144056
			67.7577938517246	-46.936803144056
			67.717983162035	-46.936803144056
			67.6781724723454	-46.936803144056
			67.6383617826557	-46.936803144056
			67.5985510929661	-46.936803144056
			67.5587404032765	-46.936803144056
			67.5189297135869	-46.936803144056
			67.4791190238973	-46.936803144056
			67.4393083342077	-46.936803144056
			67.399497644518	-46.9766138337456
			67.3596869548284	-46.9766138337456
			67.3198762651388	-46.9766138337456
			67.2800655754492	-46.9766138337456
			67.2402548857596	-46.9766138337456
			67.20044419607	-46.9766138337456
			67.1606335063803	-46.9766138337456
			67.1208228166907	-46.9766138337456
			67.0810121270011	-46.9766138337456
			67.0412014373115	-46.9766138337456
		</Opercle>
		<Preopercle type=matrix rownames=FALSE colnames=FALSE nrow=91 ncol=2 as.numeric=TRUE >
			67.5189297135869	-43.4334624513699
			67.5189297135869	-43.4732731410595
			67.5189297135869	-43.5130838307491
			67.5189297135869	-43.5528945204387
			67.5189297135869	-43.5927052101283
			67.5189297135869	-43.6325158998179
			67.5587404032765	-43.6723265895076
			67.5587404032765	-43.7121372791972
			67.5587404032765	-43.7519479688868
			67.5587404032765	-43.7917586585764
			67.5587404032765	-43.831569348266
			67.5587404032765	-43.8713800379556
			67.5587404032765	-43.9111907276452
			67.5587404032765	-43.9510014173349
			67.5587404032765	-43.9908121070245
			67.5587404032765	-44.0306227967141
			67.5587404032765	-44.0704334864037
			67.5587404032765	-44.1102441760933
			67.5587404032765	-44.1500548657829
			67.5587404032765	-44.1898655554726
			67.5587404032765	-44.2296762451622
			67.5587404032765	-44.2694869348518
			67.5587404032765	-44.3092976245414
			67.5587404032765	-44.349108314231
			67.5587404032765	-44.3889190039206
			67.5587404032765	-44.4287296936102
			67.5587404032765	-44.4685403832999
			67.5587404032765	-44.5083510729895
			67.5587404032765	-44.5481617626791
			67.5587404032765	-44.5879724523687
			67.5587404032765	-44.6277831420583
			67.5587404032765	-44.6675938317479
			67.5587404032765	-44.7074045214375
			67.5587404032765	-44.7472152111272
			67.5189297135869	-44.7870259008168
			67.5189297135869	-44.8268365905064
			67.5189297135869	-44.866647280196
			67.5189297135869	-44.9064579698856
			67.5189297135869	-44.9462686595752
			67.5189297135869	-44.9860793492648
			67.5189297135869	-45.0258900389545
			67.5189297135869	-45.0657007286441
			67.4791190238973	-45.1055114183337
			67.4791190238973	-45.1453221080233
			67.4791190238973	-45.1851327977129
			67.4791190238973	-45.2249434874025
			67.4791190238973	-45.2647541770922
			67.4393083342077	-45.3045648667818
			67.4393083342077	-45.3443755564714
			67.4393083342077	-45.384186246161
			67.399497644518	-45.4239969358506
			67.399497644518	-45.4638076255402
			67.399497644518	-45.5036183152298
			67.399497644518	-45.5434290049195
			67.3596869548284	-45.5832396946091
			67.3596869548284	-45.6230503842987
			67.3596869548284	-45.6628610739883
			67.3596869548284	-45.7026717636779
			67.3198762651388	-45.7424824533675
			67.3198762651388	-45.7822931430571
			67.3198762651388	-45.8221038327468
			67.3198762651388	-45.8619145224364
			67.2800655754492	-45.901725212126
			67.2800655754492	-45.9415359018156
			67.2800655754492	-45.9813465915052
			67.2800655754492	-46.0211572811948
			67.2800655754492	-46.0609679708844
			67.2402548857596	-46.1007786605741
			67.2402548857596	-46.1405893502637
			67.2402548857596	-46.1804000399533
			67.2402548857596	-46.2202107296429
			67.20044419607	-46.2600214193325
			67.20044419607	-46.2998321090221
			67.20044419607	-46.3396427987118
			67.20044419607	-46.3794534884014
			67.1606335063803	-46.419264178091
			67.1606335063803	-46.4590748677806
			67.1606335063803	-46.4988855574702
			67.1606335063803	-46.5386962471598
			67.1208228166907	-46.5785069368494
			67.1208228166907	-46.6183176265391
			67.1208228166907	-46.6581283162287
			67.1208228166907	-46.6979390059183
			67.1208228166907	-46.7377496956079
			67.0810121270011	-46.7377496956079
			67.0810121270011	-46.7775603852975
			67.0810121270011	-46.8173710749871
			67.0810121270011	-46.8571817646767
			67.0412014373115	-46.8969924543664
			67.0412014373115	-46.936803144056
			67.0412014373115	-46.9766138337456
		</Preopercle>
	</curves.scaled>
	<ruler.points type=matrix rownames=TRUE colnames=FALSE nrow=2 ncol=2 as.numeric=TRUE >
		Ruler point 1	1369	861
		Ruler point 2	1364	1499
	</ruler.points>
</shapes>

