<shapes type=list>
	<ruler.pixel type=vector names=FALSE length=1 as.numeric=TRUE >642.252286877984</ruler.pixel>
	<ruler.interval type=vector names=FALSE length=1 as.numeric=TRUE >25.4</ruler.interval>
	<scaling.units type=vector names=FALSE length=1 as.numeric=FALSE >mm</scaling.units>
	<scaling type=vector names=FALSE length=1 as.numeric=TRUE >0.0395483216159035</scaling>
	<landmarks.pixel type=matrix rownames=TRUE colnames=FALSE nrow=12 ncol=2 as.numeric=TRUE >
		LM1	1385	1050
		LM2	1781	923
		LM3	2106	987
		LM4	2142	1104
		LM5	1947	1134
		LM6	1876	1164
		LM7	1605	1105
		LM8	1594	1165
		LM9	1581	1033
		LM10	1484	1157
		LM11	1494	1089
		LM12	1468	1013
	</landmarks.pixel>
	<landmarks.scaled type=matrix rownames=TRUE colnames=FALSE nrow=12 ncol=2 as.numeric=TRUE >
		LM1	54.7744254380263	-41.5257376966986
		LM2	70.4355607979241	-36.5031008514789
		LM3	83.2887653230927	-39.0341934348967
		LM4	84.7125049012652	-43.6613470639574
		LM5	77.000582186164	-44.8477967124345
		LM6	74.1926513514349	-46.0342463609116
		LM7	63.4750561935251	-43.7008953855733
		LM8	63.0400246557501	-46.0737946825275
		LM9	62.5258964747434	-40.8534162292283
		LM10	58.6897092780007	-45.7574081096003
		LM11	59.0851924941598	-43.0681222397189
		LM12	58.0569361321463	-40.0624497969102
	</landmarks.scaled>
	<curves.control type=list>
		<Eye type=matrix rownames=FALSE colnames=FALSE nrow=9 ncol=2 as.numeric=TRUE >
			1468	1013
			1498	1026
			1485	1057
			1457	1081
			1433	1069
			1416	1049
			1431	1035
			1445	1010
			1468	1013
		</Eye>
		<Head type=matrix rownames=FALSE colnames=FALSE nrow=17 ncol=2 as.numeric=TRUE >
			1385	1050
			1382	1045
			1403	1037
			1411	1031
			1430	1020
			1441	1004
			1484	986
			1524	964
			1551	947
			1579	937
			1602	929
			1628	922
			1689	919
			1709	914
			1721	919
			1749	919
			1781	923
		</Head>
		<Tail1 type=matrix rownames=FALSE colnames=FALSE nrow=9 ncol=2 as.numeric=TRUE >
			1781	923
			1814	927
			1879	946
			1925	963
			1956	967
			1990	970
			2033	977
			2082	983
			2106	987
		</Tail1>
		<End type=matrix rownames=FALSE colnames=FALSE nrow=7 ncol=2 as.numeric=TRUE >
			2106	987
			2176	990
			2173	1024
			2161	1037
			2167	1056
			2166	1087
			2142	1104
		</End>
		<Tail2 type=matrix rownames=FALSE colnames=FALSE nrow=7 ncol=2 as.numeric=TRUE >
			2142	1104
			2085	1101
			2080	1109
			2032	1116
			1998	1121
			1973	1126
			1947	1134
		</Tail2>
		<AnalFin type=matrix rownames=FALSE colnames=FALSE nrow=5 ncol=2 as.numeric=TRUE >
			1947	1134
			1924	1142
			1908	1149
			1891	1157
			1876	1164
		</AnalFin>
		<Pectfin type=matrix rownames=FALSE colnames=FALSE nrow=5 ncol=2 as.numeric=TRUE >
			1605	1105
			1608	1122
			1607	1138
			1604	1152
			1594	1165
		</Pectfin>
		<Opercle type=matrix rownames=FALSE colnames=FALSE nrow=9 ncol=2 as.numeric=TRUE >
			1581	1033
			1589	1053
			1583	1084
			1577	1104
			1565	1124
			1548	1148
			1526	1159
			1504	1163
			1484	1157
		</Opercle>
		<Preopercle type=matrix rownames=FALSE colnames=FALSE nrow=5 ncol=2 as.numeric=TRUE >
			1494	1089
			1491	1105
			1489	1128
			1490	1144
			1484	1157
		</Preopercle>
	</curves.control>
	<curves.pixel type=list>
		<Eye type=matrix rownames=FALSE colnames=FALSE nrow=181 ncol=2 as.numeric=TRUE >
			1468	1013
			1469	1014
			1470	1014
			1471	1014
			1472	1015
			1473	1015
			1474	1016
			1475	1017
			1476	1017
			1476	1018
			1477	1018
			1478	1019
			1479	1020
			1480	1021
			1481	1022
			1482	1023
			1483	1024
			1484	1025
			1485	1026
			1486	1027
			1486	1028
			1487	1029
			1487	1030
			1487	1031
			1488	1032
			1488	1033
			1488	1034
			1489	1035
			1489	1036
			1489	1037
			1489	1038
			1489	1039
			1489	1040
			1489	1041
			1489	1042
			1489	1043
			1489	1044
			1488	1045
			1488	1046
			1488	1047
			1488	1048
			1488	1049
			1488	1050
			1487	1050
			1487	1051
			1487	1052
			1486	1053
			1486	1054
			1486	1055
			1485	1056
			1485	1057
			1484	1058
			1483	1058
			1483	1059
			1482	1060
			1481	1060
			1480	1061
			1479	1062
			1478	1062
			1477	1063
			1476	1064
			1475	1065
			1474	1065
			1473	1066
			1472	1066
			1471	1067
			1470	1068
			1469	1068
			1468	1069
			1467	1069
			1466	1069
			1465	1070
			1464	1070
			1463	1071
			1462	1071
			1461	1071
			1460	1071
			1459	1072
			1458	1072
			1457	1072
			1456	1072
			1455	1073
			1454	1073
			1453	1073
			1452	1073
			1451	1073
			1450	1073
			1449	1073
			1448	1073
			1447	1073
			1446	1073
			1445	1073
			1444	1073
			1443	1072
			1442	1072
			1441	1072
			1440	1072
			1439	1071
			1438	1071
			1437	1071
			1436	1070
			1435	1070
			1434	1070
			1433	1069
			1432	1068
			1431	1067
			1431	1066
			1430	1065
			1429	1064
			1429	1063
			1428	1062
			1427	1061
			1427	1060
			1426	1059
			1426	1058
			1425	1057
			1425	1056
			1425	1055
			1424	1054
			1424	1053
			1424	1052
			1424	1051
			1424	1050
			1424	1049
			1424	1048
			1424	1047
			1424	1046
			1425	1045
			1425	1044
			1425	1043
			1426	1042
			1426	1041
			1427	1040
			1428	1039
			1429	1038
			1429	1037
			1430	1036
			1431	1035
			1432	1034
			1432	1033
			1433	1032
			1433	1031
			1434	1030
			1435	1029
			1435	1028
			1436	1028
			1436	1027
			1437	1026
			1438	1025
			1439	1024
			1440	1023
			1441	1022
			1441	1021
			1442	1021
			1443	1020
			1444	1019
			1445	1019
			1445	1018
			1446	1018
			1447	1017
			1448	1017
			1449	1016
			1450	1016
			1451	1015
			1452	1015
			1453	1014
			1454	1014
			1455	1014
			1456	1013
			1457	1013
			1458	1013
			1459	1013
			1460	1013
			1461	1013
			1462	1013
			1463	1013
			1464	1013
			1465	1013
			1466	1013
			1467	1013
			1468	1013
		</Eye>
		<Head type=matrix rownames=FALSE colnames=FALSE nrow=414 ncol=2 as.numeric=TRUE >
			1385	1050
			1385	1049
			1385	1048
			1385	1047
			1386	1046
			1387	1045
			1388	1044
			1389	1044
			1390	1043
			1391	1042
			1392	1042
			1393	1041
			1394	1041
			1395	1040
			1396	1040
			1397	1039
			1398	1039
			1399	1038
			1400	1038
			1401	1038
			1402	1038
			1402	1037
			1403	1037
			1404	1036
			1405	1036
			1406	1035
			1407	1034
			1408	1034
			1409	1033
			1410	1032
			1411	1031
			1412	1031
			1413	1030
			1414	1030
			1415	1029
			1416	1029
			1416	1028
			1417	1028
			1418	1027
			1419	1027
			1420	1026
			1421	1025
			1422	1025
			1423	1024
			1424	1023
			1425	1023
			1426	1022
			1427	1022
			1428	1021
			1429	1020
			1430	1020
			1431	1019
			1431	1018
			1432	1017
			1433	1017
			1433	1016
			1434	1015
			1435	1014
			1436	1014
			1437	1013
			1437	1012
			1438	1011
			1439	1010
			1440	1010
			1441	1009
			1442	1008
			1443	1007
			1444	1007
			1445	1006
			1446	1006
			1446	1005
			1447	1005
			1448	1004
			1449	1004
			1449	1003
			1450	1003
			1451	1002
			1452	1002
			1453	1001
			1454	1000
			1455	1000
			1456	999
			1457	999
			1458	998
			1459	998
			1460	997
			1461	997
			1462	996
			1463	996
			1464	995
			1465	995
			1465	994
			1466	994
			1467	994
			1468	993
			1469	993
			1470	992
			1471	992
			1472	991
			1473	991
			1474	990
			1475	990
			1476	990
			1477	989
			1478	989
			1479	988
			1480	988
			1481	987
			1482	987
			1483	986
			1484	986
			1485	986
			1486	985
			1487	984
			1488	984
			1489	983
			1490	983
			1491	982
			1492	982
			1493	981
			1494	981
			1495	980
			1496	979
			1497	979
			1498	978
			1499	978
			1500	977
			1501	976
			1502	976
			1503	976
			1504	975
			1505	974
			1506	974
			1507	973
			1508	973
			1509	972
			1510	972
			1511	971
			1512	971
			1513	970
			1513	969
			1514	969
			1515	968
			1516	968
			1517	967
			1518	967
			1519	966
			1520	966
			1520	965
			1521	965
			1522	964
			1523	964
			1524	963
			1525	963
			1526	962
			1527	961
			1528	961
			1529	960
			1530	960
			1531	959
			1532	959
			1533	958
			1534	957
			1535	957
			1536	956
			1537	956
			1538	955
			1539	955
			1540	954
			1541	953
			1542	952
			1543	952
			1544	952
			1544	951
			1545	951
			1546	950
			1547	950
			1548	949
			1549	948
			1550	948
			1551	947
			1552	947
			1553	946
			1554	946
			1555	945
			1556	945
			1557	945
			1558	945
			1559	944
			1560	944
			1561	944
			1561	943
			1562	943
			1563	943
			1564	942
			1565	942
			1566	942
			1567	941
			1568	941
			1569	940
			1570	940
			1571	940
			1572	939
			1573	939
			1574	939
			1575	938
			1576	938
			1577	938
			1578	937
			1579	937
			1580	937
			1581	936
			1582	936
			1583	936
			1584	935
			1585	935
			1586	935
			1587	934
			1588	934
			1589	934
			1590	933
			1591	933
			1592	933
			1592	932
			1593	932
			1594	932
			1595	931
			1596	931
			1597	931
			1598	930
			1599	930
			1600	930
			1601	929
			1602	929
			1603	929
			1604	929
			1605	928
			1606	928
			1607	928
			1608	928
			1609	927
			1610	927
			1611	927
			1612	927
			1613	926
			1614	926
			1615	926
			1616	926
			1617	926
			1618	926
			1619	925
			1620	925
			1621	925
			1622	925
			1623	925
			1624	925
			1625	925
			1626	924
			1627	924
			1628	924
			1629	924
			1630	924
			1631	924
			1632	924
			1633	923
			1634	923
			1635	923
			1636	923
			1637	923
			1638	923
			1639	923
			1640	923
			1641	923
			1642	922
			1643	922
			1644	922
			1645	922
			1646	922
			1647	922
			1648	922
			1649	922
			1650	922
			1651	922
			1652	921
			1653	921
			1654	921
			1655	921
			1656	921
			1657	921
			1658	921
			1659	921
			1660	921
			1661	921
			1662	921
			1663	921
			1664	920
			1665	920
			1666	920
			1667	920
			1668	920
			1669	920
			1670	920
			1671	920
			1672	920
			1673	920
			1674	920
			1675	920
			1676	920
			1677	920
			1678	920
			1679	920
			1680	919
			1681	919
			1682	919
			1683	919
			1684	919
			1685	919
			1686	919
			1687	919
			1688	919
			1689	919
			1690	919
			1691	919
			1692	918
			1693	918
			1694	918
			1695	918
			1696	918
			1696	917
			1697	917
			1698	917
			1699	917
			1700	917
			1701	917
			1702	917
			1703	917
			1704	917
			1705	917
			1706	917
			1707	917
			1708	917
			1709	917
			1710	917
			1711	917
			1712	917
			1713	917
			1714	917
			1715	917
			1716	917
			1717	918
			1718	918
			1719	918
			1720	919
			1721	919
			1722	919
			1723	919
			1724	919
			1725	919
			1726	919
			1727	919
			1728	919
			1729	919
			1730	919
			1731	919
			1732	919
			1733	919
			1734	919
			1735	919
			1736	919
			1737	919
			1738	919
			1739	919
			1740	919
			1741	919
			1742	920
			1743	920
			1744	920
			1745	920
			1746	920
			1747	920
			1748	920
			1749	920
			1750	920
			1751	920
			1752	920
			1753	920
			1754	920
			1755	920
			1756	920
			1757	921
			1758	921
			1759	921
			1760	921
			1761	921
			1762	921
			1763	921
			1764	921
			1765	921
			1766	921
			1767	921
			1768	922
			1769	922
			1770	922
			1771	922
			1772	922
			1773	922
			1774	922
			1775	922
			1776	922
			1777	923
			1778	923
			1779	923
			1780	923
			1781	923
		</Head>
		<Tail1 type=matrix rownames=FALSE colnames=FALSE nrow=330 ncol=2 as.numeric=TRUE >
			1781	923
			1782	923
			1783	923
			1784	923
			1785	924
			1786	924
			1787	924
			1788	924
			1789	924
			1790	924
			1791	924
			1792	925
			1793	925
			1794	925
			1795	925
			1796	925
			1797	925
			1798	926
			1799	926
			1800	926
			1801	926
			1802	926
			1803	927
			1804	927
			1805	927
			1806	927
			1807	927
			1808	928
			1809	928
			1810	928
			1811	928
			1812	929
			1813	929
			1814	929
			1815	929
			1816	929
			1817	930
			1818	930
			1819	930
			1820	930
			1821	931
			1822	931
			1823	931
			1824	931
			1825	931
			1825	932
			1826	932
			1827	932
			1828	932
			1829	933
			1830	933
			1831	933
			1832	933
			1833	933
			1833	934
			1834	934
			1835	934
			1836	934
			1837	934
			1838	935
			1839	935
			1840	935
			1841	936
			1842	936
			1843	936
			1844	936
			1845	937
			1846	937
			1847	937
			1848	937
			1849	938
			1850	938
			1851	938
			1852	938
			1853	939
			1854	939
			1855	939
			1856	940
			1857	940
			1858	940
			1859	940
			1860	941
			1861	941
			1862	941
			1863	941
			1864	942
			1865	942
			1866	942
			1867	943
			1868	943
			1869	943
			1870	943
			1871	944
			1872	944
			1873	944
			1874	945
			1875	945
			1876	945
			1877	945
			1878	946
			1879	946
			1880	946
			1881	947
			1882	947
			1883	947
			1884	948
			1885	948
			1886	948
			1886	949
			1887	949
			1888	949
			1889	950
			1890	950
			1891	950
			1892	951
			1893	951
			1894	951
			1895	952
			1896	952
			1897	952
			1898	953
			1899	953
			1900	953
			1901	954
			1902	954
			1903	954
			1904	955
			1905	955
			1906	955
			1907	956
			1908	956
			1909	956
			1910	956
			1911	957
			1912	957
			1913	957
			1914	958
			1915	958
			1916	958
			1917	959
			1918	959
			1919	959
			1920	959
			1921	960
			1922	960
			1923	960
			1924	960
			1924	961
			1925	961
			1926	961
			1927	961
			1928	962
			1929	962
			1930	962
			1931	962
			1932	962
			1933	963
			1934	963
			1935	963
			1936	964
			1937	964
			1938	964
			1939	964
			1940	964
			1941	965
			1942	965
			1943	965
			1944	965
			1945	965
			1946	965
			1947	966
			1948	966
			1949	966
			1950	966
			1951	966
			1952	966
			1953	967
			1954	967
			1955	967
			1956	967
			1957	967
			1958	967
			1959	967
			1960	967
			1961	967
			1962	968
			1963	968
			1964	968
			1965	968
			1966	968
			1967	968
			1968	968
			1969	968
			1970	968
			1971	968
			1972	969
			1973	969
			1974	969
			1975	969
			1976	969
			1977	969
			1978	969
			1979	969
			1980	970
			1981	970
			1982	970
			1983	970
			1984	970
			1985	970
			1986	970
			1987	970
			1988	971
			1989	971
			1990	971
			1991	971
			1992	971
			1993	971
			1994	971
			1995	971
			1996	972
			1997	972
			1998	972
			1999	972
			2000	972
			2001	972
			2002	972
			2003	972
			2004	973
			2005	973
			2006	973
			2007	973
			2008	973
			2009	973
			2010	973
			2011	974
			2012	974
			2013	974
			2014	974
			2015	974
			2016	974
			2017	974
			2018	975
			2019	975
			2020	975
			2021	975
			2022	975
			2023	975
			2024	976
			2025	976
			2026	976
			2027	976
			2028	976
			2029	976
			2030	977
			2031	977
			2032	977
			2033	977
			2034	977
			2035	977
			2036	977
			2037	978
			2038	978
			2039	978
			2040	978
			2041	978
			2042	978
			2043	978
			2044	978
			2045	979
			2046	979
			2047	979
			2048	979
			2049	979
			2050	979
			2051	979
			2052	979
			2053	980
			2054	980
			2055	980
			2056	980
			2057	980
			2058	980
			2059	980
			2060	980
			2061	981
			2062	981
			2063	981
			2064	981
			2065	981
			2066	981
			2067	981
			2068	982
			2069	982
			2070	982
			2071	982
			2072	982
			2073	982
			2074	982
			2075	982
			2076	983
			2077	983
			2078	983
			2079	983
			2080	983
			2081	983
			2082	983
			2083	983
			2084	984
			2085	984
			2086	984
			2087	984
			2088	984
			2089	984
			2090	985
			2091	985
			2092	985
			2093	985
			2094	985
			2095	985
			2096	985
			2097	986
			2098	986
			2099	986
			2100	986
			2101	986
			2102	986
			2103	987
			2104	987
			2105	987
			2106	987
		</Tail1>
		<End type=matrix rownames=FALSE colnames=FALSE nrow=172 ncol=2 as.numeric=TRUE >
			2106	987
			2107	987
			2108	987
			2109	987
			2110	987
			2111	987
			2112	987
			2113	987
			2114	987
			2115	988
			2116	988
			2117	988
			2118	988
			2119	988
			2120	988
			2121	988
			2122	988
			2123	988
			2124	988
			2125	989
			2126	989
			2127	989
			2128	989
			2129	989
			2130	989
			2131	989
			2132	990
			2133	990
			2134	990
			2135	990
			2136	990
			2137	991
			2138	991
			2139	991
			2140	991
			2141	991
			2141	992
			2142	992
			2143	992
			2144	992
			2145	993
			2146	993
			2147	993
			2148	994
			2149	994
			2150	994
			2151	995
			2152	995
			2153	996
			2154	996
			2155	996
			2156	997
			2157	997
			2158	998
			2159	998
			2159	999
			2160	999
			2161	1000
			2162	1000
			2162	1001
			2163	1001
			2164	1002
			2165	1003
			2166	1004
			2167	1005
			2168	1006
			2169	1007
			2169	1008
			2170	1008
			2170	1009
			2171	1010
			2171	1011
			2171	1012
			2172	1012
			2172	1013
			2172	1014
			2172	1015
			2173	1016
			2173	1017
			2173	1018
			2173	1019
			2173	1020
			2173	1021
			2173	1022
			2173	1023
			2173	1024
			2172	1025
			2172	1026
			2171	1026
			2170	1027
			2170	1028
			2169	1029
			2169	1030
			2168	1031
			2168	1032
			2167	1032
			2167	1033
			2167	1034
			2166	1035
			2166	1036
			2166	1037
			2166	1038
			2165	1039
			2165	1040
			2165	1041
			2165	1042
			2165	1043
			2165	1044
			2165	1045
			2165	1046
			2165	1047
			2165	1048
			2165	1049
			2166	1050
			2166	1051
			2166	1052
			2166	1053
			2166	1054
			2167	1055
			2167	1056
			2167	1057
			2167	1058
			2167	1059
			2167	1060
			2167	1061
			2167	1062
			2166	1063
			2166	1064
			2166	1065
			2166	1066
			2166	1067
			2166	1068
			2166	1069
			2165	1069
			2165	1070
			2165	1071
			2165	1072
			2164	1073
			2164	1074
			2164	1075
			2163	1076
			2163	1077
			2163	1078
			2162	1079
			2162	1080
			2161	1081
			2161	1082
			2161	1083
			2160	1084
			2160	1085
			2159	1086
			2158	1087
			2157	1088
			2157	1089
			2156	1090
			2155	1091
			2154	1092
			2154	1093
			2153	1094
			2152	1095
			2151	1096
			2150	1097
			2149	1098
			2148	1099
			2147	1100
			2147	1101
			2146	1101
			2145	1102
			2144	1102
			2144	1103
			2143	1103
			2142	1104
		</End>
		<Tail2 type=matrix rownames=FALSE colnames=FALSE nrow=198 ncol=2 as.numeric=TRUE >
			2142	1104
			2141	1104
			2140	1104
			2139	1104
			2138	1104
			2137	1104
			2136	1104
			2135	1104
			2134	1104
			2133	1104
			2132	1104
			2131	1104
			2130	1103
			2129	1103
			2128	1103
			2127	1103
			2126	1103
			2125	1103
			2124	1103
			2123	1103
			2122	1103
			2121	1103
			2120	1103
			2119	1103
			2118	1103
			2117	1103
			2116	1103
			2115	1103
			2114	1103
			2113	1103
			2112	1103
			2111	1103
			2110	1103
			2109	1103
			2108	1103
			2107	1103
			2106	1103
			2105	1103
			2104	1103
			2103	1103
			2102	1103
			2101	1104
			2100	1104
			2099	1104
			2098	1104
			2097	1104
			2096	1104
			2095	1104
			2094	1104
			2093	1104
			2092	1104
			2091	1105
			2090	1105
			2089	1105
			2088	1105
			2087	1105
			2086	1106
			2085	1106
			2084	1106
			2083	1107
			2082	1107
			2081	1108
			2080	1108
			2079	1109
			2078	1109
			2077	1109
			2076	1110
			2075	1110
			2074	1110
			2073	1110
			2072	1110
			2071	1110
			2070	1110
			2069	1111
			2068	1111
			2067	1111
			2066	1111
			2065	1111
			2064	1111
			2063	1112
			2062	1112
			2061	1112
			2060	1112
			2059	1112
			2058	1112
			2057	1112
			2056	1113
			2055	1113
			2054	1113
			2053	1113
			2052	1113
			2051	1113
			2050	1113
			2049	1113
			2048	1114
			2047	1114
			2046	1114
			2045	1114
			2044	1114
			2043	1114
			2042	1115
			2041	1115
			2040	1115
			2039	1115
			2038	1115
			2037	1115
			2036	1115
			2035	1116
			2034	1116
			2033	1116
			2032	1116
			2031	1116
			2030	1116
			2029	1116
			2028	1117
			2027	1117
			2026	1117
			2025	1117
			2024	1117
			2023	1117
			2022	1117
			2021	1118
			2020	1118
			2019	1118
			2018	1118
			2017	1118
			2016	1118
			2015	1119
			2014	1119
			2013	1119
			2012	1119
			2011	1119
			2010	1119
			2009	1119
			2008	1119
			2008	1120
			2007	1120
			2006	1120
			2005	1120
			2004	1120
			2003	1120
			2002	1120
			2001	1121
			2000	1121
			1999	1121
			1998	1121
			1997	1121
			1996	1121
			1995	1122
			1994	1122
			1993	1122
			1992	1122
			1991	1122
			1990	1123
			1989	1123
			1988	1123
			1987	1123
			1986	1124
			1985	1124
			1984	1124
			1983	1124
			1982	1125
			1981	1125
			1980	1125
			1979	1125
			1978	1125
			1977	1126
			1976	1126
			1975	1126
			1974	1126
			1973	1127
			1972	1127
			1971	1127
			1970	1127
			1969	1128
			1968	1128
			1967	1128
			1966	1128
			1965	1129
			1964	1129
			1963	1129
			1962	1129
			1962	1130
			1961	1130
			1960	1130
			1959	1131
			1958	1131
			1957	1131
			1956	1131
			1955	1132
			1954	1132
			1953	1132
			1952	1133
			1951	1133
			1950	1133
			1949	1133
			1948	1134
			1947	1134
		</Tail2>
		<AnalFin type=matrix rownames=FALSE colnames=FALSE nrow=80 ncol=2 as.numeric=TRUE >
			1947	1134
			1946	1134
			1945	1135
			1944	1135
			1943	1135
			1943	1136
			1942	1136
			1941	1136
			1940	1136
			1940	1137
			1939	1137
			1938	1137
			1937	1138
			1936	1138
			1935	1138
			1934	1139
			1933	1139
			1932	1139
			1931	1140
			1930	1140
			1929	1140
			1928	1141
			1927	1141
			1926	1141
			1926	1142
			1925	1142
			1924	1142
			1923	1143
			1922	1143
			1921	1143
			1920	1144
			1919	1144
			1918	1145
			1917	1145
			1916	1146
			1915	1146
			1914	1146
			1913	1147
			1912	1147
			1911	1148
			1910	1148
			1909	1149
			1908	1149
			1907	1150
			1906	1150
			1905	1150
			1905	1151
			1904	1151
			1903	1151
			1903	1152
			1902	1152
			1901	1152
			1900	1153
			1899	1153
			1898	1154
			1897	1154
			1896	1154
			1896	1155
			1895	1155
			1894	1155
			1893	1156
			1892	1157
			1891	1157
			1890	1157
			1889	1158
			1888	1158
			1888	1159
			1887	1159
			1886	1159
			1885	1160
			1884	1160
			1883	1161
			1882	1161
			1881	1161
			1881	1162
			1880	1162
			1879	1163
			1878	1163
			1877	1163
			1876	1164
		</AnalFin>
		<Pectfin type=matrix rownames=FALSE colnames=FALSE nrow=62 ncol=2 as.numeric=TRUE >
			1605	1105
			1605	1106
			1605	1107
			1606	1108
			1606	1109
			1606	1110
			1606	1111
			1606	1112
			1606	1113
			1606	1114
			1606	1115
			1607	1116
			1607	1117
			1607	1118
			1607	1119
			1607	1120
			1607	1121
			1607	1122
			1607	1123
			1607	1124
			1607	1125
			1607	1126
			1607	1127
			1607	1128
			1607	1129
			1607	1130
			1607	1131
			1607	1132
			1607	1133
			1607	1134
			1607	1135
			1607	1136
			1607	1137
			1607	1138
			1607	1139
			1606	1140
			1606	1141
			1606	1142
			1606	1143
			1605	1144
			1605	1145
			1605	1146
			1604	1147
			1604	1148
			1604	1149
			1603	1150
			1603	1151
			1602	1151
			1602	1152
			1601	1153
			1601	1154
			1601	1155
			1600	1156
			1599	1157
			1599	1158
			1598	1159
			1598	1160
			1597	1161
			1596	1162
			1595	1163
			1594	1164
			1594	1165
		</Pectfin>
		<Opercle type=matrix rownames=FALSE colnames=FALSE nrow=182 ncol=2 as.numeric=TRUE >
			1581	1033
			1581	1034
			1582	1035
			1582	1036
			1583	1037
			1583	1038
			1583	1039
			1583	1040
			1583	1041
			1584	1041
			1584	1042
			1584	1043
			1584	1044
			1584	1045
			1585	1046
			1585	1047
			1585	1048
			1585	1049
			1585	1050
			1585	1051
			1585	1052
			1585	1053
			1585	1054
			1585	1055
			1586	1056
			1586	1057
			1586	1058
			1586	1059
			1586	1060
			1586	1061
			1586	1062
			1585	1063
			1585	1064
			1585	1065
			1585	1066
			1585	1067
			1585	1068
			1585	1069
			1585	1070
			1585	1071
			1585	1072
			1585	1073
			1585	1074
			1585	1075
			1584	1075
			1584	1076
			1584	1077
			1584	1078
			1584	1079
			1584	1080
			1584	1081
			1583	1082
			1583	1083
			1583	1084
			1583	1085
			1582	1086
			1582	1087
			1582	1088
			1581	1089
			1581	1090
			1581	1091
			1580	1092
			1580	1093
			1580	1094
			1579	1095
			1579	1096
			1579	1097
			1578	1098
			1578	1099
			1577	1100
			1577	1101
			1576	1102
			1576	1103
			1575	1104
			1575	1105
			1574	1106
			1574	1107
			1574	1108
			1573	1109
			1573	1110
			1572	1111
			1572	1112
			1571	1113
			1571	1114
			1570	1115
			1570	1116
			1569	1117
			1568	1118
			1568	1119
			1567	1120
			1567	1121
			1566	1122
			1566	1123
			1565	1124
			1564	1125
			1563	1126
			1563	1127
			1562	1128
			1561	1129
			1560	1130
			1560	1131
			1559	1131
			1559	1132
			1558	1133
			1557	1134
			1556	1135
			1555	1136
			1554	1137
			1553	1138
			1553	1139
			1552	1140
			1551	1141
			1550	1142
			1549	1143
			1548	1144
			1547	1144
			1546	1145
			1545	1146
			1545	1147
			1544	1147
			1543	1148
			1542	1149
			1541	1149
			1540	1150
			1540	1151
			1539	1151
			1538	1152
			1537	1152
			1536	1153
			1535	1154
			1534	1154
			1534	1155
			1533	1155
			1532	1156
			1531	1156
			1530	1157
			1529	1157
			1528	1158
			1527	1158
			1526	1159
			1525	1159
			1524	1159
			1523	1160
			1522	1160
			1521	1160
			1520	1160
			1519	1160
			1518	1160
			1517	1160
			1516	1160
			1515	1160
			1514	1160
			1513	1160
			1512	1161
			1511	1161
			1510	1161
			1509	1161
			1508	1161
			1507	1161
			1506	1161
			1505	1161
			1504	1160
			1503	1160
			1502	1160
			1501	1160
			1500	1160
			1499	1160
			1498	1160
			1497	1160
			1496	1160
			1495	1160
			1494	1159
			1493	1159
			1492	1159
			1491	1159
			1490	1159
			1489	1158
			1488	1158
			1487	1158
			1486	1157
			1485	1157
			1484	1157
		</Opercle>
		<Preopercle type=matrix rownames=FALSE colnames=FALSE nrow=70 ncol=2 as.numeric=TRUE >
			1494	1089
			1494	1090
			1494	1091
			1493	1092
			1493	1093
			1493	1094
			1493	1095
			1493	1096
			1493	1097
			1493	1098
			1492	1099
			1492	1100
			1492	1101
			1492	1102
			1492	1103
			1492	1104
			1491	1105
			1491	1106
			1491	1107
			1491	1108
			1491	1109
			1491	1110
			1491	1111
			1491	1112
			1491	1113
			1490	1113
			1490	1114
			1490	1115
			1490	1116
			1490	1117
			1490	1118
			1490	1119
			1490	1120
			1490	1121
			1490	1122
			1489	1123
			1489	1124
			1489	1125
			1489	1126
			1489	1127
			1489	1128
			1489	1129
			1489	1130
			1489	1131
			1489	1132
			1489	1133
			1489	1134
			1489	1135
			1489	1136
			1489	1137
			1489	1138
			1489	1139
			1489	1140
			1489	1141
			1488	1142
			1488	1143
			1488	1144
			1488	1145
			1488	1146
			1487	1147
			1487	1148
			1487	1149
			1487	1150
			1486	1151
			1486	1152
			1485	1153
			1485	1154
			1485	1155
			1484	1156
			1484	1157
		</Preopercle>
	</curves.pixel>
	<curves.scaled type=list>
		<Eye type=matrix rownames=FALSE colnames=FALSE nrow=181 ncol=2 as.numeric=TRUE >
			58.0569361321463	-40.0624497969102
			58.0964844537622	-40.1019981185261
			58.1360327753781	-40.1019981185261
			58.175581096994	-40.1019981185261
			58.2151294186099	-40.141546440142
			58.2546777402258	-40.141546440142
			58.2942260618417	-40.1810947617579
			58.3337743834576	-40.2206430833738
			58.3733227050735	-40.2206430833738
			58.3733227050735	-40.2601914049897
			58.4128710266894	-40.2601914049897
			58.4524193483053	-40.2997397266056
			58.4919676699212	-40.3392880482215
			58.5315159915371	-40.3788363698374
			58.571064313153	-40.4183846914533
			58.6106126347689	-40.4579330130692
			58.6501609563848	-40.4974813346851
			58.6897092780007	-40.5370296563011
			58.7292575996166	-40.576577977917
			58.7688059212325	-40.6161262995329
			58.7688059212325	-40.6556746211488
			58.8083542428485	-40.6952229427647
			58.8083542428485	-40.7347712643806
			58.8083542428485	-40.7743195859965
			58.8479025644644	-40.8138679076124
			58.8479025644644	-40.8534162292283
			58.8479025644644	-40.8929645508442
			58.8874508860803	-40.9325128724601
			58.8874508860803	-40.972061194076
			58.8874508860803	-41.0116095156919
			58.8874508860803	-41.0511578373078
			58.8874508860803	-41.0907061589237
			58.8874508860803	-41.1302544805396
			58.8874508860803	-41.1698028021555
			58.8874508860803	-41.2093511237714
			58.8874508860803	-41.2488994453873
			58.8874508860803	-41.2884477670032
			58.8479025644644	-41.3279960886191
			58.8479025644644	-41.367544410235
			58.8479025644644	-41.4070927318509
			58.8479025644644	-41.4466410534668
			58.8479025644644	-41.4861893750827
			58.8479025644644	-41.5257376966986
			58.8083542428485	-41.5257376966986
			58.8083542428485	-41.5652860183145
			58.8083542428485	-41.6048343399304
			58.7688059212325	-41.6443826615463
			58.7688059212325	-41.6839309831622
			58.7688059212325	-41.7234793047782
			58.7292575996166	-41.7630276263941
			58.7292575996166	-41.80257594801
			58.6897092780007	-41.8421242696259
			58.6501609563848	-41.8421242696259
			58.6501609563848	-41.8816725912418
			58.6106126347689	-41.9212209128577
			58.571064313153	-41.9212209128577
			58.5315159915371	-41.9607692344736
			58.4919676699212	-42.0003175560895
			58.4524193483053	-42.0003175560895
			58.4128710266894	-42.0398658777054
			58.3733227050735	-42.0794141993213
			58.3337743834576	-42.1189625209372
			58.2942260618417	-42.1189625209372
			58.2546777402258	-42.1585108425531
			58.2151294186099	-42.1585108425531
			58.175581096994	-42.198059164169
			58.1360327753781	-42.2376074857849
			58.0964844537622	-42.2376074857849
			58.0569361321463	-42.2771558074008
			58.0173878105304	-42.2771558074008
			57.9778394889145	-42.2771558074008
			57.9382911672986	-42.3167041290167
			57.8987428456827	-42.3167041290167
			57.8591945240668	-42.3562524506326
			57.8196462024509	-42.3562524506326
			57.780097880835	-42.3562524506326
			57.7405495592191	-42.3562524506326
			57.7010012376032	-42.3958007722485
			57.6614529159873	-42.3958007722485
			57.6219045943714	-42.3958007722485
			57.5823562727554	-42.3958007722485
			57.5428079511395	-42.4353490938644
			57.5032596295236	-42.4353490938644
			57.4637113079077	-42.4353490938644
			57.4241629862918	-42.4353490938644
			57.3846146646759	-42.4353490938644
			57.34506634306	-42.4353490938644
			57.3055180214441	-42.4353490938644
			57.2659696998282	-42.4353490938644
			57.2264213782123	-42.4353490938644
			57.1868730565964	-42.4353490938644
			57.1473247349805	-42.4353490938644
			57.1077764133646	-42.4353490938644
			57.0682280917487	-42.3958007722485
			57.0286797701328	-42.3958007722485
			56.9891314485169	-42.3958007722485
			56.949583126901	-42.3958007722485
			56.9100348052851	-42.3562524506326
			56.8704864836692	-42.3562524506326
			56.8309381620533	-42.3562524506326
			56.7913898404374	-42.3167041290167
			56.7518415188215	-42.3167041290167
			56.7122931972056	-42.3167041290167
			56.6727448755897	-42.2771558074008
			56.6331965539738	-42.2376074857849
			56.5936482323579	-42.198059164169
			56.5936482323579	-42.1585108425531
			56.554099910742	-42.1189625209372
			56.5145515891261	-42.0794141993213
			56.5145515891261	-42.0398658777054
			56.4750032675101	-42.0003175560895
			56.4354549458942	-41.9607692344736
			56.4354549458942	-41.9212209128577
			56.3959066242783	-41.8816725912418
			56.3959066242783	-41.8421242696259
			56.3563583026624	-41.80257594801
			56.3563583026624	-41.7630276263941
			56.3563583026624	-41.7234793047782
			56.3168099810465	-41.6839309831622
			56.3168099810465	-41.6443826615463
			56.3168099810465	-41.6048343399304
			56.3168099810465	-41.5652860183145
			56.3168099810465	-41.5257376966986
			56.3168099810465	-41.4861893750827
			56.3168099810465	-41.4466410534668
			56.3168099810465	-41.4070927318509
			56.3168099810465	-41.367544410235
			56.3563583026624	-41.3279960886191
			56.3563583026624	-41.2884477670032
			56.3563583026624	-41.2488994453873
			56.3959066242783	-41.2093511237714
			56.3959066242783	-41.1698028021555
			56.4354549458942	-41.1302544805396
			56.4750032675101	-41.0907061589237
			56.5145515891261	-41.0511578373078
			56.5145515891261	-41.0116095156919
			56.554099910742	-40.972061194076
			56.5936482323579	-40.9325128724601
			56.6331965539738	-40.8929645508442
			56.6331965539738	-40.8534162292283
			56.6727448755897	-40.8138679076124
			56.6727448755897	-40.7743195859965
			56.7122931972056	-40.7347712643806
			56.7518415188215	-40.6952229427647
			56.7518415188215	-40.6556746211488
			56.7913898404374	-40.6556746211488
			56.7913898404374	-40.6161262995329
			56.8309381620533	-40.576577977917
			56.8704864836692	-40.5370296563011
			56.9100348052851	-40.4974813346851
			56.949583126901	-40.4579330130692
			56.9891314485169	-40.4183846914533
			56.9891314485169	-40.3788363698374
			57.0286797701328	-40.3788363698374
			57.0682280917487	-40.3392880482215
			57.1077764133646	-40.2997397266056
			57.1473247349805	-40.2997397266056
			57.1473247349805	-40.2601914049897
			57.1868730565964	-40.2601914049897
			57.2264213782123	-40.2206430833738
			57.2659696998282	-40.2206430833738
			57.3055180214441	-40.1810947617579
			57.34506634306	-40.1810947617579
			57.3846146646759	-40.141546440142
			57.4241629862918	-40.141546440142
			57.4637113079077	-40.1019981185261
			57.5032596295236	-40.1019981185261
			57.5428079511395	-40.1019981185261
			57.5823562727554	-40.0624497969102
			57.6219045943714	-40.0624497969102
			57.6614529159873	-40.0624497969102
			57.7010012376032	-40.0624497969102
			57.7405495592191	-40.0624497969102
			57.780097880835	-40.0624497969102
			57.8196462024509	-40.0624497969102
			57.8591945240668	-40.0624497969102
			57.8987428456827	-40.0624497969102
			57.9382911672986	-40.0624497969102
			57.9778394889145	-40.0624497969102
			58.0173878105304	-40.0624497969102
			58.0569361321463	-40.0624497969102
		</Eye>
		<Head type=matrix rownames=FALSE colnames=FALSE nrow=414 ncol=2 as.numeric=TRUE >
			54.7744254380263	-41.5257376966986
			54.7744254380263	-41.4861893750827
			54.7744254380263	-41.4466410534668
			54.7744254380263	-41.4070927318509
			54.8139737596422	-41.367544410235
			54.8535220812581	-41.3279960886191
			54.893070402874	-41.2884477670032
			54.9326187244899	-41.2884477670032
			54.9721670461058	-41.2488994453873
			55.0117153677217	-41.2093511237714
			55.0512636893376	-41.2093511237714
			55.0908120109535	-41.1698028021555
			55.1303603325694	-41.1698028021555
			55.1699086541853	-41.1302544805396
			55.2094569758012	-41.1302544805396
			55.2490052974171	-41.0907061589237
			55.288553619033	-41.0907061589237
			55.3281019406489	-41.0511578373078
			55.3676502622649	-41.0511578373078
			55.4071985838808	-41.0511578373078
			55.4467469054967	-41.0511578373078
			55.4467469054967	-41.0116095156919
			55.4862952271126	-41.0116095156919
			55.5258435487285	-40.972061194076
			55.5653918703444	-40.972061194076
			55.6049401919603	-40.9325128724601
			55.6444885135762	-40.8929645508442
			55.6840368351921	-40.8929645508442
			55.723585156808	-40.8534162292283
			55.7631334784239	-40.8138679076124
			55.8026818000398	-40.7743195859965
			55.8422301216557	-40.7743195859965
			55.8817784432716	-40.7347712643806
			55.9213267648875	-40.7347712643806
			55.9608750865034	-40.6952229427647
			56.0004234081193	-40.6952229427647
			56.0004234081193	-40.6556746211488
			56.0399717297352	-40.6556746211488
			56.0795200513511	-40.6161262995329
			56.119068372967	-40.6161262995329
			56.1586166945829	-40.576577977917
			56.1981650161988	-40.5370296563011
			56.2377133378147	-40.5370296563011
			56.2772616594306	-40.4974813346851
			56.3168099810465	-40.4579330130692
			56.3563583026624	-40.4579330130692
			56.3959066242783	-40.4183846914533
			56.4354549458942	-40.4183846914533
			56.4750032675101	-40.3788363698374
			56.5145515891261	-40.3392880482215
			56.554099910742	-40.3392880482215
			56.5936482323579	-40.2997397266056
			56.5936482323579	-40.2601914049897
			56.6331965539738	-40.2206430833738
			56.6727448755897	-40.2206430833738
			56.6727448755897	-40.1810947617579
			56.7122931972056	-40.141546440142
			56.7518415188215	-40.1019981185261
			56.7913898404374	-40.1019981185261
			56.8309381620533	-40.0624497969102
			56.8309381620533	-40.0229014752943
			56.8704864836692	-39.9833531536784
			56.9100348052851	-39.9438048320625
			56.949583126901	-39.9438048320625
			56.9891314485169	-39.9042565104466
			57.0286797701328	-39.8647081888307
			57.0682280917487	-39.8251598672148
			57.1077764133646	-39.8251598672148
			57.1473247349805	-39.7856115455989
			57.1868730565964	-39.7856115455989
			57.1868730565964	-39.746063223983
			57.2264213782123	-39.746063223983
			57.2659696998282	-39.7065149023671
			57.3055180214441	-39.7065149023671
			57.3055180214441	-39.6669665807512
			57.34506634306	-39.6669665807512
			57.3846146646759	-39.6274182591353
			57.4241629862918	-39.6274182591353
			57.4637113079077	-39.5878699375194
			57.5032596295236	-39.5483216159035
			57.5428079511395	-39.5483216159035
			57.5823562727554	-39.5087732942876
			57.6219045943714	-39.5087732942876
			57.6614529159873	-39.4692249726717
			57.7010012376032	-39.4692249726717
			57.7405495592191	-39.4296766510558
			57.780097880835	-39.4296766510558
			57.8196462024509	-39.3901283294399
			57.8591945240668	-39.3901283294399
			57.8987428456827	-39.350580007824
			57.9382911672986	-39.350580007824
			57.9382911672986	-39.311031686208
			57.9778394889145	-39.311031686208
			58.0173878105304	-39.311031686208
			58.0569361321463	-39.2714833645921
			58.0964844537622	-39.2714833645921
			58.1360327753781	-39.2319350429762
			58.175581096994	-39.2319350429762
			58.2151294186099	-39.1923867213603
			58.2546777402258	-39.1923867213603
			58.2942260618417	-39.1528383997444
			58.3337743834576	-39.1528383997444
			58.3733227050735	-39.1528383997444
			58.4128710266894	-39.1132900781285
			58.4524193483053	-39.1132900781285
			58.4919676699212	-39.0737417565126
			58.5315159915371	-39.0737417565126
			58.571064313153	-39.0341934348967
			58.6106126347689	-39.0341934348967
			58.6501609563848	-38.9946451132808
			58.6897092780007	-38.9946451132808
			58.7292575996166	-38.9946451132808
			58.7688059212325	-38.9550967916649
			58.8083542428485	-38.915548470049
			58.8479025644644	-38.915548470049
			58.8874508860803	-38.8760001484331
			58.9269992076962	-38.8760001484331
			58.9665475293121	-38.8364518268172
			59.006095850928	-38.8364518268172
			59.0456441725439	-38.7969035052013
			59.0851924941598	-38.7969035052013
			59.1247408157757	-38.7573551835854
			59.1642891373916	-38.7178068619695
			59.2038374590075	-38.7178068619695
			59.2433857806234	-38.6782585403536
			59.2829341022393	-38.6782585403536
			59.3224824238552	-38.6387102187377
			59.3620307454711	-38.5991618971218
			59.401579067087	-38.5991618971218
			59.4411273887029	-38.5991618971218
			59.4806757103188	-38.5596135755059
			59.5202240319347	-38.52006525389
			59.5597723535506	-38.52006525389
			59.5993206751665	-38.4805169322741
			59.6388689967824	-38.4805169322741
			59.6784173183983	-38.4409686106582
			59.7179656400142	-38.4409686106582
			59.7575139616301	-38.4014202890423
			59.797062283246	-38.4014202890423
			59.8366106048619	-38.3618719674264
			59.8366106048619	-38.3223236458105
			59.8761589264778	-38.3223236458105
			59.9157072480937	-38.2827753241946
			59.9552555697096	-38.2827753241946
			59.9948038913256	-38.2432270025786
			60.0343522129415	-38.2432270025786
			60.0739005345574	-38.2036786809627
			60.1134488561733	-38.2036786809627
			60.1134488561733	-38.1641303593468
			60.1529971777892	-38.1641303593468
			60.1925454994051	-38.1245820377309
			60.232093821021	-38.1245820377309
			60.2716421426369	-38.085033716115
			60.3111904642528	-38.085033716115
			60.3507387858687	-38.0454853944991
			60.3902871074846	-38.0059370728832
			60.4298354291005	-38.0059370728832
			60.4693837507164	-37.9663887512673
			60.5089320723323	-37.9663887512673
			60.5484803939482	-37.9268404296514
			60.5880287155641	-37.9268404296514
			60.62757703718	-37.8872921080355
			60.6671253587959	-37.8477437864196
			60.7066736804118	-37.8477437864196
			60.7462220020277	-37.8081954648037
			60.7857703236436	-37.8081954648037
			60.8253186452595	-37.7686471431878
			60.8648669668754	-37.7686471431878
			60.9044152884913	-37.7290988215719
			60.9439636101072	-37.689550499956
			60.9835119317231	-37.6500021783401
			61.023060253339	-37.6500021783401
			61.062608574955	-37.6500021783401
			61.062608574955	-37.6104538567242
			61.1021568965709	-37.6104538567242
			61.1417052181868	-37.5709055351083
			61.1812535398027	-37.5709055351083
			61.2208018614186	-37.5313572134924
			61.2603501830345	-37.4918088918765
			61.2998985046504	-37.4918088918765
			61.3394468262663	-37.4522605702606
			61.3789951478822	-37.4522605702606
			61.4185434694981	-37.4127122486447
			61.458091791114	-37.4127122486447
			61.4976401127299	-37.3731639270288
			61.5371884343458	-37.3731639270288
			61.5767367559617	-37.3731639270288
			61.6162850775776	-37.3731639270288
			61.6558333991935	-37.3336156054129
			61.6953817208094	-37.3336156054129
			61.7349300424253	-37.3336156054129
			61.7349300424253	-37.294067283797
			61.7744783640412	-37.294067283797
			61.8140266856571	-37.294067283797
			61.853575007273	-37.2545189621811
			61.8931233288889	-37.2545189621811
			61.9326716505048	-37.2545189621811
			61.9722199721207	-37.2149706405652
			62.0117682937366	-37.2149706405652
			62.0513166153525	-37.1754223189493
			62.0908649369684	-37.1754223189493
			62.1304132585843	-37.1754223189493
			62.1699615802002	-37.1358739973334
			62.2095099018161	-37.1358739973334
			62.2490582234321	-37.1358739973334
			62.288606545048	-37.0963256757175
			62.3281548666639	-37.0963256757175
			62.3677031882798	-37.0963256757175
			62.4072515098957	-37.0567773541015
			62.4467998315116	-37.0567773541015
			62.4863481531275	-37.0567773541015
			62.5258964747434	-37.0172290324856
			62.5654447963593	-37.0172290324856
			62.6049931179752	-37.0172290324856
			62.6445414395911	-36.9776807108697
			62.684089761207	-36.9776807108697
			62.7236380828229	-36.9776807108697
			62.7631864044388	-36.9381323892538
			62.8027347260547	-36.9381323892538
			62.8422830476706	-36.9381323892538
			62.8818313692865	-36.8985840676379
			62.9213796909024	-36.8985840676379
			62.9609280125183	-36.8985840676379
			62.9609280125183	-36.859035746022
			63.0004763341342	-36.859035746022
			63.0400246557501	-36.859035746022
			63.079572977366	-36.8194874244061
			63.1191212989819	-36.8194874244061
			63.1586696205978	-36.8194874244061
			63.1982179422137	-36.7799391027902
			63.2377662638296	-36.7799391027902
			63.2773145854455	-36.7799391027902
			63.3168629070614	-36.7403907811743
			63.3564112286774	-36.7403907811743
			63.3959595502933	-36.7403907811743
			63.4355078719092	-36.7403907811743
			63.4750561935251	-36.7008424595584
			63.514604515141	-36.7008424595584
			63.5541528367569	-36.7008424595584
			63.5937011583728	-36.7008424595584
			63.6332494799887	-36.6612941379425
			63.6727978016046	-36.6612941379425
			63.7123461232205	-36.6612941379425
			63.7518944448364	-36.6612941379425
			63.7914427664523	-36.6217458163266
			63.8309910880682	-36.6217458163266
			63.8705394096841	-36.6217458163266
			63.9100877313	-36.6217458163266
			63.9496360529159	-36.6217458163266
			63.9891843745318	-36.6217458163266
			64.0287326961477	-36.5821974947107
			64.0682810177636	-36.5821974947107
			64.1078293393795	-36.5821974947107
			64.1473776609954	-36.5821974947107
			64.1869259826113	-36.5821974947107
			64.2264743042272	-36.5821974947107
			64.2660226258431	-36.5821974947107
			64.305570947459	-36.5426491730948
			64.3451192690749	-36.5426491730948
			64.3846675906908	-36.5426491730948
			64.4242159123067	-36.5426491730948
			64.4637642339226	-36.5426491730948
			64.5033125555386	-36.5426491730948
			64.5428608771545	-36.5426491730948
			64.5824091987704	-36.5031008514789
			64.6219575203863	-36.5031008514789
			64.6615058420022	-36.5031008514789
			64.7010541636181	-36.5031008514789
			64.740602485234	-36.5031008514789
			64.7801508068499	-36.5031008514789
			64.8196991284658	-36.5031008514789
			64.8592474500817	-36.5031008514789
			64.8987957716976	-36.5031008514789
			64.9383440933135	-36.463552529863
			64.9778924149294	-36.463552529863
			65.0174407365453	-36.463552529863
			65.0569890581612	-36.463552529863
			65.0965373797771	-36.463552529863
			65.136085701393	-36.463552529863
			65.1756340230089	-36.463552529863
			65.2151823446248	-36.463552529863
			65.2547306662407	-36.463552529863
			65.2942789878566	-36.463552529863
			65.3338273094725	-36.4240042082471
			65.3733756310884	-36.4240042082471
			65.4129239527043	-36.4240042082471
			65.4524722743202	-36.4240042082471
			65.4920205959361	-36.4240042082471
			65.531568917552	-36.4240042082471
			65.5711172391679	-36.4240042082471
			65.6106655607838	-36.4240042082471
			65.6502138823998	-36.4240042082471
			65.6897622040157	-36.4240042082471
			65.7293105256316	-36.4240042082471
			65.7688588472475	-36.4240042082471
			65.8084071688634	-36.3844558866312
			65.8479554904793	-36.3844558866312
			65.8875038120952	-36.3844558866312
			65.9270521337111	-36.3844558866312
			65.966600455327	-36.3844558866312
			66.0061487769429	-36.3844558866312
			66.0456970985588	-36.3844558866312
			66.0852454201747	-36.3844558866312
			66.1247937417906	-36.3844558866312
			66.1643420634065	-36.3844558866312
			66.2038903850224	-36.3844558866312
			66.2434387066383	-36.3844558866312
			66.2829870282542	-36.3844558866312
			66.3225353498701	-36.3844558866312
			66.362083671486	-36.3844558866312
			66.4016319931019	-36.3844558866312
			66.4411803147178	-36.3449075650153
			66.4807286363337	-36.3449075650153
			66.5202769579496	-36.3449075650153
			66.5598252795655	-36.3449075650153
			66.5993736011814	-36.3449075650153
			66.6389219227973	-36.3449075650153
			66.6784702444132	-36.3449075650153
			66.7180185660291	-36.3449075650153
			66.7575668876451	-36.3449075650153
			66.797115209261	-36.3449075650153
			66.8366635308768	-36.3449075650153
			66.8762118524928	-36.3449075650153
			66.9157601741087	-36.3053592433994
			66.9553084957246	-36.3053592433994
			66.9948568173405	-36.3053592433994
			67.0344051389564	-36.3053592433994
			67.0739534605723	-36.3053592433994
			67.0739534605723	-36.2658109217835
			67.1135017821882	-36.2658109217835
			67.1530501038041	-36.2658109217835
			67.19259842542	-36.2658109217835
			67.2321467470359	-36.2658109217835
			67.2716950686518	-36.2658109217835
			67.3112433902677	-36.2658109217835
			67.3507917118836	-36.2658109217835
			67.3903400334995	-36.2658109217835
			67.4298883551154	-36.2658109217835
			67.4694366767313	-36.2658109217835
			67.5089849983472	-36.2658109217835
			67.5485333199631	-36.2658109217835
			67.588081641579	-36.2658109217835
			67.6276299631949	-36.2658109217835
			67.6671782848108	-36.2658109217835
			67.7067266064267	-36.2658109217835
			67.7462749280426	-36.2658109217835
			67.7858232496585	-36.2658109217835
			67.8253715712744	-36.2658109217835
			67.8649198928903	-36.2658109217835
			67.9044682145063	-36.3053592433994
			67.9440165361221	-36.3053592433994
			67.9835648577381	-36.3053592433994
			68.023113179354	-36.3449075650153
			68.0626615009699	-36.3449075650153
			68.1022098225858	-36.3449075650153
			68.1417581442017	-36.3449075650153
			68.1813064658176	-36.3449075650153
			68.2208547874335	-36.3449075650153
			68.2604031090494	-36.3449075650153
			68.2999514306653	-36.3449075650153
			68.3394997522812	-36.3449075650153
			68.3790480738971	-36.3449075650153
			68.418596395513	-36.3449075650153
			68.4581447171289	-36.3449075650153
			68.4976930387448	-36.3449075650153
			68.5372413603607	-36.3449075650153
			68.5767896819766	-36.3449075650153
			68.6163380035925	-36.3449075650153
			68.6558863252084	-36.3449075650153
			68.6954346468243	-36.3449075650153
			68.7349829684402	-36.3449075650153
			68.7745312900561	-36.3449075650153
			68.814079611672	-36.3449075650153
			68.8536279332879	-36.3449075650153
			68.8931762549038	-36.3844558866312
			68.9327245765197	-36.3844558866312
			68.9722728981356	-36.3844558866312
			69.0118212197515	-36.3844558866312
			69.0513695413674	-36.3844558866312
			69.0909178629833	-36.3844558866312
			69.1304661845993	-36.3844558866312
			69.1700145062152	-36.3844558866312
			69.2095628278311	-36.3844558866312
			69.249111149447	-36.3844558866312
			69.2886594710629	-36.3844558866312
			69.3282077926788	-36.3844558866312
			69.3677561142947	-36.3844558866312
			69.4073044359106	-36.3844558866312
			69.4468527575265	-36.3844558866312
			69.4864010791424	-36.4240042082471
			69.5259494007583	-36.4240042082471
			69.5654977223742	-36.4240042082471
			69.6050460439901	-36.4240042082471
			69.644594365606	-36.4240042082471
			69.6841426872219	-36.4240042082471
			69.7236910088378	-36.4240042082471
			69.7632393304537	-36.4240042082471
			69.8027876520696	-36.4240042082471
			69.8423359736855	-36.4240042082471
			69.8818842953014	-36.4240042082471
			69.9214326169173	-36.463552529863
			69.9609809385332	-36.463552529863
			70.0005292601491	-36.463552529863
			70.040077581765	-36.463552529863
			70.0796259033809	-36.463552529863
			70.1191742249968	-36.463552529863
			70.1587225466128	-36.463552529863
			70.1982708682286	-36.463552529863
			70.2378191898446	-36.463552529863
			70.2773675114605	-36.5031008514789
			70.3169158330764	-36.5031008514789
			70.3564641546923	-36.5031008514789
			70.3960124763082	-36.5031008514789
			70.4355607979241	-36.5031008514789
		</Head>
		<Tail1 type=matrix rownames=FALSE colnames=FALSE nrow=330 ncol=2 as.numeric=TRUE >
			70.4355607979241	-36.5031008514789
			70.47510911954	-36.5031008514789
			70.5146574411559	-36.5031008514789
			70.5542057627718	-36.5031008514789
			70.5937540843877	-36.5426491730948
			70.6333024060036	-36.5426491730948
			70.6728507276195	-36.5426491730948
			70.7123990492354	-36.5426491730948
			70.7519473708513	-36.5426491730948
			70.7914956924672	-36.5426491730948
			70.8310440140831	-36.5426491730948
			70.870592335699	-36.5821974947107
			70.9101406573149	-36.5821974947107
			70.9496889789308	-36.5821974947107
			70.9892373005467	-36.5821974947107
			71.0287856221626	-36.5821974947107
			71.0683339437785	-36.5821974947107
			71.1078822653944	-36.6217458163266
			71.1474305870103	-36.6217458163266
			71.1869789086262	-36.6217458163266
			71.2265272302421	-36.6217458163266
			71.266075551858	-36.6217458163266
			71.3056238734739	-36.6612941379425
			71.3451721950898	-36.6612941379425
			71.3847205167058	-36.6612941379425
			71.4242688383217	-36.6612941379425
			71.4638171599376	-36.6612941379425
			71.5033654815535	-36.7008424595584
			71.5429138031694	-36.7008424595584
			71.5824621247853	-36.7008424595584
			71.6220104464012	-36.7008424595584
			71.6615587680171	-36.7403907811743
			71.701107089633	-36.7403907811743
			71.7406554112489	-36.7403907811743
			71.7802037328648	-36.7403907811743
			71.8197520544807	-36.7403907811743
			71.8593003760966	-36.7799391027902
			71.8988486977125	-36.7799391027902
			71.9383970193284	-36.7799391027902
			71.9779453409443	-36.7799391027902
			72.0174936625602	-36.8194874244061
			72.0570419841761	-36.8194874244061
			72.096590305792	-36.8194874244061
			72.1361386274079	-36.8194874244061
			72.1756869490238	-36.8194874244061
			72.1756869490238	-36.859035746022
			72.2152352706397	-36.859035746022
			72.2547835922556	-36.859035746022
			72.2943319138715	-36.859035746022
			72.3338802354874	-36.8985840676379
			72.3734285571033	-36.8985840676379
			72.4129768787192	-36.8985840676379
			72.4525252003351	-36.8985840676379
			72.4920735219511	-36.8985840676379
			72.4920735219511	-36.9381323892538
			72.531621843567	-36.9381323892538
			72.5711701651829	-36.9381323892538
			72.6107184867988	-36.9381323892538
			72.6502668084147	-36.9381323892538
			72.6898151300306	-36.9776807108697
			72.7293634516465	-36.9776807108697
			72.7689117732624	-36.9776807108697
			72.8084600948783	-37.0172290324856
			72.8480084164942	-37.0172290324856
			72.8875567381101	-37.0172290324856
			72.927105059726	-37.0172290324856
			72.9666533813419	-37.0567773541015
			73.0062017029578	-37.0567773541015
			73.0457500245737	-37.0567773541015
			73.0852983461896	-37.0567773541015
			73.1248466678055	-37.0963256757175
			73.1643949894214	-37.0963256757175
			73.2039433110373	-37.0963256757175
			73.2434916326532	-37.0963256757175
			73.2830399542691	-37.1358739973334
			73.322588275885	-37.1358739973334
			73.3621365975009	-37.1358739973334
			73.4016849191168	-37.1754223189493
			73.4412332407327	-37.1754223189493
			73.4807815623486	-37.1754223189493
			73.5203298839645	-37.1754223189493
			73.5598782055804	-37.2149706405652
			73.5994265271963	-37.2149706405652
			73.6389748488123	-37.2149706405652
			73.6785231704282	-37.2149706405652
			73.7180714920441	-37.2545189621811
			73.75761981366	-37.2545189621811
			73.7971681352759	-37.2545189621811
			73.8367164568918	-37.294067283797
			73.8762647785077	-37.294067283797
			73.9158131001236	-37.294067283797
			73.9553614217395	-37.294067283797
			73.9949097433554	-37.3336156054129
			74.0344580649713	-37.3336156054129
			74.0740063865872	-37.3336156054129
			74.1135547082031	-37.3731639270288
			74.153103029819	-37.3731639270288
			74.1926513514349	-37.3731639270288
			74.2321996730508	-37.3731639270288
			74.2717479946667	-37.4127122486447
			74.3112963162826	-37.4127122486447
			74.3508446378985	-37.4127122486447
			74.3903929595144	-37.4522605702606
			74.4299412811303	-37.4522605702606
			74.4694896027462	-37.4522605702606
			74.5090379243621	-37.4918088918765
			74.548586245978	-37.4918088918765
			74.5881345675939	-37.4918088918765
			74.5881345675939	-37.5313572134924
			74.6276828892098	-37.5313572134924
			74.6672312108257	-37.5313572134924
			74.7067795324416	-37.5709055351083
			74.7463278540576	-37.5709055351083
			74.7858761756735	-37.5709055351083
			74.8254244972894	-37.6104538567242
			74.8649728189053	-37.6104538567242
			74.9045211405212	-37.6104538567242
			74.9440694621371	-37.6500021783401
			74.983617783753	-37.6500021783401
			75.0231661053689	-37.6500021783401
			75.0627144269848	-37.689550499956
			75.1022627486007	-37.689550499956
			75.1418110702166	-37.689550499956
			75.1813593918325	-37.7290988215719
			75.2209077134484	-37.7290988215719
			75.2604560350643	-37.7290988215719
			75.3000043566802	-37.7686471431878
			75.3395526782961	-37.7686471431878
			75.379100999912	-37.7686471431878
			75.4186493215279	-37.8081954648037
			75.4581976431438	-37.8081954648037
			75.4977459647597	-37.8081954648037
			75.5372942863756	-37.8081954648037
			75.5768426079915	-37.8477437864196
			75.6163909296074	-37.8477437864196
			75.6559392512233	-37.8477437864196
			75.6954875728392	-37.8872921080355
			75.7350358944551	-37.8872921080355
			75.774584216071	-37.8872921080355
			75.8141325376869	-37.9268404296514
			75.8536808593028	-37.9268404296514
			75.8932291809188	-37.9268404296514
			75.9327775025346	-37.9268404296514
			75.9723258241506	-37.9663887512673
			76.0118741457665	-37.9663887512673
			76.0514224673824	-37.9663887512673
			76.0909707889983	-37.9663887512673
			76.0909707889983	-38.0059370728832
			76.1305191106142	-38.0059370728832
			76.1700674322301	-38.0059370728832
			76.209615753846	-38.0059370728832
			76.2491640754619	-38.0454853944991
			76.2887123970778	-38.0454853944991
			76.3282607186937	-38.0454853944991
			76.3678090403096	-38.0454853944991
			76.4073573619255	-38.0454853944991
			76.4469056835414	-38.085033716115
			76.4864540051573	-38.085033716115
			76.5260023267732	-38.085033716115
			76.5655506483891	-38.1245820377309
			76.605098970005	-38.1245820377309
			76.6446472916209	-38.1245820377309
			76.6841956132368	-38.1245820377309
			76.7237439348527	-38.1245820377309
			76.7632922564686	-38.1641303593468
			76.8028405780845	-38.1641303593468
			76.8423888997004	-38.1641303593468
			76.8819372213163	-38.1641303593468
			76.9214855429322	-38.1641303593468
			76.9610338645481	-38.1641303593468
			77.000582186164	-38.2036786809627
			77.0401305077799	-38.2036786809627
			77.0796788293958	-38.2036786809627
			77.1192271510118	-38.2036786809627
			77.1587754726277	-38.2036786809627
			77.1983237942436	-38.2036786809627
			77.2378721158595	-38.2432270025786
			77.2774204374754	-38.2432270025786
			77.3169687590913	-38.2432270025786
			77.3565170807072	-38.2432270025786
			77.3960654023231	-38.2432270025786
			77.435613723939	-38.2432270025786
			77.4751620455549	-38.2432270025786
			77.5147103671708	-38.2432270025786
			77.5542586887867	-38.2432270025786
			77.5938070104026	-38.2827753241946
			77.6333553320185	-38.2827753241946
			77.6729036536344	-38.2827753241946
			77.7124519752503	-38.2827753241946
			77.7520002968662	-38.2827753241946
			77.7915486184821	-38.2827753241946
			77.831096940098	-38.2827753241946
			77.8706452617139	-38.2827753241946
			77.9101935833298	-38.2827753241946
			77.9497419049457	-38.2827753241946
			77.9892902265616	-38.3223236458105
			78.0288385481775	-38.3223236458105
			78.0683868697934	-38.3223236458105
			78.1079351914093	-38.3223236458105
			78.1474835130253	-38.3223236458105
			78.1870318346411	-38.3223236458105
			78.2265801562571	-38.3223236458105
			78.266128477873	-38.3223236458105
			78.3056767994889	-38.3618719674264
			78.3452251211048	-38.3618719674264
			78.3847734427207	-38.3618719674264
			78.4243217643366	-38.3618719674264
			78.4638700859525	-38.3618719674264
			78.5034184075684	-38.3618719674264
			78.5429667291843	-38.3618719674264
			78.5825150508002	-38.3618719674264
			78.6220633724161	-38.4014202890423
			78.661611694032	-38.4014202890423
			78.7011600156479	-38.4014202890423
			78.7407083372638	-38.4014202890423
			78.7802566588797	-38.4014202890423
			78.8198049804956	-38.4014202890423
			78.8593533021115	-38.4014202890423
			78.8989016237274	-38.4014202890423
			78.9384499453433	-38.4409686106582
			78.9779982669592	-38.4409686106582
			79.0175465885751	-38.4409686106582
			79.057094910191	-38.4409686106582
			79.0966432318069	-38.4409686106582
			79.1361915534228	-38.4409686106582
			79.1757398750387	-38.4409686106582
			79.2152881966546	-38.4409686106582
			79.2548365182705	-38.4805169322741
			79.2943848398864	-38.4805169322741
			79.3339331615023	-38.4805169322741
			79.3734814831183	-38.4805169322741
			79.4130298047342	-38.4805169322741
			79.4525781263501	-38.4805169322741
			79.492126447966	-38.4805169322741
			79.5316747695819	-38.52006525389
			79.5712230911978	-38.52006525389
			79.6107714128137	-38.52006525389
			79.6503197344296	-38.52006525389
			79.6898680560455	-38.52006525389
			79.7294163776614	-38.52006525389
			79.7689646992773	-38.52006525389
			79.8085130208932	-38.5596135755059
			79.8480613425091	-38.5596135755059
			79.887609664125	-38.5596135755059
			79.9271579857409	-38.5596135755059
			79.9667063073568	-38.5596135755059
			80.0062546289727	-38.5596135755059
			80.0458029505886	-38.5991618971218
			80.0853512722045	-38.5991618971218
			80.1248995938204	-38.5991618971218
			80.1644479154363	-38.5991618971218
			80.2039962370522	-38.5991618971218
			80.2435445586681	-38.5991618971218
			80.283092880284	-38.6387102187377
			80.3226412018999	-38.6387102187377
			80.3621895235158	-38.6387102187377
			80.4017378451317	-38.6387102187377
			80.4412861667476	-38.6387102187377
			80.4808344883636	-38.6387102187377
			80.5203828099795	-38.6387102187377
			80.5599311315954	-38.6782585403536
			80.5994794532113	-38.6782585403536
			80.6390277748272	-38.6782585403536
			80.6785760964431	-38.6782585403536
			80.718124418059	-38.6782585403536
			80.7576727396749	-38.6782585403536
			80.7972210612908	-38.6782585403536
			80.8367693829067	-38.6782585403536
			80.8763177045226	-38.7178068619695
			80.9158660261385	-38.7178068619695
			80.9554143477544	-38.7178068619695
			80.9949626693703	-38.7178068619695
			81.0345109909862	-38.7178068619695
			81.0740593126021	-38.7178068619695
			81.113607634218	-38.7178068619695
			81.1531559558339	-38.7178068619695
			81.1927042774498	-38.7573551835854
			81.2322525990657	-38.7573551835854
			81.2718009206816	-38.7573551835854
			81.3113492422975	-38.7573551835854
			81.3508975639134	-38.7573551835854
			81.3904458855293	-38.7573551835854
			81.4299942071452	-38.7573551835854
			81.4695425287611	-38.7573551835854
			81.509090850377	-38.7969035052013
			81.5486391719929	-38.7969035052013
			81.5881874936088	-38.7969035052013
			81.6277358152248	-38.7969035052013
			81.6672841368406	-38.7969035052013
			81.7068324584566	-38.7969035052013
			81.7463807800725	-38.7969035052013
			81.7859291016884	-38.8364518268172
			81.8254774233043	-38.8364518268172
			81.8650257449202	-38.8364518268172
			81.9045740665361	-38.8364518268172
			81.944122388152	-38.8364518268172
			81.9836707097679	-38.8364518268172
			82.0232190313838	-38.8364518268172
			82.0627673529997	-38.8364518268172
			82.1023156746156	-38.8760001484331
			82.1418639962315	-38.8760001484331
			82.1814123178474	-38.8760001484331
			82.2209606394633	-38.8760001484331
			82.2605089610792	-38.8760001484331
			82.3000572826951	-38.8760001484331
			82.339605604311	-38.8760001484331
			82.3791539259269	-38.8760001484331
			82.4187022475428	-38.915548470049
			82.4582505691587	-38.915548470049
			82.4977988907746	-38.915548470049
			82.5373472123905	-38.915548470049
			82.5768955340064	-38.915548470049
			82.6164438556223	-38.915548470049
			82.6559921772382	-38.9550967916649
			82.6955404988541	-38.9550967916649
			82.7350888204701	-38.9550967916649
			82.774637142086	-38.9550967916649
			82.8141854637019	-38.9550967916649
			82.8537337853178	-38.9550967916649
			82.8932821069337	-38.9550967916649
			82.9328304285496	-38.9946451132808
			82.9723787501655	-38.9946451132808
			83.0119270717814	-38.9946451132808
			83.0514753933973	-38.9946451132808
			83.0910237150132	-38.9946451132808
			83.1305720366291	-38.9946451132808
			83.170120358245	-39.0341934348967
			83.2096686798609	-39.0341934348967
			83.2492170014768	-39.0341934348967
			83.2887653230927	-39.0341934348967
		</Tail1>
		<End type=matrix rownames=FALSE colnames=FALSE nrow=172 ncol=2 as.numeric=TRUE >
			83.2887653230927	-39.0341934348967
			83.3283136447086	-39.0341934348967
			83.3678619663245	-39.0341934348967
			83.4074102879404	-39.0341934348967
			83.4469586095563	-39.0341934348967
			83.4865069311722	-39.0341934348967
			83.5260552527881	-39.0341934348967
			83.565603574404	-39.0341934348967
			83.6051518960199	-39.0341934348967
			83.6447002176358	-39.0737417565126
			83.6842485392517	-39.0737417565126
			83.7237968608676	-39.0737417565126
			83.7633451824835	-39.0737417565126
			83.8028935040994	-39.0737417565126
			83.8424418257153	-39.0737417565126
			83.8819901473313	-39.0737417565126
			83.9215384689471	-39.0737417565126
			83.9610867905631	-39.0737417565126
			84.000635112179	-39.0737417565126
			84.0401834337949	-39.1132900781285
			84.0797317554108	-39.1132900781285
			84.1192800770267	-39.1132900781285
			84.1588283986426	-39.1132900781285
			84.1983767202585	-39.1132900781285
			84.2379250418744	-39.1132900781285
			84.2774733634903	-39.1132900781285
			84.3170216851062	-39.1528383997444
			84.3565700067221	-39.1528383997444
			84.396118328338	-39.1528383997444
			84.4356666499539	-39.1528383997444
			84.4752149715698	-39.1528383997444
			84.5147632931857	-39.1923867213603
			84.5543116148016	-39.1923867213603
			84.5938599364175	-39.1923867213603
			84.6334082580334	-39.1923867213603
			84.6729565796493	-39.1923867213603
			84.6729565796493	-39.2319350429762
			84.7125049012652	-39.2319350429762
			84.7520532228811	-39.2319350429762
			84.791601544497	-39.2319350429762
			84.8311498661129	-39.2714833645921
			84.8706981877288	-39.2714833645921
			84.9102465093447	-39.2714833645921
			84.9497948309606	-39.311031686208
			84.9893431525766	-39.311031686208
			85.0288914741924	-39.311031686208
			85.0684397958083	-39.350580007824
			85.1079881174243	-39.350580007824
			85.1475364390402	-39.3901283294399
			85.1870847606561	-39.3901283294399
			85.226633082272	-39.3901283294399
			85.2661814038879	-39.4296766510558
			85.3057297255038	-39.4296766510558
			85.3452780471197	-39.4692249726717
			85.3848263687356	-39.4692249726717
			85.3848263687356	-39.5087732942876
			85.4243746903515	-39.5087732942876
			85.4639230119674	-39.5483216159035
			85.5034713335833	-39.5483216159035
			85.5034713335833	-39.5878699375194
			85.5430196551992	-39.5878699375194
			85.5825679768151	-39.6274182591353
			85.622116298431	-39.6669665807512
			85.6616646200469	-39.7065149023671
			85.7012129416628	-39.746063223983
			85.7407612632787	-39.7856115455989
			85.7803095848946	-39.8251598672148
			85.7803095848946	-39.8647081888307
			85.8198579065105	-39.8647081888307
			85.8198579065105	-39.9042565104466
			85.8594062281264	-39.9438048320625
			85.8594062281264	-39.9833531536784
			85.8594062281264	-40.0229014752943
			85.8989545497423	-40.0229014752943
			85.8989545497423	-40.0624497969102
			85.8989545497423	-40.1019981185261
			85.8989545497423	-40.141546440142
			85.9385028713582	-40.1810947617579
			85.9385028713582	-40.2206430833738
			85.9385028713582	-40.2601914049897
			85.9385028713582	-40.2997397266056
			85.9385028713582	-40.3392880482215
			85.9385028713582	-40.3788363698374
			85.9385028713582	-40.4183846914533
			85.9385028713582	-40.4579330130692
			85.9385028713582	-40.4974813346851
			85.8989545497423	-40.5370296563011
			85.8989545497423	-40.576577977917
			85.8594062281264	-40.576577977917
			85.8198579065105	-40.6161262995329
			85.8198579065105	-40.6556746211488
			85.7803095848946	-40.6952229427647
			85.7803095848946	-40.7347712643806
			85.7407612632787	-40.7743195859965
			85.7407612632787	-40.8138679076124
			85.7012129416628	-40.8138679076124
			85.7012129416628	-40.8534162292283
			85.7012129416628	-40.8929645508442
			85.6616646200469	-40.9325128724601
			85.6616646200469	-40.972061194076
			85.6616646200469	-41.0116095156919
			85.6616646200469	-41.0511578373078
			85.622116298431	-41.0907061589237
			85.622116298431	-41.1302544805396
			85.622116298431	-41.1698028021555
			85.622116298431	-41.2093511237714
			85.622116298431	-41.2488994453873
			85.622116298431	-41.2884477670032
			85.622116298431	-41.3279960886191
			85.622116298431	-41.367544410235
			85.622116298431	-41.4070927318509
			85.622116298431	-41.4466410534668
			85.622116298431	-41.4861893750827
			85.6616646200469	-41.5257376966986
			85.6616646200469	-41.5652860183145
			85.6616646200469	-41.6048343399304
			85.6616646200469	-41.6443826615463
			85.6616646200469	-41.6839309831622
			85.7012129416628	-41.7234793047782
			85.7012129416628	-41.7630276263941
			85.7012129416628	-41.80257594801
			85.7012129416628	-41.8421242696259
			85.7012129416628	-41.8816725912418
			85.7012129416628	-41.9212209128577
			85.7012129416628	-41.9607692344736
			85.7012129416628	-42.0003175560895
			85.6616646200469	-42.0398658777054
			85.6616646200469	-42.0794141993213
			85.6616646200469	-42.1189625209372
			85.6616646200469	-42.1585108425531
			85.6616646200469	-42.198059164169
			85.6616646200469	-42.2376074857849
			85.6616646200469	-42.2771558074008
			85.622116298431	-42.2771558074008
			85.622116298431	-42.3167041290167
			85.622116298431	-42.3562524506326
			85.622116298431	-42.3958007722485
			85.5825679768151	-42.4353490938644
			85.5825679768151	-42.4748974154803
			85.5825679768151	-42.5144457370962
			85.5430196551992	-42.5539940587121
			85.5430196551992	-42.593542380328
			85.5430196551992	-42.6330907019439
			85.5034713335833	-42.6726390235598
			85.5034713335833	-42.7121873451757
			85.4639230119674	-42.7517356667916
			85.4639230119674	-42.7912839884075
			85.4639230119674	-42.8308323100235
			85.4243746903515	-42.8703806316394
			85.4243746903515	-42.9099289532553
			85.3848263687356	-42.9494772748712
			85.3452780471197	-42.9890255964871
			85.3057297255038	-43.028573918103
			85.3057297255038	-43.0681222397189
			85.2661814038879	-43.1076705613348
			85.226633082272	-43.1472188829507
			85.1870847606561	-43.1867672045666
			85.1870847606561	-43.2263155261825
			85.1475364390402	-43.2658638477984
			85.1079881174243	-43.3054121694143
			85.0684397958083	-43.3449604910302
			85.0288914741924	-43.3845088126461
			84.9893431525766	-43.424057134262
			84.9497948309606	-43.4636054558779
			84.9102465093447	-43.5031537774938
			84.9102465093447	-43.5427020991097
			84.8706981877288	-43.5427020991097
			84.8311498661129	-43.5822504207256
			84.791601544497	-43.5822504207256
			84.791601544497	-43.6217987423415
			84.7520532228811	-43.6217987423415
			84.7125049012652	-43.6613470639574
		</End>
		<Tail2 type=matrix rownames=FALSE colnames=FALSE nrow=198 ncol=2 as.numeric=TRUE >
			84.7125049012652	-43.6613470639574
			84.6729565796493	-43.6613470639574
			84.6334082580334	-43.6613470639574
			84.5938599364175	-43.6613470639574
			84.5543116148016	-43.6613470639574
			84.5147632931857	-43.6613470639574
			84.4752149715698	-43.6613470639574
			84.4356666499539	-43.6613470639574
			84.396118328338	-43.6613470639574
			84.3565700067221	-43.6613470639574
			84.3170216851062	-43.6613470639574
			84.2774733634903	-43.6613470639574
			84.2379250418744	-43.6217987423415
			84.1983767202585	-43.6217987423415
			84.1588283986426	-43.6217987423415
			84.1192800770267	-43.6217987423415
			84.0797317554108	-43.6217987423415
			84.0401834337949	-43.6217987423415
			84.000635112179	-43.6217987423415
			83.9610867905631	-43.6217987423415
			83.9215384689471	-43.6217987423415
			83.8819901473313	-43.6217987423415
			83.8424418257153	-43.6217987423415
			83.8028935040994	-43.6217987423415
			83.7633451824835	-43.6217987423415
			83.7237968608676	-43.6217987423415
			83.6842485392517	-43.6217987423415
			83.6447002176358	-43.6217987423415
			83.6051518960199	-43.6217987423415
			83.565603574404	-43.6217987423415
			83.5260552527881	-43.6217987423415
			83.4865069311722	-43.6217987423415
			83.4469586095563	-43.6217987423415
			83.4074102879404	-43.6217987423415
			83.3678619663245	-43.6217987423415
			83.3283136447086	-43.6217987423415
			83.2887653230927	-43.6217987423415
			83.2492170014768	-43.6217987423415
			83.2096686798609	-43.6217987423415
			83.170120358245	-43.6217987423415
			83.1305720366291	-43.6217987423415
			83.0910237150132	-43.6613470639574
			83.0514753933973	-43.6613470639574
			83.0119270717814	-43.6613470639574
			82.9723787501655	-43.6613470639574
			82.9328304285496	-43.6613470639574
			82.8932821069337	-43.6613470639574
			82.8537337853178	-43.6613470639574
			82.8141854637019	-43.6613470639574
			82.774637142086	-43.6613470639574
			82.7350888204701	-43.6613470639574
			82.6955404988541	-43.7008953855733
			82.6559921772382	-43.7008953855733
			82.6164438556223	-43.7008953855733
			82.5768955340064	-43.7008953855733
			82.5373472123905	-43.7008953855733
			82.4977988907746	-43.7404437071892
			82.4582505691587	-43.7404437071892
			82.4187022475428	-43.7404437071892
			82.3791539259269	-43.7799920288051
			82.339605604311	-43.7799920288051
			82.3000572826951	-43.819540350421
			82.2605089610792	-43.819540350421
			82.2209606394633	-43.8590886720369
			82.1814123178474	-43.8590886720369
			82.1418639962315	-43.8590886720369
			82.1023156746156	-43.8986369936528
			82.0627673529997	-43.8986369936528
			82.0232190313838	-43.8986369936528
			81.9836707097679	-43.8986369936528
			81.944122388152	-43.8986369936528
			81.9045740665361	-43.8986369936528
			81.8650257449202	-43.8986369936528
			81.8254774233043	-43.9381853152687
			81.7859291016884	-43.9381853152687
			81.7463807800725	-43.9381853152687
			81.7068324584566	-43.9381853152687
			81.6672841368406	-43.9381853152687
			81.6277358152248	-43.9381853152687
			81.5881874936088	-43.9777336368847
			81.5486391719929	-43.9777336368847
			81.509090850377	-43.9777336368847
			81.4695425287611	-43.9777336368847
			81.4299942071452	-43.9777336368847
			81.3904458855293	-43.9777336368847
			81.3508975639134	-43.9777336368847
			81.3113492422975	-44.0172819585006
			81.2718009206816	-44.0172819585006
			81.2322525990657	-44.0172819585006
			81.1927042774498	-44.0172819585006
			81.1531559558339	-44.0172819585006
			81.113607634218	-44.0172819585006
			81.0740593126021	-44.0172819585006
			81.0345109909862	-44.0172819585006
			80.9949626693703	-44.0568302801165
			80.9554143477544	-44.0568302801165
			80.9158660261385	-44.0568302801165
			80.8763177045226	-44.0568302801165
			80.8367693829067	-44.0568302801165
			80.7972210612908	-44.0568302801165
			80.7576727396749	-44.0963786017324
			80.718124418059	-44.0963786017324
			80.6785760964431	-44.0963786017324
			80.6390277748272	-44.0963786017324
			80.5994794532113	-44.0963786017324
			80.5599311315954	-44.0963786017324
			80.5203828099795	-44.0963786017324
			80.4808344883636	-44.1359269233483
			80.4412861667476	-44.1359269233483
			80.4017378451317	-44.1359269233483
			80.3621895235158	-44.1359269233483
			80.3226412018999	-44.1359269233483
			80.283092880284	-44.1359269233483
			80.2435445586681	-44.1359269233483
			80.2039962370522	-44.1754752449642
			80.1644479154363	-44.1754752449642
			80.1248995938204	-44.1754752449642
			80.0853512722045	-44.1754752449642
			80.0458029505886	-44.1754752449642
			80.0062546289727	-44.1754752449642
			79.9667063073568	-44.1754752449642
			79.9271579857409	-44.2150235665801
			79.887609664125	-44.2150235665801
			79.8480613425091	-44.2150235665801
			79.8085130208932	-44.2150235665801
			79.7689646992773	-44.2150235665801
			79.7294163776614	-44.2150235665801
			79.6898680560455	-44.254571888196
			79.6503197344296	-44.254571888196
			79.6107714128137	-44.254571888196
			79.5712230911978	-44.254571888196
			79.5316747695819	-44.254571888196
			79.492126447966	-44.254571888196
			79.4525781263501	-44.254571888196
			79.4130298047342	-44.254571888196
			79.4130298047342	-44.2941202098119
			79.3734814831183	-44.2941202098119
			79.3339331615023	-44.2941202098119
			79.2943848398864	-44.2941202098119
			79.2548365182705	-44.2941202098119
			79.2152881966546	-44.2941202098119
			79.1757398750387	-44.2941202098119
			79.1361915534228	-44.3336685314278
			79.0966432318069	-44.3336685314278
			79.057094910191	-44.3336685314278
			79.0175465885751	-44.3336685314278
			78.9779982669592	-44.3336685314278
			78.9384499453433	-44.3336685314278
			78.8989016237274	-44.3732168530437
			78.8593533021115	-44.3732168530437
			78.8198049804956	-44.3732168530437
			78.7802566588797	-44.3732168530437
			78.7407083372638	-44.3732168530437
			78.7011600156479	-44.4127651746596
			78.661611694032	-44.4127651746596
			78.6220633724161	-44.4127651746596
			78.5825150508002	-44.4127651746596
			78.5429667291843	-44.4523134962755
			78.5034184075684	-44.4523134962755
			78.4638700859525	-44.4523134962755
			78.4243217643366	-44.4523134962755
			78.3847734427207	-44.4918618178914
			78.3452251211048	-44.4918618178914
			78.3056767994889	-44.4918618178914
			78.266128477873	-44.4918618178914
			78.2265801562571	-44.4918618178914
			78.1870318346411	-44.5314101395073
			78.1474835130253	-44.5314101395073
			78.1079351914093	-44.5314101395073
			78.0683868697934	-44.5314101395073
			78.0288385481775	-44.5709584611232
			77.9892902265616	-44.5709584611232
			77.9497419049457	-44.5709584611232
			77.9101935833298	-44.5709584611232
			77.8706452617139	-44.6105067827391
			77.831096940098	-44.6105067827391
			77.7915486184821	-44.6105067827391
			77.7520002968662	-44.6105067827391
			77.7124519752503	-44.650055104355
			77.6729036536344	-44.650055104355
			77.6333553320185	-44.650055104355
			77.5938070104026	-44.650055104355
			77.5938070104026	-44.6896034259709
			77.5542586887867	-44.6896034259709
			77.5147103671708	-44.6896034259709
			77.4751620455549	-44.7291517475868
			77.435613723939	-44.7291517475868
			77.3960654023231	-44.7291517475868
			77.3565170807072	-44.7291517475868
			77.3169687590913	-44.7687000692027
			77.2774204374754	-44.7687000692027
			77.2378721158595	-44.7687000692027
			77.1983237942436	-44.8082483908186
			77.1587754726277	-44.8082483908186
			77.1192271510118	-44.8082483908186
			77.0796788293958	-44.8082483908186
			77.0401305077799	-44.8477967124345
			77.000582186164	-44.8477967124345
		</Tail2>
		<AnalFin type=matrix rownames=FALSE colnames=FALSE nrow=80 ncol=2 as.numeric=TRUE >
			77.000582186164	-44.8477967124345
			76.9610338645481	-44.8477967124345
			76.9214855429322	-44.8873450340504
			76.8819372213163	-44.8873450340504
			76.8423888997004	-44.8873450340504
			76.8423888997004	-44.9268933556663
			76.8028405780845	-44.9268933556663
			76.7632922564686	-44.9268933556663
			76.7237439348527	-44.9268933556663
			76.7237439348527	-44.9664416772822
			76.6841956132368	-44.9664416772822
			76.6446472916209	-44.9664416772822
			76.605098970005	-45.0059899988981
			76.5655506483891	-45.0059899988981
			76.5260023267732	-45.0059899988981
			76.4864540051573	-45.045538320514
			76.4469056835414	-45.045538320514
			76.4073573619255	-45.045538320514
			76.3678090403096	-45.08508664213
			76.3282607186937	-45.08508664213
			76.2887123970778	-45.08508664213
			76.2491640754619	-45.1246349637459
			76.209615753846	-45.1246349637459
			76.1700674322301	-45.1246349637459
			76.1700674322301	-45.1641832853618
			76.1305191106142	-45.1641832853618
			76.0909707889983	-45.1641832853618
			76.0514224673824	-45.2037316069777
			76.0118741457665	-45.2037316069777
			75.9723258241506	-45.2037316069777
			75.9327775025346	-45.2432799285936
			75.8932291809188	-45.2432799285936
			75.8536808593028	-45.2828282502095
			75.8141325376869	-45.2828282502095
			75.774584216071	-45.3223765718254
			75.7350358944551	-45.3223765718254
			75.6954875728392	-45.3223765718254
			75.6559392512233	-45.3619248934413
			75.6163909296074	-45.3619248934413
			75.5768426079915	-45.4014732150572
			75.5372942863756	-45.4014732150572
			75.4977459647597	-45.4410215366731
			75.4581976431438	-45.4410215366731
			75.4186493215279	-45.480569858289
			75.379100999912	-45.480569858289
			75.3395526782961	-45.480569858289
			75.3395526782961	-45.5201181799049
			75.3000043566802	-45.5201181799049
			75.2604560350643	-45.5201181799049
			75.2604560350643	-45.5596665015208
			75.2209077134484	-45.5596665015208
			75.1813593918325	-45.5596665015208
			75.1418110702166	-45.5992148231367
			75.1022627486007	-45.5992148231367
			75.0627144269848	-45.6387631447526
			75.0231661053689	-45.6387631447526
			74.983617783753	-45.6387631447526
			74.983617783753	-45.6783114663685
			74.9440694621371	-45.6783114663685
			74.9045211405212	-45.6783114663685
			74.8649728189053	-45.7178597879844
			74.8254244972894	-45.7574081096003
			74.7858761756735	-45.7574081096003
			74.7463278540576	-45.7574081096003
			74.7067795324416	-45.7969564312162
			74.6672312108257	-45.7969564312162
			74.6672312108257	-45.8365047528321
			74.6276828892098	-45.8365047528321
			74.5881345675939	-45.8365047528321
			74.548586245978	-45.876053074448
			74.5090379243621	-45.876053074448
			74.4694896027462	-45.9156013960639
			74.4299412811303	-45.9156013960639
			74.3903929595144	-45.9156013960639
			74.3903929595144	-45.9551497176798
			74.3508446378985	-45.9551497176798
			74.3112963162826	-45.9946980392957
			74.2717479946667	-45.9946980392957
			74.2321996730508	-45.9946980392957
			74.1926513514349	-46.0342463609116
		</AnalFin>
		<Pectfin type=matrix rownames=FALSE colnames=FALSE nrow=62 ncol=2 as.numeric=TRUE >
			63.4750561935251	-43.7008953855733
			63.4750561935251	-43.7404437071892
			63.4750561935251	-43.7799920288051
			63.514604515141	-43.819540350421
			63.514604515141	-43.8590886720369
			63.514604515141	-43.8986369936528
			63.514604515141	-43.9381853152687
			63.514604515141	-43.9777336368847
			63.514604515141	-44.0172819585006
			63.514604515141	-44.0568302801165
			63.514604515141	-44.0963786017324
			63.5541528367569	-44.1359269233483
			63.5541528367569	-44.1754752449642
			63.5541528367569	-44.2150235665801
			63.5541528367569	-44.254571888196
			63.5541528367569	-44.2941202098119
			63.5541528367569	-44.3336685314278
			63.5541528367569	-44.3732168530437
			63.5541528367569	-44.4127651746596
			63.5541528367569	-44.4523134962755
			63.5541528367569	-44.4918618178914
			63.5541528367569	-44.5314101395073
			63.5541528367569	-44.5709584611232
			63.5541528367569	-44.6105067827391
			63.5541528367569	-44.650055104355
			63.5541528367569	-44.6896034259709
			63.5541528367569	-44.7291517475868
			63.5541528367569	-44.7687000692027
			63.5541528367569	-44.8082483908186
			63.5541528367569	-44.8477967124345
			63.5541528367569	-44.8873450340504
			63.5541528367569	-44.9268933556663
			63.5541528367569	-44.9664416772822
			63.5541528367569	-45.0059899988981
			63.5541528367569	-45.045538320514
			63.514604515141	-45.08508664213
			63.514604515141	-45.1246349637459
			63.514604515141	-45.1641832853618
			63.514604515141	-45.2037316069777
			63.4750561935251	-45.2432799285936
			63.4750561935251	-45.2828282502095
			63.4750561935251	-45.3223765718254
			63.4355078719092	-45.3619248934413
			63.4355078719092	-45.4014732150572
			63.4355078719092	-45.4410215366731
			63.3959595502933	-45.480569858289
			63.3959595502933	-45.5201181799049
			63.3564112286774	-45.5201181799049
			63.3564112286774	-45.5596665015208
			63.3168629070614	-45.5992148231367
			63.3168629070614	-45.6387631447526
			63.3168629070614	-45.6783114663685
			63.2773145854455	-45.7178597879844
			63.2377662638296	-45.7574081096003
			63.2377662638296	-45.7969564312162
			63.1982179422137	-45.8365047528321
			63.1982179422137	-45.876053074448
			63.1586696205978	-45.9156013960639
			63.1191212989819	-45.9551497176798
			63.079572977366	-45.9946980392957
			63.0400246557501	-46.0342463609116
			63.0400246557501	-46.0737946825275
		</Pectfin>
		<Opercle type=matrix rownames=FALSE colnames=FALSE nrow=182 ncol=2 as.numeric=TRUE >
			62.5258964747434	-40.8534162292283
			62.5258964747434	-40.8929645508442
			62.5654447963593	-40.9325128724601
			62.5654447963593	-40.972061194076
			62.6049931179752	-41.0116095156919
			62.6049931179752	-41.0511578373078
			62.6049931179752	-41.0907061589237
			62.6049931179752	-41.1302544805396
			62.6049931179752	-41.1698028021555
			62.6445414395911	-41.1698028021555
			62.6445414395911	-41.2093511237714
			62.6445414395911	-41.2488994453873
			62.6445414395911	-41.2884477670032
			62.6445414395911	-41.3279960886191
			62.684089761207	-41.367544410235
			62.684089761207	-41.4070927318509
			62.684089761207	-41.4466410534668
			62.684089761207	-41.4861893750827
			62.684089761207	-41.5257376966986
			62.684089761207	-41.5652860183145
			62.684089761207	-41.6048343399304
			62.684089761207	-41.6443826615463
			62.684089761207	-41.6839309831622
			62.684089761207	-41.7234793047782
			62.7236380828229	-41.7630276263941
			62.7236380828229	-41.80257594801
			62.7236380828229	-41.8421242696259
			62.7236380828229	-41.8816725912418
			62.7236380828229	-41.9212209128577
			62.7236380828229	-41.9607692344736
			62.7236380828229	-42.0003175560895
			62.684089761207	-42.0398658777054
			62.684089761207	-42.0794141993213
			62.684089761207	-42.1189625209372
			62.684089761207	-42.1585108425531
			62.684089761207	-42.198059164169
			62.684089761207	-42.2376074857849
			62.684089761207	-42.2771558074008
			62.684089761207	-42.3167041290167
			62.684089761207	-42.3562524506326
			62.684089761207	-42.3958007722485
			62.684089761207	-42.4353490938644
			62.684089761207	-42.4748974154803
			62.684089761207	-42.5144457370962
			62.6445414395911	-42.5144457370962
			62.6445414395911	-42.5539940587121
			62.6445414395911	-42.593542380328
			62.6445414395911	-42.6330907019439
			62.6445414395911	-42.6726390235598
			62.6445414395911	-42.7121873451757
			62.6445414395911	-42.7517356667916
			62.6049931179752	-42.7912839884075
			62.6049931179752	-42.8308323100235
			62.6049931179752	-42.8703806316394
			62.6049931179752	-42.9099289532553
			62.5654447963593	-42.9494772748712
			62.5654447963593	-42.9890255964871
			62.5654447963593	-43.028573918103
			62.5258964747434	-43.0681222397189
			62.5258964747434	-43.1076705613348
			62.5258964747434	-43.1472188829507
			62.4863481531275	-43.1867672045666
			62.4863481531275	-43.2263155261825
			62.4863481531275	-43.2658638477984
			62.4467998315116	-43.3054121694143
			62.4467998315116	-43.3449604910302
			62.4467998315116	-43.3845088126461
			62.4072515098957	-43.424057134262
			62.4072515098957	-43.4636054558779
			62.3677031882798	-43.5031537774938
			62.3677031882798	-43.5427020991097
			62.3281548666639	-43.5822504207256
			62.3281548666639	-43.6217987423415
			62.288606545048	-43.6613470639574
			62.288606545048	-43.7008953855733
			62.2490582234321	-43.7404437071892
			62.2490582234321	-43.7799920288051
			62.2490582234321	-43.819540350421
			62.2095099018161	-43.8590886720369
			62.2095099018161	-43.8986369936528
			62.1699615802002	-43.9381853152687
			62.1699615802002	-43.9777336368847
			62.1304132585843	-44.0172819585006
			62.1304132585843	-44.0568302801165
			62.0908649369684	-44.0963786017324
			62.0908649369684	-44.1359269233483
			62.0513166153525	-44.1754752449642
			62.0117682937366	-44.2150235665801
			62.0117682937366	-44.254571888196
			61.9722199721207	-44.2941202098119
			61.9722199721207	-44.3336685314278
			61.9326716505048	-44.3732168530437
			61.9326716505048	-44.4127651746596
			61.8931233288889	-44.4523134962755
			61.853575007273	-44.4918618178914
			61.8140266856571	-44.5314101395073
			61.8140266856571	-44.5709584611232
			61.7744783640412	-44.6105067827391
			61.7349300424253	-44.650055104355
			61.6953817208094	-44.6896034259709
			61.6953817208094	-44.7291517475868
			61.6558333991935	-44.7291517475868
			61.6558333991935	-44.7687000692027
			61.6162850775776	-44.8082483908186
			61.5767367559617	-44.8477967124345
			61.5371884343458	-44.8873450340504
			61.4976401127299	-44.9268933556663
			61.458091791114	-44.9664416772822
			61.4185434694981	-45.0059899988981
			61.4185434694981	-45.045538320514
			61.3789951478822	-45.08508664213
			61.3394468262663	-45.1246349637459
			61.2998985046504	-45.1641832853618
			61.2603501830345	-45.2037316069777
			61.2208018614186	-45.2432799285936
			61.1812535398027	-45.2432799285936
			61.1417052181868	-45.2828282502095
			61.1021568965709	-45.3223765718254
			61.1021568965709	-45.3619248934413
			61.062608574955	-45.3619248934413
			61.023060253339	-45.4014732150572
			60.9835119317231	-45.4410215366731
			60.9439636101072	-45.4410215366731
			60.9044152884913	-45.480569858289
			60.9044152884913	-45.5201181799049
			60.8648669668754	-45.5201181799049
			60.8253186452595	-45.5596665015208
			60.7857703236436	-45.5596665015208
			60.7462220020277	-45.5992148231367
			60.7066736804118	-45.6387631447526
			60.6671253587959	-45.6387631447526
			60.6671253587959	-45.6783114663685
			60.62757703718	-45.6783114663685
			60.5880287155641	-45.7178597879844
			60.5484803939482	-45.7178597879844
			60.5089320723323	-45.7574081096003
			60.4693837507164	-45.7574081096003
			60.4298354291005	-45.7969564312162
			60.3902871074846	-45.7969564312162
			60.3507387858687	-45.8365047528321
			60.3111904642528	-45.8365047528321
			60.2716421426369	-45.8365047528321
			60.232093821021	-45.876053074448
			60.1925454994051	-45.876053074448
			60.1529971777892	-45.876053074448
			60.1134488561733	-45.876053074448
			60.0739005345574	-45.876053074448
			60.0343522129415	-45.876053074448
			59.9948038913256	-45.876053074448
			59.9552555697096	-45.876053074448
			59.9157072480937	-45.876053074448
			59.8761589264778	-45.876053074448
			59.8366106048619	-45.876053074448
			59.797062283246	-45.9156013960639
			59.7575139616301	-45.9156013960639
			59.7179656400142	-45.9156013960639
			59.6784173183983	-45.9156013960639
			59.6388689967824	-45.9156013960639
			59.5993206751665	-45.9156013960639
			59.5597723535506	-45.9156013960639
			59.5202240319347	-45.9156013960639
			59.4806757103188	-45.876053074448
			59.4411273887029	-45.876053074448
			59.401579067087	-45.876053074448
			59.3620307454711	-45.876053074448
			59.3224824238552	-45.876053074448
			59.2829341022393	-45.876053074448
			59.2433857806234	-45.876053074448
			59.2038374590075	-45.876053074448
			59.1642891373916	-45.876053074448
			59.1247408157757	-45.876053074448
			59.0851924941598	-45.8365047528321
			59.0456441725439	-45.8365047528321
			59.006095850928	-45.8365047528321
			58.9665475293121	-45.8365047528321
			58.9269992076962	-45.8365047528321
			58.8874508860803	-45.7969564312162
			58.8479025644644	-45.7969564312162
			58.8083542428485	-45.7969564312162
			58.7688059212325	-45.7574081096003
			58.7292575996166	-45.7574081096003
			58.6897092780007	-45.7574081096003
		</Opercle>
		<Preopercle type=matrix rownames=FALSE colnames=FALSE nrow=70 ncol=2 as.numeric=TRUE >
			59.0851924941598	-43.0681222397189
			59.0851924941598	-43.1076705613348
			59.0851924941598	-43.1472188829507
			59.0456441725439	-43.1867672045666
			59.0456441725439	-43.2263155261825
			59.0456441725439	-43.2658638477984
			59.0456441725439	-43.3054121694143
			59.0456441725439	-43.3449604910302
			59.0456441725439	-43.3845088126461
			59.0456441725439	-43.424057134262
			59.006095850928	-43.4636054558779
			59.006095850928	-43.5031537774938
			59.006095850928	-43.5427020991097
			59.006095850928	-43.5822504207256
			59.006095850928	-43.6217987423415
			59.006095850928	-43.6613470639574
			58.9665475293121	-43.7008953855733
			58.9665475293121	-43.7404437071892
			58.9665475293121	-43.7799920288051
			58.9665475293121	-43.819540350421
			58.9665475293121	-43.8590886720369
			58.9665475293121	-43.8986369936528
			58.9665475293121	-43.9381853152687
			58.9665475293121	-43.9777336368847
			58.9665475293121	-44.0172819585006
			58.9269992076962	-44.0172819585006
			58.9269992076962	-44.0568302801165
			58.9269992076962	-44.0963786017324
			58.9269992076962	-44.1359269233483
			58.9269992076962	-44.1754752449642
			58.9269992076962	-44.2150235665801
			58.9269992076962	-44.254571888196
			58.9269992076962	-44.2941202098119
			58.9269992076962	-44.3336685314278
			58.9269992076962	-44.3732168530437
			58.8874508860803	-44.4127651746596
			58.8874508860803	-44.4523134962755
			58.8874508860803	-44.4918618178914
			58.8874508860803	-44.5314101395073
			58.8874508860803	-44.5709584611232
			58.8874508860803	-44.6105067827391
			58.8874508860803	-44.650055104355
			58.8874508860803	-44.6896034259709
			58.8874508860803	-44.7291517475868
			58.8874508860803	-44.7687000692027
			58.8874508860803	-44.8082483908186
			58.8874508860803	-44.8477967124345
			58.8874508860803	-44.8873450340504
			58.8874508860803	-44.9268933556663
			58.8874508860803	-44.9664416772822
			58.8874508860803	-45.0059899988981
			58.8874508860803	-45.045538320514
			58.8874508860803	-45.08508664213
			58.8874508860803	-45.1246349637459
			58.8479025644644	-45.1641832853618
			58.8479025644644	-45.2037316069777
			58.8479025644644	-45.2432799285936
			58.8479025644644	-45.2828282502095
			58.8479025644644	-45.3223765718254
			58.8083542428485	-45.3619248934413
			58.8083542428485	-45.4014732150572
			58.8083542428485	-45.4410215366731
			58.8083542428485	-45.480569858289
			58.7688059212325	-45.5201181799049
			58.7688059212325	-45.5596665015208
			58.7292575996166	-45.5992148231367
			58.7292575996166	-45.6387631447526
			58.7292575996166	-45.6783114663685
			58.6897092780007	-45.7178597879844
			58.6897092780007	-45.7574081096003
		</Preopercle>
	</curves.scaled>
	<ruler.points type=matrix rownames=TRUE colnames=FALSE nrow=2 ncol=2 as.numeric=TRUE >
		Ruler point 1	1264	723
		Ruler point 2	1282	1365
	</ruler.points>
</shapes>

