[individuals]
15
[landmarks]
31
[Dimensions]
3
[names]
Specimen 1
Specimen 2
Specimen 3
Specimen 4
Specimen 5
Specimen 6
Specimen 7
Specimen 8
Specimen 9
Specimen 10
Specimen 11
Specimen 12
Specimen 13
Specimen 14
Specimen 15
[labels]
Sex
[labelvalues]
Female
Female
Female
Female
Male
Male
Male
Male
Female
Female
Male
Female
Male
Male
Female
[rawpoints]
'#1
16.01  24.17  11.18
15  24.86  11.16
14.96  25.54  11.52
16.26  24.36  11.48
15.89  26.61  11.83
17.16  25.33  12.35
18.22  23.65  11.12
18.77  23.75  11.21
18.72  24.24  11.62
19.26  25.71  10.33
18.21  25.39  12.05
19.32  25.91  14.39
17.45  26.36  13.7
14.51  26.93  11.5
15.93  26.94  12.36
17.11  26.94  13.63
18.69  26.98  14.67
19.5  27.03  15.03
15.75  29.67  10.89
14.96  29.08  11.07
14.92  28.36  11.48
15.85  29.43  11.37
15.93  27.16  12.02
17.07  28.57  12.32
17.9  30.15  11.26
18.62  30  11.18
18.69  29.71  11.45
19.14  28.53  10.28
18.17  28.51  12.08
19.25  28.15  14.23
17.48  27.52  13.71
'#2 
15.53 23.66 11.27
14.75 24.38 11.63
14.69 25.16 11.84
15.78 23.93 11.85
15.67 26.46 12.35
16.95 24.96 12.79
17.95 23.31 11.97
18.64 23.32 12.1
18.47 23.68 12.39
19.13 25.41 10.88
17.93 25.01 12.64
18.72 25.42 14.82
17.01 26.16 14.01
14.06 26.8 11.78
15.43 26.81 12.79
16.73 26.68 14.2
18.09 26.59 15.42
18.59 26.56 15.71
15.5 29.92 11.2
14.69 29.1 11.61
14.7 28.35 11.86
15.62 29.52 11.89
15.57 27.06 12.39
16.88 28.44 12.85
17.97 30.12 11.96
18.79 30.07 11.89
18.56 29.68 12.37
19.06 27.98 10.86
18 28.44 12.7
18.68 27.78 15.01
17.07 27.25 14.15
'#3 
14.71 23.84 10.61
13.72 24.48 10.74
13.58 25.09 10.92
14.68 24.05 11.22
14.24 26.33 11.64
15.47 25.01 12.55
16.77 23.46 11.74
17.27 23.48 12.07
17.18 23.92 12.27
17.8 25.54 11.04
16.4 24.99 12.56
16.65 25.67 14.83
15.22 26.03 13.54
13.08 26.64 10.85
14.04 26.68 11.86
14.84 26.65 13.37
15.89 26.8 14.85
16.3 26.81 15.33
14.47 29.51 10.5
13.64 28.77 10.68
13.51 28.08 10.88
14.65 29.29 11.22
14.25 26.92 11.73
15.38 28.34 12.47
16.65 29.98 11.52
17.16 29.98 11.88
17.05 29.63 12.15
17.72 27.99 10.86
16.34 28.5 12.48
16.41 27.84 14.77
15.07 27.14 13.5
'#4 
14.33 23.78 10.48
13.36 24.62 10.37
13.19 25.08 10.53
14.25 23.93 10.77
13.67 26.45 11.3
14.81 25 12.11
16.31 23.39 11.39
16.77 23.44 11.69
16.55 23.64 11.92
17.23 25.57 10.82
15.78 24.81 12.22
16.22 25.21 14.9
14.7 25.99 13.46
12.78 26.82 10.59
13.63 26.73 11.6
14.53 26.56 13.41
15.6 26.46 15.13
16.17 26.47 15.74
14.34 29.8 10.46
13.42 28.97 10.48
13.29 28.36 10.7
14.38 29.5 11.01
13.77 27.03 11.4
14.85 28.15 12.29
16.53 29.77 11.73
17.01 29.73 11.97
16.76 29.46 12.2
17.59 27.91 11.08
15.91 28.44 12.38
16.23 27.59 14.99
14.79 27.17 13.8
'#5 
15.46 23.31 12.02
14.43 24.14 12.04
14.41 25.12 12.36
15.5 23.9 12.32
15.31 26.59 12.73
16.43 24.93 13.28
17.58 22.73 12.08
18.56 22.85 12.3
18.24 23.41 12.69
19.31 25.23 11.52
17.94 25.02 12.7
19.22 25.51 16.18
17.42 26.17 15.16
14 26.89 12.45
15.25 26.93 13.21
16.9 26.85 14.93
18.41 26.74 16.27
19.26 26.59 16.95
15.98 30.46 11.83
14.54 29.33 12.21
14.42 28.6 12.4
15.88 29.81 12.36
15.38 27.21 12.89
16.59 28.66 13.36
18.01 30.66 11.91
19.06 30.63 11.89
18.86 30.08 12.38
19.57 27.84 11.36
18.15 28.49 12.72
19.25 27.84 16.13
17.54 27.45 15.12
'#6 
15.89 23.46 11.86
14.72 24.32 11.9
14.69 25.05 12.2
16.11 23.92 12.14
15.77 26.44 12.79
17.04 25.12 13.06
18.1 23.05 12.2
18.78 23.19 12.28
18.87 23.63 12.53
19.77 25.43 11.48
18.32 24.93 12.88
19.75 25.61 16.09
17.62 26.25 14.95
14.16 26.87 12.19
15.56 26.86 13.23
17.22 26.91 14.76
19.03 26.92 16.18
20.08 26.85 16.84
15.71 30.22 11.67
14.6 29.19 11.94
14.71 28.55 12.26
16.06 29.68 12.14
15.74 27.2 12.77
16.94 28.55 13.13
17.98 30.55 12.17
18.76 30.35 12.11
18.84 30 12.31
19.82 28.31 11.35
18.26 28.62 12.86
19.86 27.94 15.81
17.78 27.43 15
'#7 
14.85 23.22 10.71
13.77 24.02 10.8
13.64 25.01 11.22
14.97 23.65 11.4
14.4 26.45 11.76
15.55 24.81 12.32
16.94 22.91 11.56
17.76 23.01 11.75
17.61 23.35 12.1
18.73 25.19 11.49
16.92 24.93 12.13
17.47 25.49 16.02
15.93 26.09 14.7
13.32 26.79 11.1
14.49 26.81 12.44
15.46 26.68 14.36
16.74 26.63 16.33
17.44 26.67 17.16
14.85 30.37 10.74
13.67 29.1 11.05
13.74 28.57 11.19
14.73 29.79 11.28
14.53 27.14 11.85
15.59 28.63 12.55
17.17 30.62 11.66
18.05 30.46 11.56
17.67 29.83 12.32
18.75 28.26 11.59
17.05 28.5 12.45
17.53 27.92 16.08
15.8 27.34 14.52
'#8 
15.28 22.95 11.88
14.04 24.06 11.71
14.15 24.73 12.06
15.34 23.45 12.17
15.2 26.05 12.85
16.11 24.27 13.24
17.36 22.35 12.4
18.16 22.38 12.64
17.97 22.84 12.79
18.91 25.17 11.43
17.64 24.23 12.93
18.61 24.66 16.49
16.75 25.41 15.47
13.81 26.4 12.49
14.92 26.3 13.27
16.29 26.11 15.4
17.96 25.9 16.78
18.63 25.82 17.34
15.41 29.89 12.26
14.26 28.97 12.14
14.21 28.25 12.42
15.51 29.31 12.71
15.07 26.6 13.01
16.25 28.17 13.68
17.57 30.11 12.93
18.43 30.19 13.07
18.18 29.61 13.44
19.33 27.93 12.01
17.63 28.09 13.4
18.6 27.13 16.56
16.74 26.77 15.5
'#9  
16.94  23.9  10.04
16.04  24.44  10.1
15.93  24.96  10.47
17.21  24.12  10.52
16.6  26.41  11.22
18.07  25.33  11.43
19.1  23.76  10.48
19.67  23.95  10.48
19.66  24.31  10.78
19.95  25.61  9.71
18.91  25.12  11.21
20.08  25.85  13.17
18.12  26.27  12.71
15.38  26.53  10.84
16.53  26.68  11.5
17.76  26.7  12.73
19.38  26.87  13.51
20.07  26.86  13.82
16.54  29.51  10.04
15.58  28.57  10.27
15.73  28.17  10.56
16.8  29.21  10.56
16.6  26.85  11.3
17.82  28.21  11.53
18.66  29.94  10.44
19.14  29.87  10.53
19.21  29.58  10.74
19.7  28.3  9.6
18.66  28.45  11.28
19.96  27.9  13.16
18.17  27.2  12.7
'#10  
16.65  23.88  10.66
15.42  24.43  10.79
15.33  24.91  11.22
16.71  23.98  10.99
16.18  26.22  11.93
17.52  25.07  11.85
18.69  23.46  10.46
19.09  23.48  10.63
18.97  23.88  11.04
19.54  25.38  10.34
18.47  24.95  11.68
19.72  25.27  13.97
17.86  25.81  13.56
14.87  26.55  11.41
15.8  26.49  12.17
17.53  26.3  13.59
19.02  26.26  14.34
19.54  26.29  14.59
16.41  29.41  11.34
15.29  28.79  11.38
15.27  28.07  11.55
16.48  29.2  11.66
16.21  26.77  12.04
17.4  27.97  12.42
18.12  29.85  11.59
18.63  29.85  11.77
18.74  29.68  11.81
19.43  28.26  10.42
18.43  28.33  12.12
19.66  27.47  14.18
18.03  26.96  13.61
'#11  
16.69  23.55  11.63
15.66  24.21  11.98
15.61  25.02  12.25
16.71  23.87  12.04
16.48  26.27  12.53
17.73  24.95  13.01
18.58  23.22  12
19.33  23.5  12.04
19.42  23.74  12.19
20.17  25.22  11.11
19.05  24.95  12.56
20.42  25.51  15.74
18.31  26.17  14.81
15.09  26.46  12.13
16.41  26.63  13.14
17.93  26.61  14.87
19.82  26.71  16.14
20.74  26.7  16.77
16.12  29.54  11.45
15.45  29  11.93
15.44  28.28  12.17
16.47  29.38  12.12
16.34  26.85  12.68
17.51  28.4  13.08
18.21  30  12.08
19.06  29.93  11.93
19.07  29.7  12.11
19.94  28.38  11.05
18.68  28.49  12.54
20.42  27.96  15.65
18.47  27.25  14.86
'#12   
21.99 25.38 11.29
21.27 25.91 11.26
21.06 26.91 11.8
22.22 25.78 11.81
22.1 28.12 12.57
23.18 26.41 12.73
24 24.75 11.74
24.73 24.71 11.87
24.75 25.13 12.18
25.57 26.28 11.13
24.2 26.42 12.72
25.2 26.79 14.98
23.61 27.6 14.16
20.88 28.54 12.09
22.16 28.36 12.75
23.14 28.18 13.96
24.72 27.96 15.17
25.22 27.87 15.49
22.54 31.47 11.43
21.68 31.02 11.45
21.41 30.21 11.85
22.66 31.02 11.95
22.03 28.65 12.38
23.52 29.96 12.85
24.68 31.55 11.89
25.43 31.55 11.96
25.35 30.91 12.24
25.76 29.64 11.11
24.55 29.85 12.7
25.49 28.92 14.93
23.62 28.57 14.02
'#13   
21.4 25.17 11.45
20.62 25.84 11.73
20.44 26.68 12.08
21.87 25.51 12.18
21.27 28.14 12.75
22.63 26.37 13.22
23.63 24.49 12.54
24.5 24.66 12.63
24.53 25.02 12.82
25.64 26.65 12.16
23.86 26.38 13.25
24.7 26.75 16.7
23.17 27.69 15.72
20.17 28.57 12.25
21.29 28.54 13.2
22.43 28.5 15.13
24.19 28.43 16.71
24.84 28.33 17.48
21.52 31.8 11.38
20.6 31.1 11.61
20.47 30.27 11.91
21.64 31.51 11.93
21.25 28.9 12.59
22.63 30.56 12.99
23.6 32.32 12.36
24.44 32.28 12.46
24.55 31.75 12.73
25.34 30.2 11.88
23.97 30.48 13
24.91 29.8 16.55
22.99 29.15 15.37
'#14   
22.81 24.82 11.68
21.94 25.37 12.11
21.66 26.15 12.52
22.94 25.26 12.36
22.88 27.84 13.68
23.98 26.36 13.32
25.03 24.29 11.76
25.94 24.49 11.89
25.92 24.99 12.1
26.84 26.44 11.3
25.39 26.23 12.75
27.3 26.59 15.83
25.19 27.27 15.6
21.19 28.24 12.97
22.62 28.11 14.1
24.57 28.05 15.86
26.54 28.03 16.14
27.85 27.82 16.78
23.02 31.66 11.77
22.04 31.13 12.28
21.83 30.33 12.62
23.12 31.12 12.56
22.39 28.55 13.29
24.09 29.98 13.25
25.31 32.02 12
26.17 31.49 12.02
26.3 31.08 12.01
26.99 29.66 11.26
25.75 29.95 12.84
27.72 29.2 15.85
25.34 28.75 15.58
'#15   
22.44 25.44 10.9
21.47 26.18 11.07
21.4 26.94 11.41
22.67 25.78 11.53
22.27 28.47 11.96
23.28 26.84 12.47
24.66 25.16 11.43
25.06 25.32 11.49
25 25.48 11.75
25.56 26.53 11
24.24 26.86 12.43
25.22 27.34 14.84
23.61 28.03 13.79
21.06 28.73 11.51
22.12 28.7 12.18
23.17 28.62 13.44
24.45 28.64 14.89
25.02 28.56 15.62
22.78 31.74 10.7
21.86 31.31 10.85
21.47 30.33 11.3
22.85 31.4 11.24
22.3 28.9 11.88
23.47 30.27 12.27
24.86 31.79 11.14
25.37 31.64 11.23
25.28 31.46 11.55
25.78 30.25 10.73
24.36 30.31 12.16
25.19 29.77 14.72
23.63 29.14 13.63
[wireframe]
1 4
22 19
6 9
24 27
15 12
15 30
17 18
15 16
5 15
23 15
5 6
23 24
9 10
10 12
27 28
28 30
12 18
18 30
6 4
24 22
13 16
16 31
31 17
17 13
1 2
2 14
14 20
20 19
22 21
21 23
4 3
3 5
1 7
7 8
8 9
19 25
25 26
26 27
15 13
15 31
[polygons]
7 6 8
8 6 9
9 6 11
9 11 10
6 16 11
11 16 13
10 11 12
11 13 12
13 17 12
12 17 18
2 14 3
14 15 5
 1 2 3
14 5 3
3 4 1
5 15 6
15 16 6
4 6 7
1 4 7

14 20 21
14 23 15
21 20 19
14 21 23
21 19 22
23 24 15
15 24 16
22 25 24
19 25 22
24 25 26
24 26 27
29 24 27 
29 27 28
16 24 29
16 29 31
29 28 30
31 29 30
31 30 17
17 30 18


