<shapes type=list>
	<ruler.pixel type=vector names=FALSE length=1 as.numeric=TRUE >641.003120117211</ruler.pixel>
	<ruler.interval type=vector names=FALSE length=1 as.numeric=TRUE >25.4</ruler.interval>
	<scaling.units type=vector names=FALSE length=1 as.numeric=FALSE >mm</scaling.units>
	<scaling type=vector names=FALSE length=1 as.numeric=TRUE >0.0396253921437316</scaling>
	<landmarks.pixel type=matrix rownames=TRUE colnames=FALSE nrow=12 ncol=2 as.numeric=TRUE >
		LM1	1429	1019
		LM2	1845	916
		LM3	2179	1005
		LM4	2164	1110
		LM5	1981	1112
		LM6	1928	1144
		LM7	1635	1072
		LM8	1636	1130
		LM9	1634	1015
		LM10	1528	1128
		LM11	1541	1036
		LM12	1506	984
	</landmarks.pixel>
	<landmarks.scaled type=matrix rownames=TRUE colnames=FALSE nrow=12 ncol=2 as.numeric=TRUE >
		LM1	56.6246853733925	-40.3782745944625
		LM2	73.1088485051848	-36.2968592036582
		LM3	86.3437294811912	-39.8235191044503
		LM4	85.7493485990352	-43.9841852795421
		LM5	78.4979018367323	-44.0634360638296
		LM6	76.3977560531145	-45.331448612429
		LM7	64.7875161550012	-42.4784203780803
		LM8	64.8271415471449	-44.7766931224167
		LM9	64.7478907628575	-40.2197730258876
		LM10	60.5475991956219	-44.6974423381293
		LM11	61.0627292934904	-41.051906260906
		LM12	59.6758405684598	-38.9913858694319
	</landmarks.scaled>
	<curves.control type=list>
		<Eye type=matrix rownames=FALSE colnames=FALSE nrow=7 ncol=2 as.numeric=TRUE >
			1506	984
			1536	995
			1523	1022
			1484	1046
			1471	1018
			1483	984
			1506	984
		</Eye>
		<Head type=matrix rownames=FALSE colnames=FALSE nrow=13 ncol=2 as.numeric=TRUE >
			1429	1019
			1456	992
			1531	966
			1566	954
			1600	940
			1621	926
			1676	918
			1711	912
			1745	914
			1775	911
			1802	912
			1825	913
			1845	916
		</Head>
		<Tail1 type=matrix rownames=FALSE colnames=FALSE nrow=13 ncol=2 as.numeric=TRUE >
			1845	916
			1869	924
			1899	932
			1923	940
			1963	951
			2000	959
			2039	968
			2073	975
			2117	987
			2138	996
			2157	999
			2171	1001
			2179	1005
		</Tail1>
		<End type=matrix rownames=FALSE colnames=FALSE nrow=7 ncol=2 as.numeric=TRUE >
			2179	1005
			2209	1017
			2214	1030
			2202	1067
			2210	1080
			2214	1103
			2164	1110
		</End>
		<Tail2 type=matrix rownames=FALSE colnames=FALSE nrow=7 ncol=2 as.numeric=TRUE >
			2164	1110
			2137	1108
			2110	1108
			2056	1113
			2037	1109
			2009	1104
			1981	1112
		</Tail2>
		<AnalFin type=matrix rownames=FALSE colnames=FALSE nrow=5 ncol=2 as.numeric=TRUE >
			1981	1112
			1962	1118
			1948	1128
			1938	1137
			1928	1144
		</AnalFin>
		<Pectfin type=matrix rownames=FALSE colnames=FALSE nrow=5 ncol=2 as.numeric=TRUE >
			1635	1072
			1644	1086
			1642	1106
			1642	1120
			1636	1130
		</Pectfin>
		<Opercle type=matrix rownames=FALSE colnames=FALSE nrow=9 ncol=2 as.numeric=TRUE >
			1634	1015
			1637	1031
			1625	1054
			1616	1072
			1606	1091
			1586	1113
			1568	1124
			1551	1135
			1528	1128
		</Opercle>
		<Preopercle type=matrix rownames=FALSE colnames=FALSE nrow=5 ncol=2 as.numeric=TRUE >
			1541	1036
			1540	1075
			1538	1091
			1537	1110
			1528	1128
		</Preopercle>
	</curves.control>
	<curves.pixel type=list>
		<Eye type=matrix rownames=FALSE colnames=FALSE nrow=155 ncol=2 as.numeric=TRUE >
			1506	984
			1507	984
			1508	985
			1509	985
			1510	986
			1511	986
			1512	987
			1513	987
			1514	988
			1515	988
			1516	989
			1517	990
			1518	990
			1519	991
			1520	992
			1521	992
			1521	993
			1522	994
			1523	995
			1524	996
			1524	997
			1525	998
			1525	999
			1526	1000
			1526	1001
			1526	1002
			1527	1003
			1527	1004
			1527	1005
			1527	1006
			1527	1007
			1527	1008
			1527	1009
			1527	1010
			1527	1011
			1526	1012
			1526	1013
			1526	1014
			1526	1015
			1525	1016
			1525	1017
			1525	1018
			1524	1019
			1524	1020
			1524	1021
			1523	1022
			1522	1023
			1521	1023
			1520	1024
			1519	1024
			1518	1025
			1517	1025
			1516	1026
			1515	1027
			1514	1027
			1513	1028
			1512	1028
			1511	1028
			1510	1029
			1509	1029
			1508	1030
			1507	1030
			1506	1030
			1505	1031
			1504	1031
			1503	1031
			1503	1032
			1502	1032
			1501	1032
			1500	1032
			1499	1032
			1498	1033
			1497	1033
			1496	1033
			1495	1033
			1494	1033
			1493	1033
			1492	1033
			1491	1033
			1490	1033
			1489	1033
			1488	1033
			1487	1032
			1486	1032
			1485	1032
			1484	1032
			1483	1031
			1482	1031
			1481	1030
			1480	1029
			1479	1028
			1478	1028
			1477	1027
			1476	1026
			1475	1025
			1475	1024
			1474	1023
			1473	1022
			1472	1021
			1472	1020
			1472	1019
			1471	1018
			1472	1017
			1472	1016
			1472	1015
			1473	1014
			1473	1013
			1473	1012
			1474	1011
			1474	1010
			1475	1009
			1475	1008
			1476	1007
			1476	1006
			1476	1005
			1477	1005
			1477	1004
			1478	1003
			1478	1002
			1479	1002
			1479	1001
			1479	1000
			1480	1000
			1480	999
			1481	998
			1482	997
			1483	996
			1484	995
			1484	994
			1485	993
			1486	993
			1486	992
			1487	991
			1488	991
			1488	990
			1489	990
			1489	989
			1490	989
			1491	988
			1492	988
			1493	987
			1494	987
			1495	986
			1496	986
			1497	985
			1498	985
			1499	985
			1500	985
			1501	985
			1501	984
			1502	984
			1503	984
			1504	984
			1505	984
			1506	984
		</Eye>
		<Head type=matrix rownames=FALSE colnames=FALSE nrow=427 ncol=2 as.numeric=TRUE >
			1429	1019
			1430	1018
			1431	1018
			1431	1017
			1432	1016
			1433	1015
			1434	1015
			1435	1014
			1435	1013
			1436	1012
			1437	1012
			1438	1011
			1439	1010
			1440	1009
			1441	1009
			1442	1008
			1443	1007
			1444	1006
			1445	1006
			1446	1005
			1447	1004
			1448	1004
			1449	1003
			1450	1003
			1451	1002
			1452	1001
			1453	1001
			1454	1000
			1455	999
			1456	999
			1457	998
			1458	998
			1459	997
			1460	997
			1460	996
			1461	996
			1462	995
			1463	995
			1464	994
			1465	994
			1466	993
			1467	993
			1468	992
			1469	992
			1470	991
			1471	991
			1472	990
			1473	990
			1474	989
			1475	988
			1476	988
			1477	988
			1478	987
			1479	987
			1480	986
			1481	986
			1482	985
			1483	985
			1484	984
			1485	984
			1486	983
			1487	983
			1488	983
			1489	982
			1490	982
			1491	981
			1492	981
			1493	980
			1494	980
			1495	980
			1496	979
			1497	979
			1498	978
			1499	978
			1500	978
			1500	977
			1501	977
			1502	977
			1503	976
			1504	976
			1505	976
			1506	975
			1507	975
			1508	974
			1509	974
			1510	974
			1511	973
			1512	973
			1513	972
			1514	972
			1515	972
			1516	971
			1517	971
			1518	971
			1519	970
			1520	970
			1521	969
			1522	969
			1523	969
			1524	968
			1525	968
			1526	968
			1527	967
			1528	967
			1529	967
			1530	966
			1531	966
			1532	966
			1533	965
			1534	965
			1535	965
			1535	964
			1536	964
			1537	964
			1538	964
			1539	963
			1540	963
			1541	963
			1542	962
			1543	962
			1544	961
			1545	961
			1546	961
			1547	960
			1548	960
			1549	960
			1550	959
			1551	959
			1552	959
			1553	958
			1554	958
			1555	957
			1556	957
			1557	957
			1558	956
			1559	956
			1560	956
			1560	955
			1561	955
			1562	955
			1563	954
			1564	954
			1565	954
			1566	953
			1567	953
			1568	953
			1569	952
			1570	952
			1571	951
			1572	951
			1573	951
			1574	950
			1575	950
			1576	949
			1577	949
			1578	949
			1579	949
			1580	948
			1581	948
			1582	947
			1583	947
			1584	947
			1585	946
			1586	946
			1587	945
			1588	945
			1589	945
			1589	944
			1590	944
			1591	944
			1592	943
			1593	943
			1594	942
			1595	942
			1596	942
			1597	941
			1598	941
			1599	940
			1600	940
			1601	939
			1602	939
			1603	938
			1604	937
			1605	937
			1606	937
			1607	936
			1608	936
			1608	935
			1609	935
			1610	934
			1611	934
			1612	934
			1613	933
			1614	933
			1615	932
			1616	932
			1617	932
			1618	931
			1619	931
			1620	930
			1621	930
			1622	930
			1623	930
			1624	929
			1625	929
			1626	928
			1627	928
			1628	928
			1629	928
			1630	927
			1631	927
			1632	927
			1633	927
			1634	926
			1635	926
			1636	926
			1637	925
			1638	925
			1639	925
			1640	925
			1641	924
			1642	924
			1643	924
			1644	924
			1645	924
			1646	923
			1647	923
			1648	923
			1649	923
			1650	923
			1651	922
			1652	922
			1653	922
			1654	922
			1655	922
			1655	921
			1656	921
			1657	921
			1658	921
			1659	921
			1660	921
			1661	920
			1662	920
			1663	920
			1664	920
			1665	920
			1666	920
			1666	919
			1667	919
			1668	919
			1669	919
			1670	919
			1671	919
			1672	919
			1673	918
			1674	918
			1675	918
			1676	918
			1677	918
			1678	918
			1679	917
			1680	917
			1681	917
			1682	917
			1683	917
			1684	917
			1685	917
			1686	916
			1687	916
			1688	916
			1689	916
			1690	916
			1691	916
			1692	916
			1693	916
			1694	915
			1695	915
			1696	915
			1697	915
			1698	915
			1699	915
			1700	915
			1701	915
			1702	915
			1703	915
			1704	914
			1705	914
			1706	914
			1707	914
			1708	914
			1709	914
			1710	914
			1711	914
			1712	914
			1713	914
			1714	914
			1715	914
			1716	914
			1717	914
			1718	914
			1719	914
			1720	914
			1721	914
			1722	914
			1723	914
			1724	914
			1725	914
			1726	914
			1727	914
			1728	914
			1729	914
			1730	914
			1731	914
			1732	914
			1733	914
			1734	914
			1735	914
			1736	914
			1737	914
			1738	914
			1739	914
			1740	914
			1741	914
			1742	914
			1743	914
			1744	914
			1745	914
			1746	914
			1747	914
			1748	914
			1749	914
			1750	913
			1751	913
			1752	913
			1753	913
			1754	913
			1755	913
			1756	913
			1757	913
			1758	913
			1759	913
			1760	913
			1761	913
			1762	913
			1763	913
			1764	912
			1765	912
			1766	912
			1767	912
			1768	912
			1769	912
			1770	912
			1771	912
			1772	912
			1773	912
			1774	912
			1775	912
			1776	912
			1777	912
			1778	912
			1779	912
			1780	912
			1781	912
			1782	912
			1783	912
			1784	912
			1785	912
			1786	912
			1787	912
			1788	912
			1789	912
			1790	912
			1791	912
			1792	912
			1793	912
			1794	912
			1795	912
			1796	912
			1797	912
			1798	912
			1799	912
			1800	912
			1801	912
			1802	912
			1803	912
			1804	912
			1805	912
			1806	912
			1807	912
			1808	912
			1809	912
			1810	912
			1811	912
			1812	913
			1813	913
			1814	913
			1815	913
			1816	913
			1817	913
			1818	913
			1819	913
			1820	913
			1821	913
			1822	913
			1823	913
			1824	914
			1825	914
			1826	914
			1827	914
			1828	914
			1829	914
			1830	914
			1831	914
			1832	914
			1833	914
			1834	914
			1835	915
			1836	915
			1837	915
			1838	915
			1839	915
			1840	915
			1841	915
			1842	916
			1843	916
			1844	916
			1845	916
		</Head>
		<Tail1 type=matrix rownames=FALSE colnames=FALSE nrow=342 ncol=2 as.numeric=TRUE >
			1845	916
			1846	916
			1847	917
			1848	917
			1849	917
			1850	918
			1851	918
			1852	918
			1853	919
			1854	919
			1855	919
			1856	920
			1857	920
			1858	920
			1859	921
			1860	921
			1861	921
			1862	921
			1863	922
			1864	922
			1865	922
			1866	923
			1867	923
			1868	923
			1869	924
			1870	924
			1871	924
			1872	924
			1873	925
			1874	925
			1875	925
			1876	926
			1877	926
			1878	926
			1879	926
			1880	927
			1881	927
			1882	927
			1883	928
			1884	928
			1885	928
			1886	928
			1887	929
			1888	929
			1889	929
			1890	930
			1891	930
			1892	930
			1893	930
			1894	931
			1895	931
			1896	931
			1897	931
			1898	932
			1899	932
			1900	932
			1901	933
			1902	933
			1903	933
			1904	934
			1905	934
			1906	934
			1907	935
			1908	935
			1909	935
			1910	936
			1911	936
			1912	936
			1913	936
			1914	937
			1915	937
			1916	938
			1917	938
			1918	938
			1919	938
			1920	939
			1921	939
			1922	939
			1923	940
			1924	940
			1925	940
			1926	940
			1926	941
			1927	941
			1928	941
			1929	941
			1930	942
			1931	942
			1932	942
			1933	942
			1934	943
			1935	943
			1936	944
			1937	944
			1938	944
			1939	944
			1940	945
			1941	945
			1942	945
			1943	945
			1944	946
			1945	946
			1946	946
			1947	947
			1948	947
			1949	947
			1950	947
			1951	948
			1952	948
			1953	948
			1954	948
			1954	949
			1955	949
			1956	949
			1957	949
			1958	950
			1959	950
			1960	950
			1961	950
			1961	951
			1962	951
			1963	951
			1964	951
			1965	951
			1966	952
			1967	952
			1968	952
			1969	952
			1970	953
			1971	953
			1972	953
			1973	953
			1974	953
			1975	954
			1976	954
			1977	954
			1978	954
			1979	955
			1980	955
			1981	955
			1982	955
			1983	955
			1984	956
			1985	956
			1986	956
			1987	956
			1988	956
			1989	957
			1990	957
			1991	957
			1992	957
			1993	958
			1994	958
			1995	958
			1996	958
			1997	958
			1997	959
			1998	959
			1999	959
			2000	959
			2001	959
			2002	960
			2003	960
			2004	960
			2005	960
			2006	960
			2007	961
			2008	961
			2009	961
			2010	961
			2011	962
			2012	962
			2013	962
			2014	962
			2015	962
			2016	963
			2017	963
			2018	963
			2019	963
			2020	964
			2021	964
			2022	964
			2023	964
			2024	965
			2025	965
			2026	965
			2027	965
			2028	966
			2029	966
			2030	966
			2031	966
			2032	966
			2033	967
			2034	967
			2035	967
			2036	967
			2037	968
			2038	968
			2039	968
			2040	968
			2041	968
			2042	969
			2043	969
			2044	969
			2045	969
			2046	969
			2046	970
			2047	970
			2048	970
			2049	970
			2050	970
			2051	971
			2052	971
			2053	971
			2054	971
			2055	971
			2056	972
			2057	972
			2058	972
			2059	972
			2060	973
			2061	973
			2062	973
			2063	973
			2064	974
			2065	974
			2066	974
			2067	974
			2068	975
			2069	975
			2070	975
			2071	975
			2072	975
			2073	976
			2074	976
			2075	976
			2076	976
			2077	977
			2078	977
			2079	977
			2080	977
			2081	978
			2082	978
			2083	978
			2084	978
			2085	979
			2086	979
			2087	979
			2088	979
			2089	980
			2090	980
			2091	980
			2092	980
			2093	981
			2094	981
			2095	981
			2096	981
			2097	982
			2098	982
			2099	982
			2100	982
			2100	983
			2101	983
			2102	983
			2103	983
			2104	983
			2105	984
			2106	984
			2107	984
			2108	985
			2109	985
			2110	985
			2111	985
			2112	986
			2113	986
			2114	986
			2115	987
			2116	987
			2117	987
			2118	987
			2119	988
			2120	988
			2121	989
			2122	989
			2123	990
			2124	990
			2125	990
			2126	990
			2126	991
			2127	991
			2128	991
			2129	992
			2130	992
			2131	993
			2132	993
			2133	993
			2134	993
			2135	994
			2136	994
			2137	994
			2138	995
			2139	995
			2140	995
			2141	996
			2142	996
			2143	996
			2144	996
			2145	997
			2146	997
			2147	997
			2148	997
			2149	998
			2150	998
			2151	998
			2152	998
			2153	998
			2154	998
			2155	999
			2156	999
			2157	999
			2158	999
			2159	999
			2160	999
			2161	1000
			2162	1000
			2163	1000
			2164	1000
			2165	1000
			2166	1001
			2167	1001
			2168	1001
			2169	1001
			2170	1002
			2171	1002
			2172	1002
			2173	1003
			2174	1003
			2175	1003
			2176	1004
			2177	1004
			2178	1005
			2179	1005
		</Tail1>
		<End type=matrix rownames=FALSE colnames=FALSE nrow=156 ncol=2 as.numeric=TRUE >
			2179	1005
			2180	1005
			2181	1006
			2182	1006
			2183	1007
			2184	1007
			2185	1007
			2185	1008
			2186	1008
			2187	1008
			2187	1009
			2188	1009
			2189	1009
			2190	1010
			2191	1010
			2192	1011
			2193	1012
			2194	1012
			2195	1012
			2195	1013
			2196	1013
			2197	1013
			2197	1014
			2198	1014
			2199	1015
			2200	1015
			2201	1016
			2202	1017
			2203	1017
			2204	1018
			2205	1019
			2206	1020
			2207	1020
			2207	1021
			2208	1022
			2209	1022
			2209	1023
			2210	1024
			2211	1024
			2211	1025
			2212	1026
			2212	1027
			2213	1027
			2213	1028
			2213	1029
			2214	1029
			2214	1030
			2214	1031
			2213	1032
			2213	1033
			2213	1034
			2212	1035
			2212	1036
			2212	1037
			2211	1038
			2211	1039
			2211	1040
			2211	1041
			2210	1042
			2210	1043
			2210	1044
			2210	1045
			2210	1046
			2209	1047
			2209	1048
			2209	1049
			2209	1050
			2208	1051
			2208	1052
			2208	1053
			2208	1054
			2208	1055
			2208	1056
			2207	1057
			2207	1058
			2207	1059
			2207	1060
			2207	1061
			2207	1062
			2207	1063
			2207	1064
			2207	1065
			2207	1066
			2207	1067
			2207	1068
			2207	1069
			2207	1070
			2207	1071
			2207	1072
			2207	1073
			2208	1074
			2208	1075
			2208	1076
			2209	1077
			2209	1078
			2209	1079
			2210	1080
			2210	1081
			2210	1082
			2210	1083
			2210	1084
			2210	1085
			2210	1086
			2210	1087
			2210	1088
			2209	1089
			2209	1090
			2208	1091
			2208	1092
			2207	1093
			2206	1094
			2206	1095
			2205	1096
			2204	1097
			2203	1097
			2202	1098
			2201	1099
			2200	1099
			2200	1100
			2199	1100
			2198	1101
			2197	1101
			2196	1101
			2195	1102
			2194	1103
			2193	1103
			2192	1103
			2191	1104
			2190	1104
			2189	1104
			2188	1105
			2187	1105
			2186	1105
			2185	1106
			2184	1106
			2183	1106
			2182	1106
			2181	1107
			2180	1107
			2179	1107
			2178	1108
			2177	1108
			2176	1108
			2175	1108
			2174	1108
			2173	1109
			2172	1109
			2171	1109
			2170	1109
			2169	1109
			2168	1109
			2167	1109
			2167	1110
			2166	1110
			2165	1110
			2164	1110
		</End>
		<Tail2 type=matrix rownames=FALSE colnames=FALSE nrow=184 ncol=2 as.numeric=TRUE >
			2164	1110
			2163	1110
			2162	1110
			2161	1110
			2160	1110
			2159	1110
			2158	1110
			2157	1109
			2156	1109
			2155	1109
			2154	1109
			2153	1109
			2152	1109
			2151	1109
			2150	1109
			2149	1109
			2148	1109
			2147	1109
			2146	1109
			2145	1109
			2144	1109
			2143	1109
			2142	1109
			2141	1109
			2140	1109
			2139	1109
			2138	1109
			2137	1108
			2136	1108
			2135	1108
			2134	1108
			2133	1108
			2132	1108
			2131	1108
			2130	1108
			2129	1108
			2128	1108
			2127	1108
			2126	1108
			2125	1108
			2124	1108
			2123	1108
			2122	1108
			2121	1108
			2120	1108
			2119	1108
			2118	1108
			2117	1108
			2116	1108
			2115	1108
			2114	1108
			2113	1108
			2112	1108
			2111	1108
			2110	1108
			2109	1108
			2108	1108
			2107	1108
			2106	1108
			2105	1108
			2104	1109
			2103	1109
			2102	1109
			2101	1109
			2100	1109
			2099	1109
			2098	1109
			2097	1109
			2096	1109
			2095	1109
			2094	1109
			2093	1109
			2092	1109
			2091	1110
			2090	1110
			2089	1110
			2088	1110
			2087	1110
			2086	1110
			2085	1110
			2084	1110
			2083	1110
			2082	1110
			2081	1110
			2080	1110
			2079	1110
			2078	1110
			2077	1110
			2076	1110
			2075	1110
			2074	1111
			2073	1111
			2072	1111
			2071	1111
			2070	1111
			2069	1111
			2068	1111
			2067	1111
			2066	1111
			2065	1111
			2064	1111
			2063	1111
			2062	1111
			2061	1111
			2060	1111
			2059	1111
			2058	1111
			2057	1111
			2056	1111
			2055	1111
			2054	1111
			2053	1111
			2052	1111
			2051	1111
			2050	1111
			2049	1110
			2048	1110
			2047	1110
			2046	1110
			2045	1110
			2044	1110
			2043	1110
			2042	1110
			2041	1110
			2040	1110
			2039	1109
			2038	1109
			2037	1109
			2036	1109
			2035	1109
			2034	1108
			2033	1108
			2032	1108
			2031	1108
			2030	1108
			2029	1108
			2028	1108
			2027	1108
			2026	1108
			2025	1107
			2024	1107
			2023	1107
			2022	1107
			2021	1107
			2020	1107
			2019	1107
			2018	1107
			2017	1107
			2016	1107
			2015	1107
			2014	1107
			2013	1107
			2012	1107
			2011	1107
			2010	1107
			2009	1107
			2008	1107
			2007	1107
			2006	1107
			2005	1108
			2004	1108
			2003	1108
			2002	1108
			2001	1108
			2000	1108
			1999	1108
			1998	1108
			1997	1108
			1996	1109
			1995	1109
			1994	1109
			1993	1109
			1992	1109
			1991	1109
			1990	1110
			1989	1110
			1988	1110
			1987	1110
			1986	1111
			1985	1111
			1984	1111
			1983	1112
			1982	1112
			1981	1112
		</Tail2>
		<AnalFin type=matrix rownames=FALSE colnames=FALSE nrow=55 ncol=2 as.numeric=TRUE >
			1981	1112
			1980	1112
			1979	1113
			1978	1113
			1977	1113
			1976	1114
			1975	1114
			1974	1115
			1973	1115
			1972	1115
			1971	1115
			1970	1116
			1969	1116
			1968	1117
			1967	1117
			1966	1118
			1965	1118
			1964	1119
			1963	1119
			1962	1119
			1961	1120
			1960	1120
			1960	1121
			1959	1121
			1958	1122
			1957	1122
			1956	1123
			1955	1123
			1954	1124
			1953	1125
			1952	1125
			1951	1126
			1950	1127
			1949	1127
			1948	1128
			1947	1129
			1946	1130
			1945	1131
			1944	1132
			1943	1132
			1942	1133
			1941	1134
			1940	1135
			1939	1136
			1938	1137
			1937	1137
			1936	1138
			1935	1139
			1934	1140
			1933	1140
			1932	1141
			1931	1142
			1930	1142
			1929	1143
			1928	1144
		</AnalFin>
		<Pectfin type=matrix rownames=FALSE colnames=FALSE nrow=60 ncol=2 as.numeric=TRUE >
			1635	1072
			1636	1073
			1636	1074
			1637	1075
			1637	1076
			1638	1077
			1638	1078
			1639	1079
			1639	1080
			1639	1081
			1640	1082
			1640	1083
			1640	1084
			1641	1085
			1641	1086
			1641	1087
			1641	1088
			1641	1089
			1642	1089
			1642	1090
			1642	1091
			1642	1092
			1642	1093
			1642	1094
			1642	1095
			1642	1096
			1642	1097
			1642	1098
			1642	1099
			1642	1100
			1642	1101
			1642	1102
			1642	1103
			1642	1104
			1642	1105
			1642	1106
			1642	1107
			1642	1108
			1642	1109
			1642	1110
			1642	1111
			1642	1112
			1642	1113
			1641	1114
			1641	1115
			1641	1116
			1641	1117
			1641	1118
			1640	1119
			1640	1120
			1640	1121
			1640	1122
			1639	1123
			1639	1124
			1639	1125
			1638	1126
			1638	1127
			1637	1128
			1637	1129
			1636	1130
		</Pectfin>
		<Opercle type=matrix rownames=FALSE colnames=FALSE nrow=162 ncol=2 as.numeric=TRUE >
			1634	1015
			1634	1016
			1634	1017
			1634	1018
			1635	1019
			1635	1020
			1635	1021
			1635	1022
			1635	1023
			1635	1024
			1634	1025
			1634	1026
			1634	1027
			1634	1028
			1634	1029
			1634	1030
			1634	1031
			1633	1032
			1633	1033
			1633	1034
			1633	1035
			1632	1036
			1632	1037
			1632	1038
			1632	1039
			1631	1040
			1631	1041
			1630	1042
			1630	1043
			1630	1044
			1629	1045
			1629	1046
			1629	1047
			1628	1047
			1628	1048
			1627	1049
			1627	1050
			1627	1051
			1626	1052
			1626	1053
			1625	1054
			1624	1055
			1624	1056
			1624	1057
			1623	1058
			1623	1059
			1622	1059
			1622	1060
			1621	1061
			1621	1062
			1621	1063
			1620	1064
			1620	1065
			1619	1066
			1618	1067
			1618	1068
			1617	1069
			1617	1070
			1616	1071
			1616	1072
			1615	1073
			1615	1074
			1614	1075
			1614	1076
			1613	1077
			1613	1078
			1612	1079
			1612	1080
			1611	1081
			1611	1082
			1610	1083
			1610	1084
			1609	1085
			1609	1086
			1608	1087
			1607	1088
			1607	1089
			1607	1090
			1606	1090
			1606	1091
			1605	1092
			1604	1093
			1603	1094
			1602	1095
			1601	1096
			1601	1097
			1600	1098
			1599	1099
			1598	1099
			1597	1100
			1596	1101
			1596	1102
			1595	1103
			1594	1103
			1593	1104
			1592	1105
			1591	1106
			1591	1107
			1590	1107
			1589	1108
			1588	1109
			1587	1110
			1586	1111
			1585	1112
			1584	1113
			1583	1113
			1582	1114
			1581	1115
			1580	1116
			1579	1116
			1578	1117
			1577	1118
			1576	1119
			1575	1119
			1574	1120
			1573	1121
			1572	1121
			1571	1122
			1570	1123
			1569	1124
			1568	1124
			1567	1124
			1567	1125
			1566	1125
			1565	1126
			1564	1126
			1563	1127
			1562	1127
			1561	1128
			1560	1128
			1559	1129
			1558	1129
			1557	1129
			1556	1129
			1555	1130
			1554	1130
			1553	1130
			1552	1130
			1551	1130
			1550	1130
			1549	1131
			1548	1131
			1547	1131
			1546	1131
			1545	1131
			1544	1131
			1543	1131
			1542	1131
			1541	1131
			1540	1130
			1539	1130
			1538	1130
			1537	1130
			1536	1130
			1535	1130
			1534	1130
			1533	1129
			1532	1129
			1531	1129
			1530	1129
			1529	1128
			1528	1128
		</Opercle>
		<Preopercle type=matrix rownames=FALSE colnames=FALSE nrow=94 ncol=2 as.numeric=TRUE >
			1541	1036
			1541	1037
			1541	1038
			1541	1039
			1541	1040
			1541	1041
			1541	1042
			1541	1043
			1541	1044
			1541	1045
			1541	1046
			1541	1047
			1541	1048
			1541	1049
			1541	1050
			1541	1051
			1541	1052
			1540	1052
			1540	1053
			1540	1054
			1540	1055
			1540	1056
			1540	1057
			1540	1058
			1540	1059
			1540	1060
			1540	1061
			1540	1062
			1540	1063
			1540	1064
			1540	1065
			1540	1066
			1540	1067
			1540	1068
			1540	1069
			1540	1070
			1540	1071
			1540	1072
			1540	1073
			1539	1074
			1539	1075
			1539	1076
			1539	1077
			1539	1078
			1539	1079
			1539	1080
			1539	1081
			1539	1082
			1539	1083
			1539	1084
			1539	1085
			1539	1086
			1538	1087
			1538	1088
			1538	1089
			1538	1090
			1538	1091
			1538	1092
			1538	1093
			1538	1094
			1538	1095
			1538	1096
			1537	1097
			1537	1098
			1537	1099
			1537	1100
			1537	1101
			1537	1102
			1536	1103
			1536	1104
			1536	1105
			1536	1106
			1536	1107
			1535	1108
			1535	1109
			1535	1110
			1535	1111
			1534	1112
			1534	1113
			1534	1114
			1534	1115
			1533	1116
			1533	1117
			1532	1118
			1532	1119
			1531	1120
			1531	1121
			1531	1122
			1530	1123
			1530	1124
			1529	1125
			1529	1126
			1528	1127
			1528	1128
		</Preopercle>
	</curves.pixel>
	<curves.scaled type=list>
		<Eye type=matrix rownames=FALSE colnames=FALSE nrow=155 ncol=2 as.numeric=TRUE >
			59.6758405684598	-38.9913858694319
			59.7154659606035	-38.9913858694319
			59.7550913527473	-39.0310112615756
			59.794716744891	-39.0310112615756
			59.8343421370347	-39.0706366537194
			59.8739675291785	-39.0706366537194
			59.9135929213222	-39.1102620458631
			59.9532183134659	-39.1102620458631
			59.9928437056097	-39.1498874380068
			60.0324690977534	-39.1498874380068
			60.0720944898971	-39.1895128301506
			60.1117198820409	-39.2291382222943
			60.1513452741846	-39.2291382222943
			60.1909706663283	-39.268763614438
			60.2305960584721	-39.3083890065818
			60.2702214506158	-39.3083890065818
			60.2702214506158	-39.3480143987255
			60.3098468427595	-39.3876397908692
			60.3494722349032	-39.427265183013
			60.389097627047	-39.4668905751567
			60.389097627047	-39.5065159673004
			60.4287230191907	-39.5461413594441
			60.4287230191907	-39.5857667515879
			60.4683484113344	-39.6253921437316
			60.4683484113344	-39.6650175358753
			60.4683484113344	-39.7046429280191
			60.5079738034782	-39.7442683201628
			60.5079738034782	-39.7838937123065
			60.5079738034782	-39.8235191044503
			60.5079738034782	-39.863144496594
			60.5079738034782	-39.9027698887377
			60.5079738034782	-39.9423952808815
			60.5079738034782	-39.9820206730252
			60.5079738034782	-40.0216460651689
			60.5079738034782	-40.0612714573127
			60.4683484113344	-40.1008968494564
			60.4683484113344	-40.1405222416001
			60.4683484113344	-40.1801476337439
			60.4683484113344	-40.2197730258876
			60.4287230191907	-40.2593984180313
			60.4287230191907	-40.2990238101751
			60.4287230191907	-40.3386492023188
			60.389097627047	-40.3782745944625
			60.389097627047	-40.4178999866062
			60.389097627047	-40.45752537875
			60.3494722349032	-40.4971507708937
			60.3098468427595	-40.5367761630374
			60.2702214506158	-40.5367761630374
			60.2305960584721	-40.5764015551812
			60.1909706663283	-40.5764015551812
			60.1513452741846	-40.6160269473249
			60.1117198820409	-40.6160269473249
			60.0720944898971	-40.6556523394686
			60.0324690977534	-40.6952777316124
			59.9928437056097	-40.6952777316124
			59.9532183134659	-40.7349031237561
			59.9135929213222	-40.7349031237561
			59.8739675291785	-40.7349031237561
			59.8343421370347	-40.7745285158998
			59.794716744891	-40.7745285158998
			59.7550913527473	-40.8141539080436
			59.7154659606035	-40.8141539080436
			59.6758405684598	-40.8141539080436
			59.6362151763161	-40.8537793001873
			59.5965897841723	-40.8537793001873
			59.5569643920286	-40.8537793001873
			59.5569643920286	-40.893404692331
			59.5173389998849	-40.893404692331
			59.4777136077412	-40.893404692331
			59.4380882155974	-40.893404692331
			59.3984628234537	-40.893404692331
			59.35883743131	-40.9330300844748
			59.3192120391662	-40.9330300844748
			59.2795866470225	-40.9330300844748
			59.2399612548788	-40.9330300844748
			59.200335862735	-40.9330300844748
			59.1607104705913	-40.9330300844748
			59.1210850784476	-40.9330300844748
			59.0814596863038	-40.9330300844748
			59.0418342941601	-40.9330300844748
			59.0022089020164	-40.9330300844748
			58.9625835098726	-40.9330300844748
			58.9229581177289	-40.893404692331
			58.8833327255852	-40.893404692331
			58.8437073334414	-40.893404692331
			58.8040819412977	-40.893404692331
			58.764456549154	-40.8537793001873
			58.7248311570103	-40.8537793001873
			58.6852057648665	-40.8141539080436
			58.6455803727228	-40.7745285158998
			58.6059549805791	-40.7349031237561
			58.5663295884353	-40.7349031237561
			58.5267041962916	-40.6952777316124
			58.4870788041479	-40.6556523394686
			58.4474534120041	-40.6160269473249
			58.4474534120041	-40.5764015551812
			58.4078280198604	-40.5367761630374
			58.3682026277167	-40.4971507708937
			58.3285772355729	-40.45752537875
			58.3285772355729	-40.4178999866062
			58.3285772355729	-40.3782745944625
			58.2889518434292	-40.3386492023188
			58.3285772355729	-40.2990238101751
			58.3285772355729	-40.2593984180313
			58.3285772355729	-40.2197730258876
			58.3682026277167	-40.1801476337439
			58.3682026277167	-40.1405222416001
			58.3682026277167	-40.1008968494564
			58.4078280198604	-40.0612714573127
			58.4078280198604	-40.0216460651689
			58.4474534120041	-39.9820206730252
			58.4474534120041	-39.9423952808815
			58.4870788041479	-39.9027698887377
			58.4870788041479	-39.863144496594
			58.4870788041479	-39.8235191044503
			58.5267041962916	-39.8235191044503
			58.5267041962916	-39.7838937123065
			58.5663295884353	-39.7442683201628
			58.5663295884353	-39.7046429280191
			58.6059549805791	-39.7046429280191
			58.6059549805791	-39.6650175358753
			58.6059549805791	-39.6253921437316
			58.6455803727228	-39.6253921437316
			58.6455803727228	-39.5857667515879
			58.6852057648665	-39.5461413594441
			58.7248311570103	-39.5065159673004
			58.764456549154	-39.4668905751567
			58.8040819412977	-39.427265183013
			58.8040819412977	-39.3876397908692
			58.8437073334414	-39.3480143987255
			58.8833327255852	-39.3480143987255
			58.8833327255852	-39.3083890065818
			58.9229581177289	-39.268763614438
			58.9625835098726	-39.268763614438
			58.9625835098726	-39.2291382222943
			59.0022089020164	-39.2291382222943
			59.0022089020164	-39.1895128301506
			59.0418342941601	-39.1895128301506
			59.0814596863038	-39.1498874380068
			59.1210850784476	-39.1498874380068
			59.1607104705913	-39.1102620458631
			59.200335862735	-39.1102620458631
			59.2399612548788	-39.0706366537194
			59.2795866470225	-39.0706366537194
			59.3192120391662	-39.0310112615756
			59.35883743131	-39.0310112615756
			59.3984628234537	-39.0310112615756
			59.4380882155974	-39.0310112615756
			59.4777136077412	-39.0310112615756
			59.4777136077412	-38.9913858694319
			59.5173389998849	-38.9913858694319
			59.5569643920286	-38.9913858694319
			59.5965897841723	-38.9913858694319
			59.6362151763161	-38.9913858694319
			59.6758405684598	-38.9913858694319
		</Eye>
		<Head type=matrix rownames=FALSE colnames=FALSE nrow=427 ncol=2 as.numeric=TRUE >
			56.6246853733925	-40.3782745944625
			56.6643107655362	-40.3386492023188
			56.7039361576799	-40.3386492023188
			56.7039361576799	-40.2990238101751
			56.7435615498237	-40.2593984180313
			56.7831869419674	-40.2197730258876
			56.8228123341111	-40.2197730258876
			56.8624377262549	-40.1801476337439
			56.8624377262549	-40.1405222416001
			56.9020631183986	-40.1008968494564
			56.9416885105423	-40.1008968494564
			56.9813139026861	-40.0612714573127
			57.0209392948298	-40.0216460651689
			57.0605646869735	-39.9820206730252
			57.1001900791173	-39.9820206730252
			57.139815471261	-39.9423952808815
			57.1794408634047	-39.9027698887377
			57.2190662555484	-39.863144496594
			57.2586916476922	-39.863144496594
			57.2983170398359	-39.8235191044503
			57.3379424319796	-39.7838937123065
			57.3775678241234	-39.7838937123065
			57.4171932162671	-39.7442683201628
			57.4568186084108	-39.7442683201628
			57.4964440005546	-39.7046429280191
			57.5360693926983	-39.6650175358753
			57.575694784842	-39.6650175358753
			57.6153201769858	-39.6253921437316
			57.6549455691295	-39.5857667515879
			57.6945709612732	-39.5857667515879
			57.734196353417	-39.5461413594441
			57.7738217455607	-39.5461413594441
			57.8134471377044	-39.5065159673004
			57.8530725298482	-39.5065159673004
			57.8530725298482	-39.4668905751567
			57.8926979219919	-39.4668905751567
			57.9323233141356	-39.427265183013
			57.9719487062793	-39.427265183013
			58.0115740984231	-39.3876397908692
			58.0511994905668	-39.3876397908692
			58.0908248827105	-39.3480143987255
			58.1304502748543	-39.3480143987255
			58.170075666998	-39.3083890065818
			58.2097010591417	-39.3083890065818
			58.2493264512855	-39.268763614438
			58.2889518434292	-39.268763614438
			58.3285772355729	-39.2291382222943
			58.3682026277167	-39.2291382222943
			58.4078280198604	-39.1895128301506
			58.4474534120041	-39.1498874380068
			58.4870788041479	-39.1498874380068
			58.5267041962916	-39.1498874380068
			58.5663295884353	-39.1102620458631
			58.6059549805791	-39.1102620458631
			58.6455803727228	-39.0706366537194
			58.6852057648665	-39.0706366537194
			58.7248311570103	-39.0310112615756
			58.764456549154	-39.0310112615756
			58.8040819412977	-38.9913858694319
			58.8437073334414	-38.9913858694319
			58.8833327255852	-38.9517604772882
			58.9229581177289	-38.9517604772882
			58.9625835098726	-38.9517604772882
			59.0022089020164	-38.9121350851444
			59.0418342941601	-38.9121350851444
			59.0814596863038	-38.8725096930007
			59.1210850784476	-38.8725096930007
			59.1607104705913	-38.832884300857
			59.200335862735	-38.832884300857
			59.2399612548788	-38.832884300857
			59.2795866470225	-38.7932589087132
			59.3192120391662	-38.7932589087132
			59.35883743131	-38.7536335165695
			59.3984628234537	-38.7536335165695
			59.4380882155974	-38.7536335165695
			59.4380882155974	-38.7140081244258
			59.4777136077412	-38.7140081244258
			59.5173389998849	-38.7140081244258
			59.5569643920286	-38.6743827322821
			59.5965897841723	-38.6743827322821
			59.6362151763161	-38.6743827322821
			59.6758405684598	-38.6347573401383
			59.7154659606035	-38.6347573401383
			59.7550913527473	-38.5951319479946
			59.794716744891	-38.5951319479946
			59.8343421370347	-38.5951319479946
			59.8739675291785	-38.5555065558509
			59.9135929213222	-38.5555065558509
			59.9532183134659	-38.5158811637071
			59.9928437056097	-38.5158811637071
			60.0324690977534	-38.5158811637071
			60.0720944898971	-38.4762557715634
			60.1117198820409	-38.4762557715634
			60.1513452741846	-38.4762557715634
			60.1909706663283	-38.4366303794197
			60.2305960584721	-38.4366303794197
			60.2702214506158	-38.3970049872759
			60.3098468427595	-38.3970049872759
			60.3494722349032	-38.3970049872759
			60.389097627047	-38.3573795951322
			60.4287230191907	-38.3573795951322
			60.4683484113344	-38.3573795951322
			60.5079738034782	-38.3177542029885
			60.5475991956219	-38.3177542029885
			60.5872245877656	-38.3177542029885
			60.6268499799094	-38.2781288108447
			60.6664753720531	-38.2781288108447
			60.7061007641968	-38.2781288108447
			60.7457261563406	-38.238503418701
			60.7853515484843	-38.238503418701
			60.824976940628	-38.238503418701
			60.824976940628	-38.1988780265573
			60.8646023327718	-38.1988780265573
			60.9042277249155	-38.1988780265573
			60.9438531170592	-38.1988780265573
			60.983478509203	-38.1592526344135
			61.0231039013467	-38.1592526344135
			61.0627292934904	-38.1592526344135
			61.1023546856341	-38.1196272422698
			61.1419800777779	-38.1196272422698
			61.1816054699216	-38.0800018501261
			61.2212308620653	-38.0800018501261
			61.2608562542091	-38.0800018501261
			61.3004816463528	-38.0403764579823
			61.3401070384965	-38.0403764579823
			61.3797324306403	-38.0403764579823
			61.419357822784	-38.0007510658386
			61.4589832149277	-38.0007510658386
			61.4986086070715	-38.0007510658386
			61.5382339992152	-37.9611256736949
			61.5778593913589	-37.9611256736949
			61.6174847835027	-37.9215002815512
			61.6571101756464	-37.9215002815512
			61.6967355677901	-37.9215002815512
			61.7363609599339	-37.8818748894074
			61.7759863520776	-37.8818748894074
			61.8156117442213	-37.8818748894074
			61.8156117442213	-37.8422494972637
			61.855237136365	-37.8422494972637
			61.8948625285088	-37.8422494972637
			61.9344879206525	-37.80262410512
			61.9741133127962	-37.80262410512
			62.01373870494	-37.80262410512
			62.0533640970837	-37.7629987129762
			62.0929894892274	-37.7629987129762
			62.1326148813712	-37.7629987129762
			62.1722402735149	-37.7233733208325
			62.2118656656586	-37.7233733208325
			62.2514910578024	-37.6837479286888
			62.2911164499461	-37.6837479286888
			62.3307418420898	-37.6837479286888
			62.3703672342336	-37.644122536545
			62.4099926263773	-37.644122536545
			62.449618018521	-37.6044971444013
			62.4892434106648	-37.6044971444013
			62.5288688028085	-37.6044971444013
			62.5684941949522	-37.6044971444013
			62.6081195870959	-37.5648717522576
			62.6477449792397	-37.5648717522576
			62.6873703713834	-37.5252463601138
			62.7269957635271	-37.5252463601138
			62.7666211556709	-37.5252463601138
			62.8062465478146	-37.4856209679701
			62.8458719399583	-37.4856209679701
			62.8854973321021	-37.4459955758264
			62.9251227242458	-37.4459955758264
			62.9647481163895	-37.4459955758264
			62.9647481163895	-37.4063701836826
			63.0043735085333	-37.4063701836826
			63.043998900677	-37.4063701836826
			63.0836242928207	-37.3667447915389
			63.1232496849645	-37.3667447915389
			63.1628750771082	-37.3271193993952
			63.2025004692519	-37.3271193993952
			63.2421258613957	-37.3271193993952
			63.2817512535394	-37.2874940072514
			63.3213766456831	-37.2874940072514
			63.3610020378269	-37.2478686151077
			63.4006274299706	-37.2478686151077
			63.4402528221143	-37.208243222964
			63.479878214258	-37.208243222964
			63.5195036064018	-37.1686178308203
			63.5591289985455	-37.1289924386765
			63.5987543906892	-37.1289924386765
			63.638379782833	-37.1289924386765
			63.6780051749767	-37.0893670465328
			63.7176305671204	-37.0893670465328
			63.7176305671204	-37.0497416543891
			63.7572559592642	-37.0497416543891
			63.7968813514079	-37.0101162622453
			63.8365067435516	-37.0101162622453
			63.8761321356954	-37.0101162622453
			63.9157575278391	-36.9704908701016
			63.9553829199828	-36.9704908701016
			63.9950083121266	-36.9308654779579
			64.0346337042703	-36.9308654779579
			64.074259096414	-36.9308654779579
			64.1138844885577	-36.8912400858141
			64.1535098807015	-36.8912400858141
			64.1931352728452	-36.8516146936704
			64.2327606649889	-36.8516146936704
			64.2723860571327	-36.8516146936704
			64.3120114492764	-36.8516146936704
			64.3516368414201	-36.8119893015267
			64.3912622335639	-36.8119893015267
			64.4308876257076	-36.7723639093829
			64.4705130178513	-36.7723639093829
			64.5101384099951	-36.7723639093829
			64.5497638021388	-36.7723639093829
			64.5893891942825	-36.7327385172392
			64.6290145864263	-36.7327385172392
			64.66863997857	-36.7327385172392
			64.7082653707137	-36.7327385172392
			64.7478907628575	-36.6931131250955
			64.7875161550012	-36.6931131250955
			64.8271415471449	-36.6931131250955
			64.8667669392887	-36.6534877329517
			64.9063923314324	-36.6534877329517
			64.9460177235761	-36.6534877329517
			64.9856431157198	-36.6534877329517
			65.0252685078636	-36.613862340808
			65.0648939000073	-36.613862340808
			65.104519292151	-36.613862340808
			65.1441446842948	-36.613862340808
			65.1837700764385	-36.613862340808
			65.2233954685822	-36.5742369486643
			65.263020860726	-36.5742369486643
			65.3026462528697	-36.5742369486643
			65.3422716450134	-36.5742369486643
			65.3818970371572	-36.5742369486643
			65.4215224293009	-36.5346115565205
			65.4611478214446	-36.5346115565205
			65.5007732135884	-36.5346115565205
			65.5403986057321	-36.5346115565205
			65.5800239978758	-36.5346115565205
			65.5800239978758	-36.4949861643768
			65.6196493900195	-36.4949861643768
			65.6592747821633	-36.4949861643768
			65.698900174307	-36.4949861643768
			65.7385255664507	-36.4949861643768
			65.7781509585945	-36.4949861643768
			65.8177763507382	-36.4553607722331
			65.8574017428819	-36.4553607722331
			65.8970271350257	-36.4553607722331
			65.9366525271694	-36.4553607722331
			65.9762779193131	-36.4553607722331
			66.0159033114569	-36.4553607722331
			66.0159033114569	-36.4157353800894
			66.0555287036006	-36.4157353800894
			66.0951540957443	-36.4157353800894
			66.1347794878881	-36.4157353800894
			66.1744048800318	-36.4157353800894
			66.2140302721755	-36.4157353800894
			66.2536556643193	-36.4157353800894
			66.293281056463	-36.3761099879456
			66.3329064486067	-36.3761099879456
			66.3725318407505	-36.3761099879456
			66.4121572328942	-36.3761099879456
			66.4517826250379	-36.3761099879456
			66.4914080171816	-36.3761099879456
			66.5310334093254	-36.3364845958019
			66.5706588014691	-36.3364845958019
			66.6102841936128	-36.3364845958019
			66.6499095857566	-36.3364845958019
			66.6895349779003	-36.3364845958019
			66.729160370044	-36.3364845958019
			66.7687857621878	-36.3364845958019
			66.8084111543315	-36.2968592036582
			66.8480365464752	-36.2968592036582
			66.887661938619	-36.2968592036582
			66.9272873307627	-36.2968592036582
			66.9669127229064	-36.2968592036582
			67.0065381150502	-36.2968592036582
			67.0461635071939	-36.2968592036582
			67.0857888993376	-36.2968592036582
			67.1254142914813	-36.2572338115144
			67.1650396836251	-36.2572338115144
			67.2046650757688	-36.2572338115144
			67.2442904679125	-36.2572338115144
			67.2839158600563	-36.2572338115144
			67.3235412522	-36.2572338115144
			67.3631666443437	-36.2572338115144
			67.4027920364875	-36.2572338115144
			67.4424174286312	-36.2572338115144
			67.4820428207749	-36.2572338115144
			67.5216682129187	-36.2176084193707
			67.5612936050624	-36.2176084193707
			67.6009189972061	-36.2176084193707
			67.6405443893499	-36.2176084193707
			67.6801697814936	-36.2176084193707
			67.7197951736373	-36.2176084193707
			67.7594205657811	-36.2176084193707
			67.7990459579248	-36.2176084193707
			67.8386713500685	-36.2176084193707
			67.8782967422123	-36.2176084193707
			67.917922134356	-36.2176084193707
			67.9575475264997	-36.2176084193707
			67.9971729186434	-36.2176084193707
			68.0367983107872	-36.2176084193707
			68.0764237029309	-36.2176084193707
			68.1160490950746	-36.2176084193707
			68.1556744872184	-36.2176084193707
			68.1952998793621	-36.2176084193707
			68.2349252715058	-36.2176084193707
			68.2745506636496	-36.2176084193707
			68.3141760557933	-36.2176084193707
			68.353801447937	-36.2176084193707
			68.3934268400808	-36.2176084193707
			68.4330522322245	-36.2176084193707
			68.4726776243682	-36.2176084193707
			68.512303016512	-36.2176084193707
			68.5519284086557	-36.2176084193707
			68.5915538007994	-36.2176084193707
			68.6311791929432	-36.2176084193707
			68.6708045850869	-36.2176084193707
			68.7104299772306	-36.2176084193707
			68.7500553693744	-36.2176084193707
			68.7896807615181	-36.2176084193707
			68.8293061536618	-36.2176084193707
			68.8689315458055	-36.2176084193707
			68.9085569379493	-36.2176084193707
			68.948182330093	-36.2176084193707
			68.9878077222367	-36.2176084193707
			69.0274331143805	-36.2176084193707
			69.0670585065242	-36.2176084193707
			69.1066838986679	-36.2176084193707
			69.1463092908117	-36.2176084193707
			69.1859346829554	-36.2176084193707
			69.2255600750991	-36.2176084193707
			69.2651854672429	-36.2176084193707
			69.3048108593866	-36.2176084193707
			69.3444362515303	-36.177983027227
			69.3840616436741	-36.177983027227
			69.4236870358178	-36.177983027227
			69.4633124279615	-36.177983027227
			69.5029378201052	-36.177983027227
			69.542563212249	-36.177983027227
			69.5821886043927	-36.177983027227
			69.6218139965364	-36.177983027227
			69.6614393886802	-36.177983027227
			69.7010647808239	-36.177983027227
			69.7406901729676	-36.177983027227
			69.7803155651114	-36.177983027227
			69.8199409572551	-36.177983027227
			69.8595663493988	-36.177983027227
			69.8991917415426	-36.1383576350832
			69.9388171336863	-36.1383576350832
			69.97844252583	-36.1383576350832
			70.0180679179738	-36.1383576350832
			70.0576933101175	-36.1383576350832
			70.0973187022612	-36.1383576350832
			70.136944094405	-36.1383576350832
			70.1765694865487	-36.1383576350832
			70.2161948786924	-36.1383576350832
			70.2558202708362	-36.1383576350832
			70.2954456629799	-36.1383576350832
			70.3350710551236	-36.1383576350832
			70.3746964472673	-36.1383576350832
			70.4143218394111	-36.1383576350832
			70.4539472315548	-36.1383576350832
			70.4935726236985	-36.1383576350832
			70.5331980158423	-36.1383576350832
			70.572823407986	-36.1383576350832
			70.6124488001297	-36.1383576350832
			70.6520741922735	-36.1383576350832
			70.6916995844172	-36.1383576350832
			70.7313249765609	-36.1383576350832
			70.7709503687047	-36.1383576350832
			70.8105757608484	-36.1383576350832
			70.8502011529921	-36.1383576350832
			70.8898265451359	-36.1383576350832
			70.9294519372796	-36.1383576350832
			70.9690773294233	-36.1383576350832
			71.008702721567	-36.1383576350832
			71.0483281137108	-36.1383576350832
			71.0879535058545	-36.1383576350832
			71.1275788979982	-36.1383576350832
			71.167204290142	-36.1383576350832
			71.2068296822857	-36.1383576350832
			71.2464550744294	-36.1383576350832
			71.2860804665732	-36.1383576350832
			71.3257058587169	-36.1383576350832
			71.3653312508606	-36.1383576350832
			71.4049566430044	-36.1383576350832
			71.4445820351481	-36.1383576350832
			71.4842074272918	-36.1383576350832
			71.5238328194356	-36.1383576350832
			71.5634582115793	-36.1383576350832
			71.603083603723	-36.1383576350832
			71.6427089958668	-36.1383576350832
			71.6823343880105	-36.1383576350832
			71.7219597801542	-36.1383576350832
			71.761585172298	-36.1383576350832
			71.8012105644417	-36.177983027227
			71.8408359565854	-36.177983027227
			71.8804613487291	-36.177983027227
			71.9200867408729	-36.177983027227
			71.9597121330166	-36.177983027227
			71.9993375251603	-36.177983027227
			72.0389629173041	-36.177983027227
			72.0785883094478	-36.177983027227
			72.1182137015915	-36.177983027227
			72.1578390937353	-36.177983027227
			72.197464485879	-36.177983027227
			72.2370898780227	-36.177983027227
			72.2767152701665	-36.2176084193707
			72.3163406623102	-36.2176084193707
			72.3559660544539	-36.2176084193707
			72.3955914465976	-36.2176084193707
			72.4352168387414	-36.2176084193707
			72.4748422308851	-36.2176084193707
			72.5144676230288	-36.2176084193707
			72.5540930151726	-36.2176084193707
			72.5937184073163	-36.2176084193707
			72.6333437994601	-36.2176084193707
			72.6729691916038	-36.2176084193707
			72.7125945837475	-36.2572338115144
			72.7522199758912	-36.2572338115144
			72.791845368035	-36.2572338115144
			72.8314707601787	-36.2572338115144
			72.8710961523224	-36.2572338115144
			72.9107215444662	-36.2572338115144
			72.9503469366099	-36.2572338115144
			72.9899723287536	-36.2968592036582
			73.0295977208974	-36.2968592036582
			73.0692231130411	-36.2968592036582
			73.1088485051848	-36.2968592036582
		</Head>
		<Tail1 type=matrix rownames=FALSE colnames=FALSE nrow=342 ncol=2 as.numeric=TRUE >
			73.1088485051848	-36.2968592036582
			73.1484738973286	-36.2968592036582
			73.1880992894723	-36.3364845958019
			73.227724681616	-36.3364845958019
			73.2673500737598	-36.3364845958019
			73.3069754659035	-36.3761099879456
			73.3466008580472	-36.3761099879456
			73.3862262501909	-36.3761099879456
			73.4258516423347	-36.4157353800894
			73.4654770344784	-36.4157353800894
			73.5051024266221	-36.4157353800894
			73.5447278187659	-36.4553607722331
			73.5843532109096	-36.4553607722331
			73.6239786030533	-36.4553607722331
			73.6636039951971	-36.4949861643768
			73.7032293873408	-36.4949861643768
			73.7428547794845	-36.4949861643768
			73.7824801716283	-36.4949861643768
			73.822105563772	-36.5346115565205
			73.8617309559157	-36.5346115565205
			73.9013563480595	-36.5346115565205
			73.9409817402032	-36.5742369486643
			73.9806071323469	-36.5742369486643
			74.0202325244907	-36.5742369486643
			74.0598579166344	-36.613862340808
			74.0994833087781	-36.613862340808
			74.1391087009219	-36.613862340808
			74.1787340930656	-36.613862340808
			74.2183594852093	-36.6534877329517
			74.257984877353	-36.6534877329517
			74.2976102694968	-36.6534877329517
			74.3372356616405	-36.6931131250955
			74.3768610537842	-36.6931131250955
			74.416486445928	-36.6931131250955
			74.4561118380717	-36.6931131250955
			74.4957372302154	-36.7327385172392
			74.5353626223592	-36.7327385172392
			74.5749880145029	-36.7327385172392
			74.6146134066466	-36.7723639093829
			74.6542387987904	-36.7723639093829
			74.6938641909341	-36.7723639093829
			74.7334895830778	-36.7723639093829
			74.7731149752215	-36.8119893015267
			74.8127403673653	-36.8119893015267
			74.852365759509	-36.8119893015267
			74.8919911516527	-36.8516146936704
			74.9316165437965	-36.8516146936704
			74.9712419359402	-36.8516146936704
			75.0108673280839	-36.8516146936704
			75.0504927202277	-36.8912400858141
			75.0901181123714	-36.8912400858141
			75.1297435045151	-36.8912400858141
			75.1693688966589	-36.8912400858141
			75.2089942888026	-36.9308654779579
			75.2486196809463	-36.9308654779579
			75.2882450730901	-36.9308654779579
			75.3278704652338	-36.9704908701016
			75.3674958573775	-36.9704908701016
			75.4071212495213	-36.9704908701016
			75.446746641665	-37.0101162622453
			75.4863720338087	-37.0101162622453
			75.5259974259525	-37.0101162622453
			75.5656228180962	-37.0497416543891
			75.6052482102399	-37.0497416543891
			75.6448736023837	-37.0497416543891
			75.6844989945274	-37.0893670465328
			75.7241243866711	-37.0893670465328
			75.7637497788148	-37.0893670465328
			75.8033751709586	-37.0893670465328
			75.8430005631023	-37.1289924386765
			75.882625955246	-37.1289924386765
			75.9222513473898	-37.1686178308203
			75.9618767395335	-37.1686178308203
			76.0015021316772	-37.1686178308203
			76.041127523821	-37.1686178308203
			76.0807529159647	-37.208243222964
			76.1203783081084	-37.208243222964
			76.1600037002522	-37.208243222964
			76.1996290923959	-37.2478686151077
			76.2392544845396	-37.2478686151077
			76.2788798766833	-37.2478686151077
			76.3185052688271	-37.2478686151077
			76.3185052688271	-37.2874940072514
			76.3581306609708	-37.2874940072514
			76.3977560531145	-37.2874940072514
			76.4373814452583	-37.2874940072514
			76.477006837402	-37.3271193993952
			76.5166322295457	-37.3271193993952
			76.5562576216895	-37.3271193993952
			76.5958830138332	-37.3271193993952
			76.6355084059769	-37.3667447915389
			76.6751337981207	-37.3667447915389
			76.7147591902644	-37.4063701836826
			76.7543845824081	-37.4063701836826
			76.7940099745519	-37.4063701836826
			76.8336353666956	-37.4063701836826
			76.8732607588393	-37.4459955758264
			76.9128861509831	-37.4459955758264
			76.9525115431268	-37.4459955758264
			76.9921369352705	-37.4459955758264
			77.0317623274143	-37.4856209679701
			77.071387719558	-37.4856209679701
			77.1110131117017	-37.4856209679701
			77.1506385038454	-37.5252463601138
			77.1902638959892	-37.5252463601138
			77.2298892881329	-37.5252463601138
			77.2695146802766	-37.5252463601138
			77.3091400724204	-37.5648717522576
			77.3487654645641	-37.5648717522576
			77.3883908567078	-37.5648717522576
			77.4280162488516	-37.5648717522576
			77.4280162488516	-37.6044971444013
			77.4676416409953	-37.6044971444013
			77.507267033139	-37.6044971444013
			77.5468924252828	-37.6044971444013
			77.5865178174265	-37.644122536545
			77.6261432095702	-37.644122536545
			77.665768601714	-37.644122536545
			77.7053939938577	-37.644122536545
			77.7053939938577	-37.6837479286888
			77.7450193860014	-37.6837479286888
			77.7846447781452	-37.6837479286888
			77.8242701702889	-37.6837479286888
			77.8638955624326	-37.6837479286888
			77.9035209545764	-37.7233733208325
			77.9431463467201	-37.7233733208325
			77.9827717388638	-37.7233733208325
			78.0223971310076	-37.7233733208325
			78.0620225231513	-37.7629987129762
			78.101647915295	-37.7629987129762
			78.1412733074387	-37.7629987129762
			78.1808986995825	-37.7629987129762
			78.2205240917262	-37.7629987129762
			78.2601494838699	-37.80262410512
			78.2997748760137	-37.80262410512
			78.3394002681574	-37.80262410512
			78.3790256603011	-37.80262410512
			78.4186510524449	-37.8422494972637
			78.4582764445886	-37.8422494972637
			78.4979018367323	-37.8422494972637
			78.5375272288761	-37.8422494972637
			78.5771526210198	-37.8422494972637
			78.6167780131635	-37.8818748894074
			78.6564034053072	-37.8818748894074
			78.696028797451	-37.8818748894074
			78.7356541895947	-37.8818748894074
			78.7752795817384	-37.8818748894074
			78.8149049738822	-37.9215002815512
			78.8545303660259	-37.9215002815512
			78.8941557581696	-37.9215002815512
			78.9337811503134	-37.9215002815512
			78.9734065424571	-37.9611256736949
			79.0130319346008	-37.9611256736949
			79.0526573267446	-37.9611256736949
			79.0922827188883	-37.9611256736949
			79.131908111032	-37.9611256736949
			79.131908111032	-38.0007510658386
			79.1715335031758	-38.0007510658386
			79.2111588953195	-38.0007510658386
			79.2507842874632	-38.0007510658386
			79.290409679607	-38.0007510658386
			79.3300350717507	-38.0403764579823
			79.3696604638944	-38.0403764579823
			79.4092858560382	-38.0403764579823
			79.4489112481819	-38.0403764579823
			79.4885366403256	-38.0403764579823
			79.5281620324693	-38.0800018501261
			79.5677874246131	-38.0800018501261
			79.6074128167568	-38.0800018501261
			79.6470382089005	-38.0800018501261
			79.6866636010443	-38.1196272422698
			79.726288993188	-38.1196272422698
			79.7659143853317	-38.1196272422698
			79.8055397774755	-38.1196272422698
			79.8451651696192	-38.1196272422698
			79.8847905617629	-38.1592526344135
			79.9244159539067	-38.1592526344135
			79.9640413460504	-38.1592526344135
			80.0036667381941	-38.1592526344135
			80.0432921303379	-38.1988780265573
			80.0829175224816	-38.1988780265573
			80.1225429146253	-38.1988780265573
			80.162168306769	-38.1988780265573
			80.2017936989128	-38.238503418701
			80.2414190910565	-38.238503418701
			80.2810444832002	-38.238503418701
			80.320669875344	-38.238503418701
			80.3602952674877	-38.2781288108447
			80.3999206596314	-38.2781288108447
			80.4395460517752	-38.2781288108447
			80.4791714439189	-38.2781288108447
			80.5187968360626	-38.2781288108447
			80.5584222282064	-38.3177542029885
			80.5980476203501	-38.3177542029885
			80.6376730124938	-38.3177542029885
			80.6772984046376	-38.3177542029885
			80.7169237967813	-38.3573795951322
			80.756549188925	-38.3573795951322
			80.7961745810688	-38.3573795951322
			80.8357999732125	-38.3573795951322
			80.8754253653562	-38.3573795951322
			80.9150507575	-38.3970049872759
			80.9546761496437	-38.3970049872759
			80.9943015417874	-38.3970049872759
			81.0339269339311	-38.3970049872759
			81.0735523260749	-38.3970049872759
			81.0735523260749	-38.4366303794197
			81.1131777182186	-38.4366303794197
			81.1528031103623	-38.4366303794197
			81.1924285025061	-38.4366303794197
			81.2320538946498	-38.4366303794197
			81.2716792867935	-38.4762557715634
			81.3113046789373	-38.4762557715634
			81.350930071081	-38.4762557715634
			81.3905554632247	-38.4762557715634
			81.4301808553685	-38.4762557715634
			81.4698062475122	-38.5158811637071
			81.5094316396559	-38.5158811637071
			81.5490570317997	-38.5158811637071
			81.5886824239434	-38.5158811637071
			81.6283078160871	-38.5555065558509
			81.6679332082308	-38.5555065558509
			81.7075586003746	-38.5555065558509
			81.7471839925183	-38.5555065558509
			81.786809384662	-38.5951319479946
			81.8264347768058	-38.5951319479946
			81.8660601689495	-38.5951319479946
			81.9056855610932	-38.5951319479946
			81.945310953237	-38.6347573401383
			81.9849363453807	-38.6347573401383
			82.0245617375244	-38.6347573401383
			82.0641871296682	-38.6347573401383
			82.1038125218119	-38.6347573401383
			82.1434379139556	-38.6743827322821
			82.1830633060994	-38.6743827322821
			82.2226886982431	-38.6743827322821
			82.2623140903868	-38.6743827322821
			82.3019394825306	-38.7140081244258
			82.3415648746743	-38.7140081244258
			82.381190266818	-38.7140081244258
			82.4208156589618	-38.7140081244258
			82.4604410511055	-38.7536335165695
			82.5000664432492	-38.7536335165695
			82.5396918353929	-38.7536335165695
			82.5793172275367	-38.7536335165695
			82.6189426196804	-38.7932589087132
			82.6585680118241	-38.7932589087132
			82.6981934039679	-38.7932589087132
			82.7378187961116	-38.7932589087132
			82.7774441882553	-38.832884300857
			82.8170695803991	-38.832884300857
			82.8566949725428	-38.832884300857
			82.8963203646865	-38.832884300857
			82.9359457568303	-38.8725096930007
			82.975571148974	-38.8725096930007
			83.0151965411177	-38.8725096930007
			83.0548219332615	-38.8725096930007
			83.0944473254052	-38.9121350851444
			83.1340727175489	-38.9121350851444
			83.1736981096927	-38.9121350851444
			83.2133235018364	-38.9121350851444
			83.2133235018364	-38.9517604772882
			83.2529488939801	-38.9517604772882
			83.2925742861239	-38.9517604772882
			83.3321996782676	-38.9517604772882
			83.3718250704113	-38.9517604772882
			83.411450462555	-38.9913858694319
			83.4510758546988	-38.9913858694319
			83.4907012468425	-38.9913858694319
			83.5303266389862	-39.0310112615756
			83.56995203113	-39.0310112615756
			83.6095774232737	-39.0310112615756
			83.6492028154174	-39.0310112615756
			83.6888282075612	-39.0706366537194
			83.7284535997049	-39.0706366537194
			83.7680789918486	-39.0706366537194
			83.8077043839924	-39.1102620458631
			83.8473297761361	-39.1102620458631
			83.8869551682798	-39.1102620458631
			83.9265805604236	-39.1102620458631
			83.9662059525673	-39.1498874380068
			84.005831344711	-39.1498874380068
			84.0454567368547	-39.1895128301506
			84.0850821289985	-39.1895128301506
			84.1247075211422	-39.2291382222943
			84.1643329132859	-39.2291382222943
			84.2039583054297	-39.2291382222943
			84.2435836975734	-39.2291382222943
			84.2435836975734	-39.268763614438
			84.2832090897171	-39.268763614438
			84.3228344818609	-39.268763614438
			84.3624598740046	-39.3083890065818
			84.4020852661483	-39.3083890065818
			84.4417106582921	-39.3480143987255
			84.4813360504358	-39.3480143987255
			84.5209614425795	-39.3480143987255
			84.5605868347233	-39.3480143987255
			84.600212226867	-39.3876397908692
			84.6398376190107	-39.3876397908692
			84.6794630111545	-39.3876397908692
			84.7190884032982	-39.427265183013
			84.7587137954419	-39.427265183013
			84.7983391875857	-39.427265183013
			84.8379645797294	-39.4668905751567
			84.8775899718731	-39.4668905751567
			84.9172153640168	-39.4668905751567
			84.9568407561606	-39.4668905751567
			84.9964661483043	-39.5065159673004
			85.036091540448	-39.5065159673004
			85.0757169325918	-39.5065159673004
			85.1153423247355	-39.5065159673004
			85.1549677168792	-39.5461413594441
			85.194593109023	-39.5461413594441
			85.2342185011667	-39.5461413594441
			85.2738438933104	-39.5461413594441
			85.3134692854542	-39.5461413594441
			85.3530946775979	-39.5461413594441
			85.3927200697416	-39.5857667515879
			85.4323454618854	-39.5857667515879
			85.4719708540291	-39.5857667515879
			85.5115962461728	-39.5857667515879
			85.5512216383165	-39.5857667515879
			85.5908470304603	-39.5857667515879
			85.630472422604	-39.6253921437316
			85.6700978147477	-39.6253921437316
			85.7097232068915	-39.6253921437316
			85.7493485990352	-39.6253921437316
			85.7889739911789	-39.6253921437316
			85.8285993833227	-39.6650175358753
			85.8682247754664	-39.6650175358753
			85.9078501676101	-39.6650175358753
			85.9474755597539	-39.6650175358753
			85.9871009518976	-39.7046429280191
			86.0267263440413	-39.7046429280191
			86.0663517361851	-39.7046429280191
			86.1059771283288	-39.7442683201628
			86.1456025204725	-39.7442683201628
			86.1852279126163	-39.7442683201628
			86.22485330476	-39.7838937123065
			86.2644786969037	-39.7838937123065
			86.3041040890475	-39.8235191044503
			86.3437294811912	-39.8235191044503
		</Tail1>
		<End type=matrix rownames=FALSE colnames=FALSE nrow=156 ncol=2 as.numeric=TRUE >
			86.3437294811912	-39.8235191044503
			86.3833548733349	-39.8235191044503
			86.4229802654786	-39.863144496594
			86.4626056576224	-39.863144496594
			86.5022310497661	-39.9027698887377
			86.5418564419098	-39.9027698887377
			86.5814818340536	-39.9027698887377
			86.5814818340536	-39.9423952808815
			86.6211072261973	-39.9423952808815
			86.660732618341	-39.9423952808815
			86.660732618341	-39.9820206730252
			86.7003580104848	-39.9820206730252
			86.7399834026285	-39.9820206730252
			86.7796087947722	-40.0216460651689
			86.819234186916	-40.0216460651689
			86.8588595790597	-40.0612714573127
			86.8984849712034	-40.1008968494564
			86.9381103633472	-40.1008968494564
			86.9777357554909	-40.1008968494564
			86.9777357554909	-40.1405222416001
			87.0173611476346	-40.1405222416001
			87.0569865397784	-40.1405222416001
			87.0569865397784	-40.1801476337439
			87.0966119319221	-40.1801476337439
			87.1362373240658	-40.2197730258876
			87.1758627162096	-40.2197730258876
			87.2154881083533	-40.2593984180313
			87.255113500497	-40.2990238101751
			87.2947388926407	-40.2990238101751
			87.3343642847845	-40.3386492023188
			87.3739896769282	-40.3782745944625
			87.4136150690719	-40.4178999866062
			87.4532404612157	-40.4178999866062
			87.4532404612157	-40.45752537875
			87.4928658533594	-40.4971507708937
			87.5324912455031	-40.4971507708937
			87.5324912455031	-40.5367761630374
			87.5721166376469	-40.5764015551812
			87.6117420297906	-40.5764015551812
			87.6117420297906	-40.6160269473249
			87.6513674219343	-40.6556523394686
			87.6513674219343	-40.6952777316124
			87.6909928140781	-40.6952777316124
			87.6909928140781	-40.7349031237561
			87.6909928140781	-40.7745285158998
			87.7306182062218	-40.7745285158998
			87.7306182062218	-40.8141539080436
			87.7306182062218	-40.8537793001873
			87.6909928140781	-40.893404692331
			87.6909928140781	-40.9330300844748
			87.6909928140781	-40.9726554766185
			87.6513674219343	-41.0122808687622
			87.6513674219343	-41.051906260906
			87.6513674219343	-41.0915316530497
			87.6117420297906	-41.1311570451934
			87.6117420297906	-41.1707824373371
			87.6117420297906	-41.2104078294809
			87.6117420297906	-41.2500332216246
			87.5721166376469	-41.2896586137683
			87.5721166376469	-41.3292840059121
			87.5721166376469	-41.3689093980558
			87.5721166376469	-41.4085347901995
			87.5721166376469	-41.4481601823433
			87.5324912455031	-41.487785574487
			87.5324912455031	-41.5274109666307
			87.5324912455031	-41.5670363587745
			87.5324912455031	-41.6066617509182
			87.4928658533594	-41.6462871430619
			87.4928658533594	-41.6859125352057
			87.4928658533594	-41.7255379273494
			87.4928658533594	-41.7651633194931
			87.4928658533594	-41.8047887116369
			87.4928658533594	-41.8444141037806
			87.4532404612157	-41.8840394959243
			87.4532404612157	-41.923664888068
			87.4532404612157	-41.9632902802118
			87.4532404612157	-42.0029156723555
			87.4532404612157	-42.0425410644992
			87.4532404612157	-42.082166456643
			87.4532404612157	-42.1217918487867
			87.4532404612157	-42.1614172409304
			87.4532404612157	-42.2010426330742
			87.4532404612157	-42.2406680252179
			87.4532404612157	-42.2802934173616
			87.4532404612157	-42.3199188095054
			87.4532404612157	-42.3595442016491
			87.4532404612157	-42.3991695937928
			87.4532404612157	-42.4387949859366
			87.4532404612157	-42.4784203780803
			87.4532404612157	-42.518045770224
			87.4928658533594	-42.5576711623678
			87.4928658533594	-42.5972965545115
			87.4928658533594	-42.6369219466552
			87.5324912455031	-42.6765473387989
			87.5324912455031	-42.7161727309427
			87.5324912455031	-42.7557981230864
			87.5721166376469	-42.7954235152301
			87.5721166376469	-42.8350489073739
			87.5721166376469	-42.8746742995176
			87.5721166376469	-42.9142996916613
			87.5721166376469	-42.9539250838051
			87.5721166376469	-42.9935504759488
			87.5721166376469	-43.0331758680925
			87.5721166376469	-43.0728012602363
			87.5721166376469	-43.11242665238
			87.5324912455031	-43.1520520445237
			87.5324912455031	-43.1916774366675
			87.4928658533594	-43.2313028288112
			87.4928658533594	-43.2709282209549
			87.4532404612157	-43.3105536130987
			87.4136150690719	-43.3501790052424
			87.4136150690719	-43.3898043973861
			87.3739896769282	-43.4294297895298
			87.3343642847845	-43.4690551816736
			87.2947388926407	-43.4690551816736
			87.255113500497	-43.5086805738173
			87.2154881083533	-43.548305965961
			87.1758627162096	-43.548305965961
			87.1758627162096	-43.5879313581048
			87.1362373240658	-43.5879313581048
			87.0966119319221	-43.6275567502485
			87.0569865397784	-43.6275567502485
			87.0173611476346	-43.6275567502485
			86.9777357554909	-43.6671821423922
			86.9381103633472	-43.706807534536
			86.8984849712034	-43.706807534536
			86.8588595790597	-43.706807534536
			86.819234186916	-43.7464329266797
			86.7796087947722	-43.7464329266797
			86.7399834026285	-43.7464329266797
			86.7003580104848	-43.7860583188234
			86.660732618341	-43.7860583188234
			86.6211072261973	-43.7860583188234
			86.5814818340536	-43.8256837109672
			86.5418564419098	-43.8256837109672
			86.5022310497661	-43.8256837109672
			86.4626056576224	-43.8256837109672
			86.4229802654786	-43.8653091031109
			86.3833548733349	-43.8653091031109
			86.3437294811912	-43.8653091031109
			86.3041040890475	-43.9049344952546
			86.2644786969037	-43.9049344952546
			86.22485330476	-43.9049344952546
			86.1852279126163	-43.9049344952546
			86.1456025204725	-43.9049344952546
			86.1059771283288	-43.9445598873984
			86.0663517361851	-43.9445598873984
			86.0267263440413	-43.9445598873984
			85.9871009518976	-43.9445598873984
			85.9474755597539	-43.9445598873984
			85.9078501676101	-43.9445598873984
			85.8682247754664	-43.9445598873984
			85.8682247754664	-43.9841852795421
			85.8285993833227	-43.9841852795421
			85.7889739911789	-43.9841852795421
			85.7493485990352	-43.9841852795421
		</End>
		<Tail2 type=matrix rownames=FALSE colnames=FALSE nrow=184 ncol=2 as.numeric=TRUE >
			85.7493485990352	-43.9841852795421
			85.7097232068915	-43.9841852795421
			85.6700978147477	-43.9841852795421
			85.630472422604	-43.9841852795421
			85.5908470304603	-43.9841852795421
			85.5512216383165	-43.9841852795421
			85.5115962461728	-43.9841852795421
			85.4719708540291	-43.9445598873984
			85.4323454618854	-43.9445598873984
			85.3927200697416	-43.9445598873984
			85.3530946775979	-43.9445598873984
			85.3134692854542	-43.9445598873984
			85.2738438933104	-43.9445598873984
			85.2342185011667	-43.9445598873984
			85.194593109023	-43.9445598873984
			85.1549677168792	-43.9445598873984
			85.1153423247355	-43.9445598873984
			85.0757169325918	-43.9445598873984
			85.036091540448	-43.9445598873984
			84.9964661483043	-43.9445598873984
			84.9568407561606	-43.9445598873984
			84.9172153640168	-43.9445598873984
			84.8775899718731	-43.9445598873984
			84.8379645797294	-43.9445598873984
			84.7983391875857	-43.9445598873984
			84.7587137954419	-43.9445598873984
			84.7190884032982	-43.9445598873984
			84.6794630111545	-43.9049344952546
			84.6398376190107	-43.9049344952546
			84.600212226867	-43.9049344952546
			84.5605868347233	-43.9049344952546
			84.5209614425795	-43.9049344952546
			84.4813360504358	-43.9049344952546
			84.4417106582921	-43.9049344952546
			84.4020852661483	-43.9049344952546
			84.3624598740046	-43.9049344952546
			84.3228344818609	-43.9049344952546
			84.2832090897171	-43.9049344952546
			84.2435836975734	-43.9049344952546
			84.2039583054297	-43.9049344952546
			84.1643329132859	-43.9049344952546
			84.1247075211422	-43.9049344952546
			84.0850821289985	-43.9049344952546
			84.0454567368547	-43.9049344952546
			84.005831344711	-43.9049344952546
			83.9662059525673	-43.9049344952546
			83.9265805604236	-43.9049344952546
			83.8869551682798	-43.9049344952546
			83.8473297761361	-43.9049344952546
			83.8077043839924	-43.9049344952546
			83.7680789918486	-43.9049344952546
			83.7284535997049	-43.9049344952546
			83.6888282075612	-43.9049344952546
			83.6492028154174	-43.9049344952546
			83.6095774232737	-43.9049344952546
			83.56995203113	-43.9049344952546
			83.5303266389862	-43.9049344952546
			83.4907012468425	-43.9049344952546
			83.4510758546988	-43.9049344952546
			83.411450462555	-43.9049344952546
			83.3718250704113	-43.9445598873984
			83.3321996782676	-43.9445598873984
			83.2925742861239	-43.9445598873984
			83.2529488939801	-43.9445598873984
			83.2133235018364	-43.9445598873984
			83.1736981096927	-43.9445598873984
			83.1340727175489	-43.9445598873984
			83.0944473254052	-43.9445598873984
			83.0548219332615	-43.9445598873984
			83.0151965411177	-43.9445598873984
			82.975571148974	-43.9445598873984
			82.9359457568303	-43.9445598873984
			82.8963203646865	-43.9445598873984
			82.8566949725428	-43.9841852795421
			82.8170695803991	-43.9841852795421
			82.7774441882553	-43.9841852795421
			82.7378187961116	-43.9841852795421
			82.6981934039679	-43.9841852795421
			82.6585680118241	-43.9841852795421
			82.6189426196804	-43.9841852795421
			82.5793172275367	-43.9841852795421
			82.5396918353929	-43.9841852795421
			82.5000664432492	-43.9841852795421
			82.4604410511055	-43.9841852795421
			82.4208156589618	-43.9841852795421
			82.381190266818	-43.9841852795421
			82.3415648746743	-43.9841852795421
			82.3019394825306	-43.9841852795421
			82.2623140903868	-43.9841852795421
			82.2226886982431	-43.9841852795421
			82.1830633060994	-44.0238106716858
			82.1434379139556	-44.0238106716858
			82.1038125218119	-44.0238106716858
			82.0641871296682	-44.0238106716858
			82.0245617375244	-44.0238106716858
			81.9849363453807	-44.0238106716858
			81.945310953237	-44.0238106716858
			81.9056855610932	-44.0238106716858
			81.8660601689495	-44.0238106716858
			81.8264347768058	-44.0238106716858
			81.786809384662	-44.0238106716858
			81.7471839925183	-44.0238106716858
			81.7075586003746	-44.0238106716858
			81.6679332082308	-44.0238106716858
			81.6283078160871	-44.0238106716858
			81.5886824239434	-44.0238106716858
			81.5490570317997	-44.0238106716858
			81.5094316396559	-44.0238106716858
			81.4698062475122	-44.0238106716858
			81.4301808553685	-44.0238106716858
			81.3905554632247	-44.0238106716858
			81.350930071081	-44.0238106716858
			81.3113046789373	-44.0238106716858
			81.2716792867935	-44.0238106716858
			81.2320538946498	-44.0238106716858
			81.1924285025061	-43.9841852795421
			81.1528031103623	-43.9841852795421
			81.1131777182186	-43.9841852795421
			81.0735523260749	-43.9841852795421
			81.0339269339311	-43.9841852795421
			80.9943015417874	-43.9841852795421
			80.9546761496437	-43.9841852795421
			80.9150507575	-43.9841852795421
			80.8754253653562	-43.9841852795421
			80.8357999732125	-43.9841852795421
			80.7961745810688	-43.9445598873984
			80.756549188925	-43.9445598873984
			80.7169237967813	-43.9445598873984
			80.6772984046376	-43.9445598873984
			80.6376730124938	-43.9445598873984
			80.5980476203501	-43.9049344952546
			80.5584222282064	-43.9049344952546
			80.5187968360626	-43.9049344952546
			80.4791714439189	-43.9049344952546
			80.4395460517752	-43.9049344952546
			80.3999206596314	-43.9049344952546
			80.3602952674877	-43.9049344952546
			80.320669875344	-43.9049344952546
			80.2810444832002	-43.9049344952546
			80.2414190910565	-43.8653091031109
			80.2017936989128	-43.8653091031109
			80.162168306769	-43.8653091031109
			80.1225429146253	-43.8653091031109
			80.0829175224816	-43.8653091031109
			80.0432921303379	-43.8653091031109
			80.0036667381941	-43.8653091031109
			79.9640413460504	-43.8653091031109
			79.9244159539067	-43.8653091031109
			79.8847905617629	-43.8653091031109
			79.8451651696192	-43.8653091031109
			79.8055397774755	-43.8653091031109
			79.7659143853317	-43.8653091031109
			79.726288993188	-43.8653091031109
			79.6866636010443	-43.8653091031109
			79.6470382089005	-43.8653091031109
			79.6074128167568	-43.8653091031109
			79.5677874246131	-43.8653091031109
			79.5281620324693	-43.8653091031109
			79.4885366403256	-43.8653091031109
			79.4489112481819	-43.9049344952546
			79.4092858560382	-43.9049344952546
			79.3696604638944	-43.9049344952546
			79.3300350717507	-43.9049344952546
			79.290409679607	-43.9049344952546
			79.2507842874632	-43.9049344952546
			79.2111588953195	-43.9049344952546
			79.1715335031758	-43.9049344952546
			79.131908111032	-43.9049344952546
			79.0922827188883	-43.9445598873984
			79.0526573267446	-43.9445598873984
			79.0130319346008	-43.9445598873984
			78.9734065424571	-43.9445598873984
			78.9337811503134	-43.9445598873984
			78.8941557581696	-43.9445598873984
			78.8545303660259	-43.9841852795421
			78.8149049738822	-43.9841852795421
			78.7752795817384	-43.9841852795421
			78.7356541895947	-43.9841852795421
			78.696028797451	-44.0238106716858
			78.6564034053072	-44.0238106716858
			78.6167780131635	-44.0238106716858
			78.5771526210198	-44.0634360638296
			78.5375272288761	-44.0634360638296
			78.4979018367323	-44.0634360638296
		</Tail2>
		<AnalFin type=matrix rownames=FALSE colnames=FALSE nrow=55 ncol=2 as.numeric=TRUE >
			78.4979018367323	-44.0634360638296
			78.4582764445886	-44.0634360638296
			78.4186510524449	-44.1030614559733
			78.3790256603011	-44.1030614559733
			78.3394002681574	-44.1030614559733
			78.2997748760137	-44.142686848117
			78.2601494838699	-44.142686848117
			78.2205240917262	-44.1823122402607
			78.1808986995825	-44.1823122402607
			78.1412733074387	-44.1823122402607
			78.101647915295	-44.1823122402607
			78.0620225231513	-44.2219376324045
			78.0223971310076	-44.2219376324045
			77.9827717388638	-44.2615630245482
			77.9431463467201	-44.2615630245482
			77.9035209545764	-44.3011884166919
			77.8638955624326	-44.3011884166919
			77.8242701702889	-44.3408138088357
			77.7846447781452	-44.3408138088357
			77.7450193860014	-44.3408138088357
			77.7053939938577	-44.3804392009794
			77.665768601714	-44.3804392009794
			77.665768601714	-44.4200645931231
			77.6261432095702	-44.4200645931231
			77.5865178174265	-44.4596899852669
			77.5468924252828	-44.4596899852669
			77.507267033139	-44.4993153774106
			77.4676416409953	-44.4993153774106
			77.4280162488516	-44.5389407695543
			77.3883908567078	-44.5785661616981
			77.3487654645641	-44.5785661616981
			77.3091400724204	-44.6181915538418
			77.2695146802766	-44.6578169459855
			77.2298892881329	-44.6578169459855
			77.1902638959892	-44.6974423381293
			77.1506385038454	-44.737067730273
			77.1110131117017	-44.7766931224167
			77.071387719558	-44.8163185145605
			77.0317623274143	-44.8559439067042
			76.9921369352705	-44.8559439067042
			76.9525115431268	-44.8955692988479
			76.9128861509831	-44.9351946909917
			76.8732607588393	-44.9748200831354
			76.8336353666956	-45.0144454752791
			76.7940099745519	-45.0540708674228
			76.7543845824081	-45.0540708674228
			76.7147591902644	-45.0936962595666
			76.6751337981207	-45.1333216517103
			76.6355084059769	-45.172947043854
			76.5958830138332	-45.172947043854
			76.5562576216895	-45.2125724359978
			76.5166322295457	-45.2521978281415
			76.477006837402	-45.2521978281415
			76.4373814452583	-45.2918232202852
			76.3977560531145	-45.331448612429
		</AnalFin>
		<Pectfin type=matrix rownames=FALSE colnames=FALSE nrow=60 ncol=2 as.numeric=TRUE >
			64.7875161550012	-42.4784203780803
			64.8271415471449	-42.518045770224
			64.8271415471449	-42.5576711623678
			64.8667669392887	-42.5972965545115
			64.8667669392887	-42.6369219466552
			64.9063923314324	-42.6765473387989
			64.9063923314324	-42.7161727309427
			64.9460177235761	-42.7557981230864
			64.9460177235761	-42.7954235152301
			64.9460177235761	-42.8350489073739
			64.9856431157198	-42.8746742995176
			64.9856431157198	-42.9142996916613
			64.9856431157198	-42.9539250838051
			65.0252685078636	-42.9935504759488
			65.0252685078636	-43.0331758680925
			65.0252685078636	-43.0728012602363
			65.0252685078636	-43.11242665238
			65.0252685078636	-43.1520520445237
			65.0648939000073	-43.1520520445237
			65.0648939000073	-43.1916774366675
			65.0648939000073	-43.2313028288112
			65.0648939000073	-43.2709282209549
			65.0648939000073	-43.3105536130987
			65.0648939000073	-43.3501790052424
			65.0648939000073	-43.3898043973861
			65.0648939000073	-43.4294297895298
			65.0648939000073	-43.4690551816736
			65.0648939000073	-43.5086805738173
			65.0648939000073	-43.548305965961
			65.0648939000073	-43.5879313581048
			65.0648939000073	-43.6275567502485
			65.0648939000073	-43.6671821423922
			65.0648939000073	-43.706807534536
			65.0648939000073	-43.7464329266797
			65.0648939000073	-43.7860583188234
			65.0648939000073	-43.8256837109672
			65.0648939000073	-43.8653091031109
			65.0648939000073	-43.9049344952546
			65.0648939000073	-43.9445598873984
			65.0648939000073	-43.9841852795421
			65.0648939000073	-44.0238106716858
			65.0648939000073	-44.0634360638296
			65.0648939000073	-44.1030614559733
			65.0252685078636	-44.142686848117
			65.0252685078636	-44.1823122402607
			65.0252685078636	-44.2219376324045
			65.0252685078636	-44.2615630245482
			65.0252685078636	-44.3011884166919
			64.9856431157198	-44.3408138088357
			64.9856431157198	-44.3804392009794
			64.9856431157198	-44.4200645931231
			64.9856431157198	-44.4596899852669
			64.9460177235761	-44.4993153774106
			64.9460177235761	-44.5389407695543
			64.9460177235761	-44.5785661616981
			64.9063923314324	-44.6181915538418
			64.9063923314324	-44.6578169459855
			64.8667669392887	-44.6974423381293
			64.8667669392887	-44.737067730273
			64.8271415471449	-44.7766931224167
		</Pectfin>
		<Opercle type=matrix rownames=FALSE colnames=FALSE nrow=162 ncol=2 as.numeric=TRUE >
			64.7478907628575	-40.2197730258876
			64.7478907628575	-40.2593984180313
			64.7478907628575	-40.2990238101751
			64.7478907628575	-40.3386492023188
			64.7875161550012	-40.3782745944625
			64.7875161550012	-40.4178999866062
			64.7875161550012	-40.45752537875
			64.7875161550012	-40.4971507708937
			64.7875161550012	-40.5367761630374
			64.7875161550012	-40.5764015551812
			64.7478907628575	-40.6160269473249
			64.7478907628575	-40.6556523394686
			64.7478907628575	-40.6952777316124
			64.7478907628575	-40.7349031237561
			64.7478907628575	-40.7745285158998
			64.7478907628575	-40.8141539080436
			64.7478907628575	-40.8537793001873
			64.7082653707137	-40.893404692331
			64.7082653707137	-40.9330300844748
			64.7082653707137	-40.9726554766185
			64.7082653707137	-41.0122808687622
			64.66863997857	-41.051906260906
			64.66863997857	-41.0915316530497
			64.66863997857	-41.1311570451934
			64.66863997857	-41.1707824373371
			64.6290145864263	-41.2104078294809
			64.6290145864263	-41.2500332216246
			64.5893891942825	-41.2896586137683
			64.5893891942825	-41.3292840059121
			64.5893891942825	-41.3689093980558
			64.5497638021388	-41.4085347901995
			64.5497638021388	-41.4481601823433
			64.5497638021388	-41.487785574487
			64.5101384099951	-41.487785574487
			64.5101384099951	-41.5274109666307
			64.4705130178513	-41.5670363587745
			64.4705130178513	-41.6066617509182
			64.4705130178513	-41.6462871430619
			64.4308876257076	-41.6859125352057
			64.4308876257076	-41.7255379273494
			64.3912622335639	-41.7651633194931
			64.3516368414201	-41.8047887116369
			64.3516368414201	-41.8444141037806
			64.3516368414201	-41.8840394959243
			64.3120114492764	-41.923664888068
			64.3120114492764	-41.9632902802118
			64.2723860571327	-41.9632902802118
			64.2723860571327	-42.0029156723555
			64.2327606649889	-42.0425410644992
			64.2327606649889	-42.082166456643
			64.2327606649889	-42.1217918487867
			64.1931352728452	-42.1614172409304
			64.1931352728452	-42.2010426330742
			64.1535098807015	-42.2406680252179
			64.1138844885577	-42.2802934173616
			64.1138844885577	-42.3199188095054
			64.074259096414	-42.3595442016491
			64.074259096414	-42.3991695937928
			64.0346337042703	-42.4387949859366
			64.0346337042703	-42.4784203780803
			63.9950083121266	-42.518045770224
			63.9950083121266	-42.5576711623678
			63.9553829199828	-42.5972965545115
			63.9553829199828	-42.6369219466552
			63.9157575278391	-42.6765473387989
			63.9157575278391	-42.7161727309427
			63.8761321356954	-42.7557981230864
			63.8761321356954	-42.7954235152301
			63.8365067435516	-42.8350489073739
			63.8365067435516	-42.8746742995176
			63.7968813514079	-42.9142996916613
			63.7968813514079	-42.9539250838051
			63.7572559592642	-42.9935504759488
			63.7572559592642	-43.0331758680925
			63.7176305671204	-43.0728012602363
			63.6780051749767	-43.11242665238
			63.6780051749767	-43.1520520445237
			63.6780051749767	-43.1916774366675
			63.638379782833	-43.1916774366675
			63.638379782833	-43.2313028288112
			63.5987543906892	-43.2709282209549
			63.5591289985455	-43.3105536130987
			63.5195036064018	-43.3501790052424
			63.479878214258	-43.3898043973861
			63.4402528221143	-43.4294297895298
			63.4402528221143	-43.4690551816736
			63.4006274299706	-43.5086805738173
			63.3610020378269	-43.548305965961
			63.3213766456831	-43.548305965961
			63.2817512535394	-43.5879313581048
			63.2421258613957	-43.6275567502485
			63.2421258613957	-43.6671821423922
			63.2025004692519	-43.706807534536
			63.1628750771082	-43.706807534536
			63.1232496849645	-43.7464329266797
			63.0836242928207	-43.7860583188234
			63.043998900677	-43.8256837109672
			63.043998900677	-43.8653091031109
			63.0043735085333	-43.8653091031109
			62.9647481163895	-43.9049344952546
			62.9251227242458	-43.9445598873984
			62.8854973321021	-43.9841852795421
			62.8458719399583	-44.0238106716858
			62.8062465478146	-44.0634360638296
			62.7666211556709	-44.1030614559733
			62.7269957635271	-44.1030614559733
			62.6873703713834	-44.142686848117
			62.6477449792397	-44.1823122402607
			62.6081195870959	-44.2219376324045
			62.5684941949522	-44.2219376324045
			62.5288688028085	-44.2615630245482
			62.4892434106648	-44.3011884166919
			62.449618018521	-44.3408138088357
			62.4099926263773	-44.3408138088357
			62.3703672342336	-44.3804392009794
			62.3307418420898	-44.4200645931231
			62.2911164499461	-44.4200645931231
			62.2514910578024	-44.4596899852669
			62.2118656656586	-44.4993153774106
			62.1722402735149	-44.5389407695543
			62.1326148813712	-44.5389407695543
			62.0929894892274	-44.5389407695543
			62.0929894892274	-44.5785661616981
			62.0533640970837	-44.5785661616981
			62.01373870494	-44.6181915538418
			61.9741133127962	-44.6181915538418
			61.9344879206525	-44.6578169459855
			61.8948625285088	-44.6578169459855
			61.855237136365	-44.6974423381293
			61.8156117442213	-44.6974423381293
			61.7759863520776	-44.737067730273
			61.7363609599339	-44.737067730273
			61.6967355677901	-44.737067730273
			61.6571101756464	-44.737067730273
			61.6174847835027	-44.7766931224167
			61.5778593913589	-44.7766931224167
			61.5382339992152	-44.7766931224167
			61.4986086070715	-44.7766931224167
			61.4589832149277	-44.7766931224167
			61.419357822784	-44.7766931224167
			61.3797324306403	-44.8163185145605
			61.3401070384965	-44.8163185145605
			61.3004816463528	-44.8163185145605
			61.2608562542091	-44.8163185145605
			61.2212308620653	-44.8163185145605
			61.1816054699216	-44.8163185145605
			61.1419800777779	-44.8163185145605
			61.1023546856341	-44.8163185145605
			61.0627292934904	-44.8163185145605
			61.0231039013467	-44.7766931224167
			60.983478509203	-44.7766931224167
			60.9438531170592	-44.7766931224167
			60.9042277249155	-44.7766931224167
			60.8646023327718	-44.7766931224167
			60.824976940628	-44.7766931224167
			60.7853515484843	-44.7766931224167
			60.7457261563406	-44.737067730273
			60.7061007641968	-44.737067730273
			60.6664753720531	-44.737067730273
			60.6268499799094	-44.737067730273
			60.5872245877656	-44.6974423381293
			60.5475991956219	-44.6974423381293
		</Opercle>
		<Preopercle type=matrix rownames=FALSE colnames=FALSE nrow=94 ncol=2 as.numeric=TRUE >
			61.0627292934904	-41.051906260906
			61.0627292934904	-41.0915316530497
			61.0627292934904	-41.1311570451934
			61.0627292934904	-41.1707824373371
			61.0627292934904	-41.2104078294809
			61.0627292934904	-41.2500332216246
			61.0627292934904	-41.2896586137683
			61.0627292934904	-41.3292840059121
			61.0627292934904	-41.3689093980558
			61.0627292934904	-41.4085347901995
			61.0627292934904	-41.4481601823433
			61.0627292934904	-41.487785574487
			61.0627292934904	-41.5274109666307
			61.0627292934904	-41.5670363587745
			61.0627292934904	-41.6066617509182
			61.0627292934904	-41.6462871430619
			61.0627292934904	-41.6859125352057
			61.0231039013467	-41.6859125352057
			61.0231039013467	-41.7255379273494
			61.0231039013467	-41.7651633194931
			61.0231039013467	-41.8047887116369
			61.0231039013467	-41.8444141037806
			61.0231039013467	-41.8840394959243
			61.0231039013467	-41.923664888068
			61.0231039013467	-41.9632902802118
			61.0231039013467	-42.0029156723555
			61.0231039013467	-42.0425410644992
			61.0231039013467	-42.082166456643
			61.0231039013467	-42.1217918487867
			61.0231039013467	-42.1614172409304
			61.0231039013467	-42.2010426330742
			61.0231039013467	-42.2406680252179
			61.0231039013467	-42.2802934173616
			61.0231039013467	-42.3199188095054
			61.0231039013467	-42.3595442016491
			61.0231039013467	-42.3991695937928
			61.0231039013467	-42.4387949859366
			61.0231039013467	-42.4784203780803
			61.0231039013467	-42.518045770224
			60.983478509203	-42.5576711623678
			60.983478509203	-42.5972965545115
			60.983478509203	-42.6369219466552
			60.983478509203	-42.6765473387989
			60.983478509203	-42.7161727309427
			60.983478509203	-42.7557981230864
			60.983478509203	-42.7954235152301
			60.983478509203	-42.8350489073739
			60.983478509203	-42.8746742995176
			60.983478509203	-42.9142996916613
			60.983478509203	-42.9539250838051
			60.983478509203	-42.9935504759488
			60.983478509203	-43.0331758680925
			60.9438531170592	-43.0728012602363
			60.9438531170592	-43.11242665238
			60.9438531170592	-43.1520520445237
			60.9438531170592	-43.1916774366675
			60.9438531170592	-43.2313028288112
			60.9438531170592	-43.2709282209549
			60.9438531170592	-43.3105536130987
			60.9438531170592	-43.3501790052424
			60.9438531170592	-43.3898043973861
			60.9438531170592	-43.4294297895298
			60.9042277249155	-43.4690551816736
			60.9042277249155	-43.5086805738173
			60.9042277249155	-43.548305965961
			60.9042277249155	-43.5879313581048
			60.9042277249155	-43.6275567502485
			60.9042277249155	-43.6671821423922
			60.8646023327718	-43.706807534536
			60.8646023327718	-43.7464329266797
			60.8646023327718	-43.7860583188234
			60.8646023327718	-43.8256837109672
			60.8646023327718	-43.8653091031109
			60.824976940628	-43.9049344952546
			60.824976940628	-43.9445598873984
			60.824976940628	-43.9841852795421
			60.824976940628	-44.0238106716858
			60.7853515484843	-44.0634360638296
			60.7853515484843	-44.1030614559733
			60.7853515484843	-44.142686848117
			60.7853515484843	-44.1823122402607
			60.7457261563406	-44.2219376324045
			60.7457261563406	-44.2615630245482
			60.7061007641968	-44.3011884166919
			60.7061007641968	-44.3408138088357
			60.6664753720531	-44.3804392009794
			60.6664753720531	-44.4200645931231
			60.6664753720531	-44.4596899852669
			60.6268499799094	-44.4993153774106
			60.6268499799094	-44.5389407695543
			60.5872245877656	-44.5785661616981
			60.5872245877656	-44.6181915538418
			60.5475991956219	-44.6578169459855
			60.5475991956219	-44.6974423381293
		</Preopercle>
	</curves.scaled>
	<ruler.points type=matrix rownames=TRUE colnames=FALSE nrow=2 ncol=2 as.numeric=TRUE >
		Ruler point 1	1184	753
		Ruler point 2	1186	1394
	</ruler.points>
</shapes>

