<shapes type=list>
	<ruler.pixel type=vector names=FALSE length=1 as.numeric=TRUE >651.012288670498</ruler.pixel>
	<ruler.interval type=vector names=FALSE length=1 as.numeric=TRUE >25.4</ruler.interval>
	<scaling.units type=vector names=FALSE length=1 as.numeric=FALSE >mm</scaling.units>
	<scaling type=vector names=FALSE length=1 as.numeric=TRUE >0.0390161605887226</scaling>
	<landmarks.pixel type=matrix rownames=TRUE colnames=FALSE nrow=12 ncol=2 as.numeric=TRUE >
		LM1	1416	950
		LM2	1777	875
		LM3	2118	937
		LM4	2140	1026
		LM5	1950	1026
		LM6	1852	1068
		LM7	1601	1030
		LM8	1612	1059
		LM9	1571	960
		LM10	1527	1055
		LM11	1532	986
		LM12	1491	924
	</landmarks.pixel>
	<landmarks.scaled type=matrix rownames=TRUE colnames=FALSE nrow=12 ncol=2 as.numeric=TRUE >
		LM1	55.2468833936312	-37.0653525592865
		LM2	69.3317173661601	-34.1391405151323
		LM3	82.6362281269145	-36.5581424716331
		LM4	83.4945836598664	-40.0305807640294
		LM5	76.0815131480091	-40.0305807640294
		LM6	72.2579294103143	-41.6692595087558
		LM7	62.4648731025449	-40.1866454063843
		LM8	62.8940508690209	-41.3181140634572
		LM9	61.2943882848832	-37.4555141651737
		LM10	59.5776772189794	-41.1620494211024
		LM11	59.772758021923	-38.4699343404805
		LM12	58.1730954377854	-36.0509323839797
	</landmarks.scaled>
	<curves.control type=list>
		<Eye type=matrix rownames=FALSE colnames=FALSE nrow=9 ncol=2 as.numeric=TRUE >
			1491	924
			1520	934
			1509	977
			1494	997
			1470	990
			1434	968
			1453	938
			1469	921
			1491	924
		</Eye>
		<Head type=matrix rownames=FALSE colnames=FALSE nrow=11 ncol=2 as.numeric=TRUE >
			1416	950
			1473	913
			1499	912
			1555	893
			1593	892
			1602	893
			1610	888
			1695	884
			1760	875
			1768	875
			1777	875
		</Head>
		<Tail1 type=matrix rownames=FALSE colnames=FALSE nrow=9 ncol=2 as.numeric=TRUE >
			1777	875
			1816	883
			1856	894
			1910	915
			1964	926
			1982	929
			2007	928
			2053	938
			2118	937
		</Tail1>
		<End type=matrix rownames=FALSE colnames=FALSE nrow=5 ncol=2 as.numeric=TRUE >
			2118	937
			2169	942
			2161	971
			2168	1015
			2140	1026
		</End>
		<Tail2 type=matrix rownames=FALSE colnames=FALSE nrow=7 ncol=2 as.numeric=TRUE >
			2140	1026
			2106	1033
			2065	1020
			2031	1021
			1997	1019
			1973	1020
			1950	1026
		</Tail2>
		<AnalFin type=matrix rownames=FALSE colnames=FALSE nrow=5 ncol=2 as.numeric=TRUE >
			1950	1026
			1934	1035
			1917	1044
			1897	1063
			1852	1068
		</AnalFin>
		<Pectfin type=matrix rownames=FALSE colnames=FALSE nrow=5 ncol=2 as.numeric=TRUE >
			1601	1030
			1606	1035
			1610	1043
			1613	1052
			1612	1059
		</Pectfin>
		<Opercle type=matrix rownames=FALSE colnames=FALSE nrow=7 ncol=2 as.numeric=TRUE >
			1571	960
			1588	972
			1581	1012
			1571	1029
			1559	1051
			1541	1060
			1527	1055
		</Opercle>
		<Preopercle type=matrix rownames=FALSE colnames=FALSE nrow=5 ncol=2 as.numeric=TRUE >
			1532	986
			1530	1005
			1530	1022
			1528	1041
			1527	1055
		</Preopercle>
	</curves.control>
	<curves.pixel type=list>
		<Eye type=matrix rownames=FALSE colnames=FALSE nrow=200 ncol=2 as.numeric=TRUE >
			1491	924
			1492	924
			1493	925
			1494	925
			1495	926
			1496	926
			1497	927
			1498	927
			1499	928
			1500	928
			1501	929
			1501	930
			1502	930
			1503	931
			1504	932
			1505	933
			1506	934
			1506	935
			1507	936
			1508	937
			1508	938
			1509	939
			1509	940
			1510	941
			1510	942
			1510	943
			1510	944
			1511	944
			1511	945
			1511	946
			1511	947
			1511	948
			1512	949
			1512	950
			1512	951
			1512	952
			1512	953
			1512	954
			1512	955
			1512	956
			1512	957
			1512	958
			1512	959
			1512	960
			1512	961
			1512	962
			1512	963
			1512	964
			1511	964
			1511	965
			1511	966
			1511	967
			1511	968
			1511	969
			1511	970
			1510	971
			1510	972
			1510	973
			1510	974
			1510	975
			1509	976
			1509	977
			1508	978
			1508	979
			1507	980
			1506	980
			1505	981
			1505	982
			1504	983
			1503	983
			1502	984
			1502	985
			1501	985
			1500	986
			1499	987
			1498	987
			1497	988
			1496	989
			1495	989
			1494	990
			1493	990
			1492	990
			1491	991
			1490	991
			1489	991
			1488	991
			1487	991
			1486	992
			1485	992
			1484	992
			1483	992
			1482	992
			1481	992
			1480	992
			1479	992
			1478	992
			1477	991
			1476	991
			1475	991
			1474	991
			1473	991
			1472	990
			1471	990
			1470	990
			1469	989
			1468	989
			1467	988
			1466	988
			1465	987
			1465	986
			1464	986
			1463	985
			1462	985
			1461	984
			1460	983
			1459	982
			1458	981
			1457	980
			1456	980
			1456	979
			1455	978
			1454	977
			1453	976
			1453	975
			1452	974
			1451	973
			1451	972
			1450	971
			1449	970
			1449	969
			1449	968
			1448	968
			1448	967
			1448	966
			1447	965
			1447	964
			1447	963
			1447	962
			1447	961
			1447	960
			1446	959
			1446	958
			1446	957
			1447	956
			1447	955
			1447	954
			1447	953
			1447	952
			1447	951
			1448	950
			1448	949
			1448	948
			1449	947
			1449	946
			1449	945
			1450	944
			1450	943
			1451	942
			1451	941
			1452	940
			1452	939
			1453	938
			1454	937
			1455	936
			1456	935
			1457	934
			1458	933
			1459	932
			1460	931
			1461	931
			1462	930
			1463	930
			1464	929
			1465	928
			1466	928
			1467	927
			1468	927
			1469	927
			1470	926
			1471	926
			1472	925
			1473	925
			1474	925
			1475	925
			1476	924
			1477	924
			1478	924
			1479	924
			1480	924
			1481	924
			1482	924
			1483	924
			1484	924
			1485	924
			1486	924
			1487	924
			1488	924
			1489	924
			1490	924
			1491	924
		</Eye>
		<Head type=matrix rownames=FALSE colnames=FALSE nrow=365 ncol=2 as.numeric=TRUE >
			1416	950
			1417	949
			1418	949
			1419	948
			1420	948
			1421	947
			1422	946
			1423	945
			1424	945
			1425	944
			1426	944
			1427	943
			1428	942
			1429	942
			1430	941
			1431	940
			1432	940
			1433	940
			1433	939
			1434	939
			1435	938
			1436	937
			1437	937
			1438	936
			1439	936
			1440	935
			1441	935
			1442	934
			1443	933
			1444	933
			1445	932
			1446	932
			1447	931
			1448	931
			1449	930
			1450	930
			1451	929
			1452	929
			1453	928
			1454	928
			1455	927
			1456	926
			1457	926
			1458	925
			1459	925
			1460	924
			1461	924
			1462	924
			1463	923
			1464	922
			1465	922
			1466	922
			1467	921
			1468	921
			1469	920
			1470	920
			1471	919
			1472	919
			1473	919
			1474	918
			1475	918
			1476	917
			1477	917
			1478	917
			1479	916
			1480	916
			1481	916
			1482	915
			1483	915
			1484	915
			1485	914
			1486	914
			1487	914
			1488	914
			1489	913
			1490	913
			1491	913
			1492	913
			1493	913
			1494	913
			1495	912
			1496	912
			1497	912
			1498	912
			1499	912
			1500	912
			1501	911
			1502	911
			1503	911
			1504	910
			1505	910
			1506	910
			1507	909
			1508	909
			1509	909
			1510	908
			1511	908
			1512	908
			1513	907
			1514	907
			1515	907
			1516	906
			1517	906
			1518	906
			1519	906
			1520	905
			1521	905
			1522	905
			1523	904
			1524	904
			1525	904
			1526	904
			1527	903
			1528	903
			1529	903
			1530	903
			1531	902
			1532	902
			1533	902
			1534	901
			1535	901
			1536	901
			1537	901
			1538	900
			1539	900
			1540	900
			1541	900
			1542	900
			1542	899
			1543	899
			1544	899
			1545	899
			1546	898
			1547	898
			1548	898
			1549	898
			1550	898
			1551	897
			1552	897
			1553	897
			1554	897
			1555	897
			1556	896
			1557	896
			1558	896
			1559	896
			1560	896
			1561	895
			1562	895
			1563	895
			1564	895
			1565	895
			1566	895
			1567	894
			1568	894
			1569	894
			1570	894
			1571	894
			1572	894
			1573	894
			1574	893
			1575	893
			1576	893
			1577	893
			1578	893
			1579	893
			1580	893
			1581	893
			1582	893
			1583	893
			1584	892
			1585	892
			1586	892
			1587	892
			1588	892
			1589	892
			1590	892
			1591	892
			1592	892
			1593	892
			1594	892
			1595	892
			1596	892
			1597	892
			1598	892
			1599	892
			1600	892
			1601	892
			1602	891
			1603	891
			1604	891
			1605	890
			1606	890
			1607	890
			1608	889
			1609	889
			1610	888
			1611	888
			1612	888
			1613	888
			1614	888
			1615	888
			1616	888
			1617	888
			1618	888
			1619	888
			1620	888
			1620	887
			1621	887
			1622	887
			1623	887
			1624	887
			1625	887
			1626	887
			1627	887
			1628	887
			1629	887
			1630	887
			1631	887
			1632	887
			1633	887
			1634	887
			1635	887
			1636	887
			1637	887
			1638	887
			1639	886
			1640	886
			1641	886
			1642	886
			1643	886
			1644	886
			1645	886
			1646	886
			1647	886
			1648	886
			1649	886
			1650	886
			1651	886
			1652	886
			1653	886
			1654	886
			1655	885
			1656	885
			1657	885
			1658	885
			1659	885
			1660	885
			1661	885
			1662	885
			1663	885
			1664	885
			1665	885
			1666	885
			1667	885
			1668	885
			1669	884
			1670	884
			1671	884
			1672	884
			1673	884
			1674	884
			1675	884
			1676	884
			1677	884
			1678	884
			1679	884
			1680	884
			1681	883
			1682	883
			1683	883
			1684	883
			1685	883
			1686	883
			1687	883
			1688	883
			1689	883
			1690	883
			1691	883
			1692	883
			1693	883
			1694	882
			1695	882
			1696	882
			1697	882
			1698	882
			1699	882
			1700	882
			1701	882
			1702	882
			1703	882
			1704	881
			1705	881
			1706	881
			1707	881
			1708	881
			1709	881
			1710	881
			1711	881
			1712	881
			1713	881
			1714	881
			1715	880
			1716	880
			1717	880
			1718	880
			1719	880
			1720	880
			1721	880
			1722	880
			1723	880
			1724	879
			1725	879
			1726	879
			1727	879
			1728	879
			1729	879
			1730	879
			1731	879
			1732	879
			1733	878
			1734	878
			1735	878
			1736	878
			1737	878
			1738	878
			1739	878
			1740	878
			1741	877
			1742	877
			1743	877
			1744	877
			1745	877
			1746	877
			1747	877
			1748	877
			1749	877
			1750	876
			1751	876
			1752	876
			1753	876
			1754	876
			1755	876
			1756	876
			1757	875
			1758	875
			1759	875
			1760	875
			1761	875
			1762	875
			1763	875
			1764	875
			1765	875
			1766	875
			1767	875
			1768	875
			1769	875
			1770	875
			1771	875
			1772	875
			1773	875
			1774	875
			1775	875
			1776	875
			1777	875
		</Head>
		<Tail1 type=matrix rownames=FALSE colnames=FALSE nrow=345 ncol=2 as.numeric=TRUE >
			1777	875
			1778	875
			1779	875
			1780	876
			1781	876
			1782	876
			1783	876
			1784	876
			1785	877
			1786	877
			1787	877
			1788	877
			1789	878
			1790	878
			1791	878
			1792	878
			1793	878
			1794	879
			1795	879
			1796	879
			1797	879
			1798	879
			1799	880
			1800	880
			1801	880
			1802	881
			1803	881
			1804	881
			1805	881
			1806	881
			1807	882
			1808	882
			1809	882
			1810	882
			1811	883
			1812	883
			1813	883
			1814	883
			1815	883
			1816	884
			1817	884
			1818	884
			1819	884
			1820	885
			1821	885
			1822	885
			1823	885
			1824	886
			1825	886
			1826	886
			1827	886
			1828	887
			1829	887
			1830	887
			1831	887
			1832	888
			1833	888
			1834	888
			1835	888
			1836	889
			1837	889
			1838	889
			1839	889
			1840	890
			1841	890
			1842	890
			1843	890
			1844	891
			1845	891
			1846	891
			1847	891
			1847	892
			1848	892
			1849	892
			1850	892
			1851	893
			1852	893
			1853	893
			1854	894
			1855	894
			1856	894
			1857	894
			1858	895
			1859	895
			1860	895
			1860	896
			1861	896
			1862	896
			1863	897
			1864	897
			1865	898
			1866	898
			1867	898
			1868	899
			1869	899
			1870	899
			1871	900
			1872	900
			1873	900
			1874	901
			1875	901
			1876	901
			1877	902
			1878	902
			1879	902
			1880	903
			1881	903
			1882	903
			1883	904
			1884	904
			1885	905
			1886	905
			1887	905
			1888	906
			1889	906
			1890	906
			1891	907
			1892	907
			1893	907
			1894	908
			1895	908
			1896	908
			1897	909
			1898	909
			1899	909
			1900	910
			1901	910
			1902	910
			1903	910
			1904	911
			1905	911
			1906	911
			1907	912
			1908	912
			1909	912
			1910	913
			1911	913
			1912	913
			1913	913
			1914	914
			1915	914
			1916	914
			1917	915
			1918	915
			1919	915
			1920	915
			1921	916
			1922	916
			1923	916
			1924	916
			1925	917
			1926	917
			1927	917
			1928	918
			1929	918
			1930	918
			1931	918
			1932	919
			1933	919
			1934	919
			1935	919
			1936	920
			1937	920
			1938	920
			1939	920
			1940	921
			1941	921
			1942	921
			1943	921
			1944	922
			1945	922
			1946	922
			1947	922
			1948	923
			1949	923
			1950	923
			1951	923
			1952	923
			1953	924
			1954	924
			1955	924
			1956	924
			1957	925
			1958	925
			1959	925
			1960	925
			1961	925
			1962	926
			1963	926
			1964	926
			1965	926
			1966	926
			1967	927
			1968	927
			1969	927
			1970	927
			1971	927
			1972	927
			1973	927
			1974	927
			1975	927
			1976	928
			1977	928
			1978	928
			1979	928
			1980	928
			1981	928
			1982	928
			1983	928
			1984	928
			1985	928
			1986	928
			1987	928
			1988	928
			1989	928
			1990	928
			1991	928
			1992	928
			1993	928
			1994	928
			1995	928
			1996	928
			1997	928
			1998	928
			1999	928
			2000	928
			2001	928
			2002	928
			2003	928
			2004	928
			2005	928
			2006	928
			2007	928
			2008	928
			2009	928
			2010	929
			2011	929
			2012	929
			2013	929
			2014	930
			2015	930
			2016	930
			2017	930
			2018	930
			2019	930
			2020	931
			2021	931
			2022	931
			2023	931
			2024	931
			2025	931
			2026	932
			2027	932
			2028	932
			2029	932
			2030	932
			2031	932
			2032	932
			2033	933
			2034	933
			2035	933
			2036	933
			2037	933
			2038	933
			2039	933
			2040	933
			2041	934
			2042	934
			2043	934
			2044	934
			2045	934
			2046	934
			2047	934
			2048	934
			2049	934
			2050	935
			2051	935
			2052	935
			2053	935
			2054	935
			2055	935
			2056	935
			2057	935
			2058	935
			2059	935
			2060	935
			2061	935
			2061	936
			2062	936
			2063	936
			2064	936
			2065	936
			2066	936
			2067	936
			2068	936
			2069	936
			2070	936
			2071	936
			2072	936
			2073	936
			2074	936
			2075	936
			2076	936
			2077	936
			2078	936
			2079	937
			2080	937
			2081	937
			2082	937
			2083	937
			2084	937
			2085	937
			2086	937
			2087	937
			2088	937
			2089	937
			2090	937
			2091	937
			2092	937
			2093	937
			2094	937
			2095	937
			2096	937
			2097	937
			2098	937
			2099	937
			2100	937
			2101	937
			2102	937
			2103	937
			2104	937
			2105	937
			2106	937
			2107	937
			2108	937
			2109	937
			2110	937
			2111	937
			2112	937
			2113	937
			2114	937
			2115	937
			2116	937
			2117	937
			2118	937
		</Tail1>
		<End type=matrix rownames=FALSE colnames=FALSE nrow=126 ncol=2 as.numeric=TRUE >
			2118	937
			2119	937
			2120	937
			2121	937
			2122	937
			2123	938
			2124	938
			2125	938
			2126	938
			2127	938
			2128	938
			2129	939
			2130	939
			2131	939
			2132	939
			2133	939
			2134	940
			2135	940
			2136	940
			2137	940
			2138	940
			2139	941
			2140	941
			2141	941
			2142	942
			2143	942
			2144	942
			2145	943
			2146	943
			2147	944
			2148	944
			2149	945
			2150	945
			2151	946
			2152	946
			2152	947
			2153	947
			2154	948
			2155	948
			2155	949
			2156	949
			2156	950
			2157	951
			2158	951
			2158	952
			2159	952
			2159	953
			2159	954
			2160	954
			2160	955
			2161	956
			2161	957
			2161	958
			2162	959
			2162	960
			2162	961
			2162	962
			2162	963
			2162	964
			2162	965
			2162	966
			2162	967
			2162	968
			2161	969
			2161	970
			2161	971
			2161	972
			2161	973
			2161	974
			2162	975
			2162	976
			2162	977
			2162	978
			2162	979
			2162	980
			2162	981
			2162	982
			2162	983
			2162	984
			2162	985
			2162	986
			2162	987
			2162	988
			2162	989
			2162	990
			2162	991
			2162	992
			2162	993
			2162	994
			2162	995
			2162	996
			2162	997
			2162	998
			2161	999
			2161	1000
			2161	1001
			2161	1002
			2160	1003
			2160	1004
			2160	1005
			2159	1006
			2159	1007
			2159	1008
			2158	1009
			2158	1010
			2158	1011
			2157	1011
			2157	1012
			2156	1013
			2156	1014
			2155	1015
			2154	1016
			2153	1017
			2152	1018
			2151	1019
			2150	1020
			2149	1021
			2148	1022
			2147	1023
			2146	1023
			2145	1024
			2144	1024
			2143	1025
			2142	1025
			2141	1026
			2140	1026
		</End>
		<Tail2 type=matrix rownames=FALSE colnames=FALSE nrow=191 ncol=2 as.numeric=TRUE >
			2140	1026
			2139	1026
			2138	1026
			2137	1027
			2136	1027
			2135	1027
			2134	1027
			2133	1027
			2132	1027
			2131	1027
			2130	1028
			2129	1028
			2128	1028
			2127	1028
			2126	1028
			2125	1028
			2124	1028
			2123	1028
			2122	1028
			2121	1028
			2120	1028
			2119	1028
			2118	1028
			2117	1028
			2116	1028
			2115	1028
			2114	1028
			2113	1028
			2112	1028
			2111	1028
			2110	1028
			2109	1028
			2108	1028
			2107	1028
			2106	1028
			2105	1028
			2104	1028
			2103	1028
			2102	1028
			2101	1028
			2100	1028
			2099	1027
			2098	1027
			2097	1027
			2096	1027
			2095	1027
			2094	1027
			2093	1027
			2092	1026
			2091	1026
			2090	1026
			2089	1026
			2088	1026
			2087	1026
			2086	1025
			2085	1025
			2084	1025
			2083	1025
			2082	1025
			2081	1024
			2080	1024
			2079	1024
			2078	1024
			2077	1023
			2076	1023
			2075	1023
			2074	1023
			2073	1022
			2072	1022
			2071	1022
			2070	1022
			2069	1021
			2068	1021
			2067	1020
			2066	1020
			2065	1020
			2064	1020
			2063	1020
			2062	1020
			2061	1020
			2060	1020
			2059	1020
			2058	1020
			2057	1020
			2056	1020
			2055	1020
			2054	1020
			2053	1020
			2052	1020
			2051	1020
			2050	1020
			2049	1020
			2048	1020
			2047	1020
			2046	1020
			2045	1020
			2044	1020
			2043	1020
			2042	1020
			2041	1020
			2040	1020
			2039	1020
			2038	1020
			2037	1020
			2036	1020
			2035	1020
			2034	1020
			2033	1020
			2032	1020
			2031	1020
			2030	1020
			2029	1020
			2028	1020
			2027	1020
			2026	1020
			2025	1020
			2024	1020
			2023	1020
			2022	1020
			2021	1020
			2020	1020
			2019	1020
			2018	1020
			2017	1020
			2016	1020
			2015	1020
			2014	1020
			2013	1020
			2012	1020
			2011	1020
			2010	1020
			2009	1020
			2008	1020
			2007	1020
			2006	1019
			2005	1019
			2004	1019
			2003	1019
			2002	1019
			2001	1019
			2000	1019
			1999	1019
			1998	1019
			1997	1019
			1996	1019
			1995	1019
			1994	1019
			1993	1019
			1992	1019
			1991	1019
			1990	1019
			1989	1019
			1988	1020
			1987	1020
			1986	1020
			1985	1020
			1984	1020
			1983	1020
			1982	1020
			1981	1020
			1980	1020
			1979	1020
			1978	1021
			1977	1021
			1976	1021
			1975	1021
			1974	1021
			1973	1021
			1972	1021
			1971	1022
			1970	1022
			1969	1022
			1968	1022
			1967	1022
			1966	1022
			1965	1023
			1964	1023
			1963	1023
			1962	1023
			1961	1023
			1960	1024
			1959	1024
			1958	1024
			1957	1024
			1956	1024
			1955	1025
			1954	1025
			1953	1025
			1952	1025
			1951	1026
			1950	1026
		</Tail2>
		<AnalFin type=matrix rownames=FALSE colnames=FALSE nrow=105 ncol=2 as.numeric=TRUE >
			1950	1026
			1949	1026
			1949	1027
			1948	1027
			1947	1028
			1946	1028
			1945	1029
			1944	1029
			1943	1030
			1942	1030
			1942	1031
			1941	1031
			1940	1031
			1940	1032
			1939	1032
			1938	1033
			1937	1033
			1936	1034
			1935	1034
			1934	1035
			1933	1035
			1932	1036
			1931	1037
			1930	1037
			1929	1038
			1928	1038
			1927	1039
			1926	1039
			1925	1040
			1924	1040
			1923	1041
			1922	1041
			1922	1042
			1921	1042
			1920	1042
			1919	1043
			1918	1043
			1918	1044
			1917	1044
			1916	1045
			1915	1046
			1914	1047
			1913	1047
			1912	1048
			1911	1049
			1910	1050
			1909	1051
			1908	1051
			1907	1052
			1906	1052
			1905	1053
			1904	1054
			1903	1054
			1902	1054
			1901	1055
			1900	1055
			1899	1056
			1898	1056
			1897	1057
			1896	1057
			1895	1058
			1894	1058
			1893	1059
			1892	1059
			1891	1059
			1890	1060
			1889	1060
			1888	1061
			1887	1061
			1886	1061
			1885	1061
			1884	1062
			1883	1062
			1882	1062
			1881	1063
			1880	1063
			1879	1063
			1878	1063
			1877	1064
			1876	1064
			1875	1064
			1874	1064
			1873	1065
			1872	1065
			1871	1065
			1870	1065
			1869	1066
			1868	1066
			1867	1066
			1866	1066
			1865	1066
			1864	1066
			1863	1066
			1863	1067
			1862	1067
			1861	1067
			1860	1067
			1859	1067
			1858	1067
			1857	1067
			1856	1067
			1855	1068
			1854	1068
			1853	1068
			1852	1068
		</AnalFin>
		<Pectfin type=matrix rownames=FALSE colnames=FALSE nrow=31 ncol=2 as.numeric=TRUE >
			1601	1030
			1602	1031
			1603	1032
			1604	1033
			1605	1034
			1605	1035
			1606	1036
			1607	1037
			1607	1038
			1608	1039
			1609	1040
			1609	1041
			1609	1042
			1610	1042
			1610	1043
			1610	1044
			1611	1045
			1611	1046
			1611	1047
			1611	1048
			1612	1049
			1612	1050
			1612	1051
			1612	1052
			1612	1053
			1612	1054
			1612	1055
			1612	1056
			1612	1057
			1612	1058
			1612	1059
		</Pectfin>
		<Opercle type=matrix rownames=FALSE colnames=FALSE nrow=131 ncol=2 as.numeric=TRUE >
			1571	960
			1572	961
			1573	962
			1574	963
			1575	963
			1576	964
			1576	965
			1577	966
			1578	967
			1578	968
			1579	969
			1579	970
			1580	971
			1580	972
			1580	973
			1581	974
			1581	975
			1581	976
			1582	977
			1582	978
			1582	979
			1582	980
			1582	981
			1583	982
			1583	983
			1583	984
			1583	985
			1583	986
			1583	987
			1583	988
			1583	989
			1583	990
			1583	991
			1583	992
			1583	993
			1583	994
			1583	995
			1583	996
			1583	997
			1583	998
			1583	999
			1583	1000
			1583	1001
			1582	1002
			1582	1003
			1582	1004
			1582	1005
			1582	1006
			1582	1007
			1582	1008
			1582	1009
			1581	1010
			1581	1011
			1581	1012
			1581	1013
			1580	1013
			1580	1014
			1579	1015
			1579	1016
			1578	1017
			1578	1018
			1577	1018
			1577	1019
			1576	1020
			1576	1021
			1575	1022
			1575	1023
			1574	1024
			1574	1025
			1573	1026
			1573	1027
			1572	1028
			1571	1029
			1571	1030
			1570	1031
			1569	1032
			1569	1033
			1568	1034
			1568	1035
			1567	1036
			1567	1037
			1566	1038
			1566	1039
			1565	1039
			1565	1040
			1564	1041
			1564	1042
			1563	1043
			1563	1044
			1562	1045
			1562	1046
			1561	1046
			1561	1047
			1561	1048
			1560	1049
			1560	1050
			1559	1051
			1558	1051
			1558	1052
			1557	1052
			1556	1052
			1555	1053
			1554	1053
			1553	1054
			1552	1054
			1551	1054
			1550	1055
			1549	1055
			1548	1055
			1547	1056
			1546	1056
			1545	1056
			1544	1056
			1543	1056
			1542	1057
			1541	1057
			1540	1057
			1539	1057
			1538	1057
			1537	1057
			1536	1057
			1535	1057
			1534	1057
			1533	1057
			1533	1056
			1532	1056
			1531	1056
			1530	1056
			1529	1056
			1528	1055
			1527	1055
		</Opercle>
		<Preopercle type=matrix rownames=FALSE colnames=FALSE nrow=70 ncol=2 as.numeric=TRUE >
			1532	986
			1532	987
			1532	988
			1532	989
			1532	990
			1531	991
			1531	992
			1531	993
			1531	994
			1531	995
			1531	996
			1531	997
			1531	998
			1531	999
			1531	1000
			1531	1001
			1531	1002
			1531	1003
			1531	1004
			1530	1005
			1530	1006
			1530	1007
			1530	1008
			1530	1009
			1530	1010
			1530	1011
			1530	1012
			1530	1013
			1530	1014
			1530	1015
			1530	1016
			1530	1017
			1530	1018
			1530	1019
			1530	1020
			1530	1021
			1530	1022
			1530	1023
			1530	1024
			1530	1025
			1530	1026
			1529	1027
			1529	1028
			1529	1029
			1529	1030
			1529	1031
			1529	1032
			1529	1033
			1529	1034
			1529	1035
			1529	1036
			1529	1037
			1528	1038
			1528	1039
			1528	1040
			1528	1041
			1528	1042
			1528	1043
			1528	1044
			1528	1045
			1528	1046
			1528	1047
			1528	1048
			1527	1049
			1527	1050
			1527	1051
			1527	1052
			1527	1053
			1527	1054
			1527	1055
		</Preopercle>
	</curves.pixel>
	<curves.scaled type=list>
		<Eye type=matrix rownames=FALSE colnames=FALSE nrow=200 ncol=2 as.numeric=TRUE >
			58.1730954377854	-36.0509323839797
			58.2121115983741	-36.0509323839797
			58.2511277589629	-36.0899485445684
			58.2901439195516	-36.0899485445684
			58.3291600801403	-36.1289647051571
			58.368176240729	-36.1289647051571
			58.4071924013178	-36.1679808657459
			58.4462085619065	-36.1679808657459
			58.4852247224952	-36.2069970263346
			58.5242408830839	-36.2069970263346
			58.5632570436726	-36.2460131869233
			58.5632570436726	-36.285029347512
			58.6022732042614	-36.285029347512
			58.6412893648501	-36.3240455081008
			58.6803055254388	-36.3630616686895
			58.7193216860275	-36.4020778292782
			58.7583378466163	-36.4410939898669
			58.7583378466163	-36.4801101504556
			58.797354007205	-36.5191263110444
			58.8363701677937	-36.5581424716331
			58.8363701677937	-36.5971586322218
			58.8753863283824	-36.6361747928105
			58.8753863283824	-36.6751909533993
			58.9144024889711	-36.714207113988
			58.9144024889711	-36.7532232745767
			58.9144024889711	-36.7922394351654
			58.9144024889711	-36.8312555957542
			58.9534186495599	-36.8312555957542
			58.9534186495599	-36.8702717563429
			58.9534186495599	-36.9092879169316
			58.9534186495599	-36.9483040775203
			58.9534186495599	-36.987320238109
			58.9924348101486	-37.0263363986978
			58.9924348101486	-37.0653525592865
			58.9924348101486	-37.1043687198752
			58.9924348101486	-37.1433848804639
			58.9924348101486	-37.1824010410526
			58.9924348101486	-37.2214172016414
			58.9924348101486	-37.2604333622301
			58.9924348101486	-37.2994495228188
			58.9924348101486	-37.3384656834075
			58.9924348101486	-37.3774818439963
			58.9924348101486	-37.416498004585
			58.9924348101486	-37.4555141651737
			58.9924348101486	-37.4945303257624
			58.9924348101486	-37.5335464863512
			58.9924348101486	-37.5725626469399
			58.9924348101486	-37.6115788075286
			58.9534186495599	-37.6115788075286
			58.9534186495599	-37.6505949681173
			58.9534186495599	-37.689611128706
			58.9534186495599	-37.7286272892948
			58.9534186495599	-37.7676434498835
			58.9534186495599	-37.8066596104722
			58.9534186495599	-37.8456757710609
			58.9144024889711	-37.8846919316497
			58.9144024889711	-37.9237080922384
			58.9144024889711	-37.9627242528271
			58.9144024889711	-38.0017404134158
			58.9144024889711	-38.0407565740045
			58.8753863283824	-38.0797727345933
			58.8753863283824	-38.118788895182
			58.8363701677937	-38.1578050557707
			58.8363701677937	-38.1968212163594
			58.797354007205	-38.2358373769482
			58.7583378466163	-38.2358373769482
			58.7193216860275	-38.2748535375369
			58.7193216860275	-38.3138696981256
			58.6803055254388	-38.3528858587143
			58.6412893648501	-38.3528858587143
			58.6022732042614	-38.3919020193031
			58.6022732042614	-38.4309181798918
			58.5632570436726	-38.4309181798918
			58.5242408830839	-38.4699343404805
			58.4852247224952	-38.5089505010692
			58.4462085619065	-38.5089505010692
			58.4071924013178	-38.5479666616579
			58.368176240729	-38.5869828222467
			58.3291600801403	-38.5869828222467
			58.2901439195516	-38.6259989828354
			58.2511277589629	-38.6259989828354
			58.2121115983741	-38.6259989828354
			58.1730954377854	-38.6650151434241
			58.1340792771967	-38.6650151434241
			58.095063116608	-38.6650151434241
			58.0560469560193	-38.6650151434241
			58.0170307954305	-38.6650151434241
			57.9780146348418	-38.7040313040128
			57.9389984742531	-38.7040313040128
			57.8999823136644	-38.7040313040128
			57.8609661530756	-38.7040313040128
			57.8219499924869	-38.7040313040128
			57.7829338318982	-38.7040313040128
			57.7439176713095	-38.7040313040128
			57.7049015107207	-38.7040313040128
			57.665885350132	-38.7040313040128
			57.6268691895433	-38.6650151434241
			57.5878530289546	-38.6650151434241
			57.5488368683659	-38.6650151434241
			57.5098207077771	-38.6650151434241
			57.4708045471884	-38.6650151434241
			57.4317883865997	-38.6259989828354
			57.392772226011	-38.6259989828354
			57.3537560654222	-38.6259989828354
			57.3147399048335	-38.5869828222467
			57.2757237442448	-38.5869828222467
			57.2367075836561	-38.5479666616579
			57.1976914230674	-38.5479666616579
			57.1586752624786	-38.5089505010692
			57.1586752624786	-38.4699343404805
			57.1196591018899	-38.4699343404805
			57.0806429413012	-38.4309181798918
			57.0416267807125	-38.4309181798918
			57.0026106201237	-38.3919020193031
			56.963594459535	-38.3528858587143
			56.9245782989463	-38.3138696981256
			56.8855621383576	-38.2748535375369
			56.8465459777688	-38.2358373769482
			56.8075298171801	-38.2358373769482
			56.8075298171801	-38.1968212163594
			56.7685136565914	-38.1578050557707
			56.7294974960027	-38.118788895182
			56.690481335414	-38.0797727345933
			56.690481335414	-38.0407565740045
			56.6514651748252	-38.0017404134158
			56.6124490142365	-37.9627242528271
			56.6124490142365	-37.9237080922384
			56.5734328536478	-37.8846919316497
			56.5344166930591	-37.8456757710609
			56.5344166930591	-37.8066596104722
			56.5344166930591	-37.7676434498835
			56.4954005324703	-37.7676434498835
			56.4954005324703	-37.7286272892948
			56.4954005324703	-37.689611128706
			56.4563843718816	-37.6505949681173
			56.4563843718816	-37.6115788075286
			56.4563843718816	-37.5725626469399
			56.4563843718816	-37.5335464863512
			56.4563843718816	-37.4945303257624
			56.4563843718816	-37.4555141651737
			56.4173682112929	-37.416498004585
			56.4173682112929	-37.3774818439963
			56.4173682112929	-37.3384656834075
			56.4563843718816	-37.2994495228188
			56.4563843718816	-37.2604333622301
			56.4563843718816	-37.2214172016414
			56.4563843718816	-37.1824010410526
			56.4563843718816	-37.1433848804639
			56.4563843718816	-37.1043687198752
			56.4954005324703	-37.0653525592865
			56.4954005324703	-37.0263363986978
			56.4954005324703	-36.987320238109
			56.5344166930591	-36.9483040775203
			56.5344166930591	-36.9092879169316
			56.5344166930591	-36.8702717563429
			56.5734328536478	-36.8312555957542
			56.5734328536478	-36.7922394351654
			56.6124490142365	-36.7532232745767
			56.6124490142365	-36.714207113988
			56.6514651748252	-36.6751909533993
			56.6514651748252	-36.6361747928105
			56.690481335414	-36.5971586322218
			56.7294974960027	-36.5581424716331
			56.7685136565914	-36.5191263110444
			56.8075298171801	-36.4801101504556
			56.8465459777688	-36.4410939898669
			56.8855621383576	-36.4020778292782
			56.9245782989463	-36.3630616686895
			56.963594459535	-36.3240455081008
			57.0026106201237	-36.3240455081008
			57.0416267807125	-36.285029347512
			57.0806429413012	-36.285029347512
			57.1196591018899	-36.2460131869233
			57.1586752624786	-36.2069970263346
			57.1976914230674	-36.2069970263346
			57.2367075836561	-36.1679808657459
			57.2757237442448	-36.1679808657459
			57.3147399048335	-36.1679808657459
			57.3537560654222	-36.1289647051571
			57.392772226011	-36.1289647051571
			57.4317883865997	-36.0899485445684
			57.4708045471884	-36.0899485445684
			57.5098207077771	-36.0899485445684
			57.5488368683659	-36.0899485445684
			57.5878530289546	-36.0509323839797
			57.6268691895433	-36.0509323839797
			57.665885350132	-36.0509323839797
			57.7049015107207	-36.0509323839797
			57.7439176713095	-36.0509323839797
			57.7829338318982	-36.0509323839797
			57.8219499924869	-36.0509323839797
			57.8609661530756	-36.0509323839797
			57.8999823136644	-36.0509323839797
			57.9389984742531	-36.0509323839797
			57.9780146348418	-36.0509323839797
			58.0170307954305	-36.0509323839797
			58.0560469560193	-36.0509323839797
			58.095063116608	-36.0509323839797
			58.1340792771967	-36.0509323839797
			58.1730954377854	-36.0509323839797
		</Eye>
		<Head type=matrix rownames=FALSE colnames=FALSE nrow=365 ncol=2 as.numeric=TRUE >
			55.2468833936312	-37.0653525592865
			55.2858995542199	-37.0263363986978
			55.3249157148087	-37.0263363986978
			55.3639318753974	-36.987320238109
			55.4029480359861	-36.987320238109
			55.4419641965748	-36.9483040775203
			55.4809803571636	-36.9092879169316
			55.5199965177523	-36.8702717563429
			55.559012678341	-36.8702717563429
			55.5980288389297	-36.8312555957542
			55.6370449995184	-36.8312555957542
			55.6760611601072	-36.7922394351654
			55.7150773206959	-36.7532232745767
			55.7540934812846	-36.7532232745767
			55.7931096418733	-36.714207113988
			55.8321258024621	-36.6751909533993
			55.8711419630508	-36.6751909533993
			55.9101581236395	-36.6751909533993
			55.9101581236395	-36.6361747928105
			55.9491742842282	-36.6361747928105
			55.988190444817	-36.5971586322218
			56.0272066054057	-36.5581424716331
			56.0662227659944	-36.5581424716331
			56.1052389265831	-36.5191263110444
			56.1442550871718	-36.5191263110444
			56.1832712477606	-36.4801101504556
			56.2222874083493	-36.4801101504556
			56.261303568938	-36.4410939898669
			56.3003197295267	-36.4020778292782
			56.3393358901155	-36.4020778292782
			56.3783520507042	-36.3630616686895
			56.4173682112929	-36.3630616686895
			56.4563843718816	-36.3240455081008
			56.4954005324703	-36.3240455081008
			56.5344166930591	-36.285029347512
			56.5734328536478	-36.285029347512
			56.6124490142365	-36.2460131869233
			56.6514651748252	-36.2460131869233
			56.690481335414	-36.2069970263346
			56.7294974960027	-36.2069970263346
			56.7685136565914	-36.1679808657459
			56.8075298171801	-36.1289647051571
			56.8465459777688	-36.1289647051571
			56.8855621383576	-36.0899485445684
			56.9245782989463	-36.0899485445684
			56.963594459535	-36.0509323839797
			57.0026106201237	-36.0509323839797
			57.0416267807125	-36.0509323839797
			57.0806429413012	-36.011916223391
			57.1196591018899	-35.9729000628022
			57.1586752624786	-35.9729000628022
			57.1976914230674	-35.9729000628022
			57.2367075836561	-35.9338839022135
			57.2757237442448	-35.9338839022135
			57.3147399048335	-35.8948677416248
			57.3537560654222	-35.8948677416248
			57.392772226011	-35.8558515810361
			57.4317883865997	-35.8558515810361
			57.4708045471884	-35.8558515810361
			57.5098207077771	-35.8168354204474
			57.5488368683659	-35.8168354204474
			57.5878530289546	-35.7778192598586
			57.6268691895433	-35.7778192598586
			57.665885350132	-35.7778192598586
			57.7049015107207	-35.7388030992699
			57.7439176713095	-35.7388030992699
			57.7829338318982	-35.7388030992699
			57.8219499924869	-35.6997869386812
			57.8609661530756	-35.6997869386812
			57.8999823136644	-35.6997869386812
			57.9389984742531	-35.6607707780925
			57.9780146348418	-35.6607707780925
			58.0170307954305	-35.6607707780925
			58.0560469560193	-35.6607707780925
			58.095063116608	-35.6217546175037
			58.1340792771967	-35.6217546175037
			58.1730954377854	-35.6217546175037
			58.2121115983741	-35.6217546175037
			58.2511277589629	-35.6217546175037
			58.2901439195516	-35.6217546175037
			58.3291600801403	-35.582738456915
			58.368176240729	-35.582738456915
			58.4071924013178	-35.582738456915
			58.4462085619065	-35.582738456915
			58.4852247224952	-35.582738456915
			58.5242408830839	-35.582738456915
			58.5632570436726	-35.5437222963263
			58.6022732042614	-35.5437222963263
			58.6412893648501	-35.5437222963263
			58.6803055254388	-35.5047061357376
			58.7193216860275	-35.5047061357376
			58.7583378466163	-35.5047061357376
			58.797354007205	-35.4656899751489
			58.8363701677937	-35.4656899751489
			58.8753863283824	-35.4656899751489
			58.9144024889711	-35.4266738145601
			58.9534186495599	-35.4266738145601
			58.9924348101486	-35.4266738145601
			59.0314509707373	-35.3876576539714
			59.070467131326	-35.3876576539714
			59.1094832919148	-35.3876576539714
			59.1484994525035	-35.3486414933827
			59.1875156130922	-35.3486414933827
			59.2265317736809	-35.3486414933827
			59.2655479342696	-35.3486414933827
			59.3045640948584	-35.309625332794
			59.3435802554471	-35.309625332794
			59.3825964160358	-35.309625332794
			59.4216125766245	-35.2706091722052
			59.4606287372133	-35.2706091722052
			59.499644897802	-35.2706091722052
			59.5386610583907	-35.2706091722052
			59.5776772189794	-35.2315930116165
			59.6166933795682	-35.2315930116165
			59.6557095401569	-35.2315930116165
			59.6947257007456	-35.2315930116165
			59.7337418613343	-35.1925768510278
			59.772758021923	-35.1925768510278
			59.8117741825118	-35.1925768510278
			59.8507903431005	-35.1535606904391
			59.8898065036892	-35.1535606904391
			59.9288226642779	-35.1535606904391
			59.9678388248667	-35.1535606904391
			60.0068549854554	-35.1145445298503
			60.0458711460441	-35.1145445298503
			60.0848873066328	-35.1145445298503
			60.1239034672215	-35.1145445298503
			60.1629196278103	-35.1145445298503
			60.1629196278103	-35.0755283692616
			60.201935788399	-35.0755283692616
			60.2409519489877	-35.0755283692616
			60.2799681095764	-35.0755283692616
			60.3189842701652	-35.0365122086729
			60.3580004307539	-35.0365122086729
			60.3970165913426	-35.0365122086729
			60.4360327519313	-35.0365122086729
			60.4750489125201	-35.0365122086729
			60.5140650731088	-34.9974960480842
			60.5530812336975	-34.9974960480842
			60.5920973942862	-34.9974960480842
			60.6311135548749	-34.9974960480842
			60.6701297154637	-34.9974960480842
			60.7091458760524	-34.9584798874955
			60.7481620366411	-34.9584798874955
			60.7871781972298	-34.9584798874955
			60.8261943578186	-34.9584798874955
			60.8652105184073	-34.9584798874955
			60.904226678996	-34.9194637269067
			60.9432428395847	-34.9194637269067
			60.9822590001734	-34.9194637269067
			61.0212751607622	-34.9194637269067
			61.0602913213509	-34.9194637269067
			61.0993074819396	-34.9194637269067
			61.1383236425283	-34.880447566318
			61.1773398031171	-34.880447566318
			61.2163559637058	-34.880447566318
			61.2553721242945	-34.880447566318
			61.2943882848832	-34.880447566318
			61.3334044454719	-34.880447566318
			61.3724206060607	-34.880447566318
			61.4114367666494	-34.8414314057293
			61.4504529272381	-34.8414314057293
			61.4894690878268	-34.8414314057293
			61.5284852484156	-34.8414314057293
			61.5675014090043	-34.8414314057293
			61.606517569593	-34.8414314057293
			61.6455337301817	-34.8414314057293
			61.6845498907705	-34.8414314057293
			61.7235660513592	-34.8414314057293
			61.7625822119479	-34.8414314057293
			61.8015983725366	-34.8024152451406
			61.8406145331253	-34.8024152451406
			61.8796306937141	-34.8024152451406
			61.9186468543028	-34.8024152451406
			61.9576630148915	-34.8024152451406
			61.9966791754802	-34.8024152451406
			62.035695336069	-34.8024152451406
			62.0747114966577	-34.8024152451406
			62.1137276572464	-34.8024152451406
			62.1527438178351	-34.8024152451406
			62.1917599784238	-34.8024152451406
			62.2307761390126	-34.8024152451406
			62.2697922996013	-34.8024152451406
			62.30880846019	-34.8024152451406
			62.3478246207787	-34.8024152451406
			62.3868407813675	-34.8024152451406
			62.4258569419562	-34.8024152451406
			62.4648731025449	-34.8024152451406
			62.5038892631336	-34.7633990845518
			62.5429054237224	-34.7633990845518
			62.5819215843111	-34.7633990845518
			62.6209377448998	-34.7243829239631
			62.6599539054885	-34.7243829239631
			62.6989700660772	-34.7243829239631
			62.737986226666	-34.6853667633744
			62.7770023872547	-34.6853667633744
			62.8160185478434	-34.6463506027857
			62.8550347084321	-34.6463506027857
			62.8940508690209	-34.6463506027857
			62.9330670296096	-34.6463506027857
			62.9720831901983	-34.6463506027857
			63.011099350787	-34.6463506027857
			63.0501155113757	-34.6463506027857
			63.0891316719645	-34.6463506027857
			63.1281478325532	-34.6463506027857
			63.1671639931419	-34.6463506027857
			63.2061801537306	-34.6463506027857
			63.2061801537306	-34.607334442197
			63.2451963143194	-34.607334442197
			63.2842124749081	-34.607334442197
			63.3232286354968	-34.607334442197
			63.3622447960855	-34.607334442197
			63.4012609566742	-34.607334442197
			63.440277117263	-34.607334442197
			63.4792932778517	-34.607334442197
			63.5183094384404	-34.607334442197
			63.5573255990291	-34.607334442197
			63.5963417596179	-34.607334442197
			63.6353579202066	-34.607334442197
			63.6743740807953	-34.607334442197
			63.713390241384	-34.607334442197
			63.7524064019727	-34.607334442197
			63.7914225625615	-34.607334442197
			63.8304387231502	-34.607334442197
			63.8694548837389	-34.607334442197
			63.9084710443276	-34.607334442197
			63.9474872049164	-34.5683182816082
			63.9865033655051	-34.5683182816082
			64.0255195260938	-34.5683182816082
			64.0645356866825	-34.5683182816082
			64.1035518472712	-34.5683182816082
			64.14256800786	-34.5683182816082
			64.1815841684487	-34.5683182816082
			64.2206003290374	-34.5683182816082
			64.2596164896261	-34.5683182816082
			64.2986326502149	-34.5683182816082
			64.3376488108036	-34.5683182816082
			64.3766649713923	-34.5683182816082
			64.415681131981	-34.5683182816082
			64.4546972925698	-34.5683182816082
			64.4937134531585	-34.5683182816082
			64.5327296137472	-34.5683182816082
			64.5717457743359	-34.5293021210195
			64.6107619349247	-34.5293021210195
			64.6497780955134	-34.5293021210195
			64.6887942561021	-34.5293021210195
			64.7278104166908	-34.5293021210195
			64.7668265772795	-34.5293021210195
			64.8058427378683	-34.5293021210195
			64.844858898457	-34.5293021210195
			64.8838750590457	-34.5293021210195
			64.9228912196344	-34.5293021210195
			64.9619073802232	-34.5293021210195
			65.0009235408119	-34.5293021210195
			65.0399397014006	-34.5293021210195
			65.0789558619893	-34.5293021210195
			65.117972022578	-34.4902859604308
			65.1569881831668	-34.4902859604308
			65.1960043437555	-34.4902859604308
			65.2350205043442	-34.4902859604308
			65.2740366649329	-34.4902859604308
			65.3130528255217	-34.4902859604308
			65.3520689861104	-34.4902859604308
			65.3910851466991	-34.4902859604308
			65.4301013072878	-34.4902859604308
			65.4691174678765	-34.4902859604308
			65.5081336284653	-34.4902859604308
			65.547149789054	-34.4902859604308
			65.5861659496427	-34.4512697998421
			65.6251821102314	-34.4512697998421
			65.6641982708202	-34.4512697998421
			65.7032144314089	-34.4512697998421
			65.7422305919976	-34.4512697998421
			65.7812467525863	-34.4512697998421
			65.820262913175	-34.4512697998421
			65.8592790737638	-34.4512697998421
			65.8982952343525	-34.4512697998421
			65.9373113949412	-34.4512697998421
			65.9763275555299	-34.4512697998421
			66.0153437161187	-34.4512697998421
			66.0543598767074	-34.4512697998421
			66.0933760372961	-34.4122536392533
			66.1323921978848	-34.4122536392533
			66.1714083584736	-34.4122536392533
			66.2104245190623	-34.4122536392533
			66.249440679651	-34.4122536392533
			66.2884568402397	-34.4122536392533
			66.3274730008284	-34.4122536392533
			66.3664891614172	-34.4122536392533
			66.4055053220059	-34.4122536392533
			66.4445214825946	-34.4122536392533
			66.4835376431833	-34.3732374786646
			66.5225538037721	-34.3732374786646
			66.5615699643608	-34.3732374786646
			66.6005861249495	-34.3732374786646
			66.6396022855382	-34.3732374786646
			66.6786184461269	-34.3732374786646
			66.7176346067157	-34.3732374786646
			66.7566507673044	-34.3732374786646
			66.7956669278931	-34.3732374786646
			66.8346830884818	-34.3732374786646
			66.8736992490706	-34.3732374786646
			66.9127154096593	-34.3342213180759
			66.951731570248	-34.3342213180759
			66.9907477308367	-34.3342213180759
			67.0297638914254	-34.3342213180759
			67.0687800520142	-34.3342213180759
			67.1077962126029	-34.3342213180759
			67.1468123731916	-34.3342213180759
			67.1858285337803	-34.3342213180759
			67.2248446943691	-34.3342213180759
			67.2638608549578	-34.2952051574872
			67.3028770155465	-34.2952051574872
			67.3418931761352	-34.2952051574872
			67.380909336724	-34.2952051574872
			67.4199254973127	-34.2952051574872
			67.4589416579014	-34.2952051574872
			67.4979578184901	-34.2952051574872
			67.5369739790788	-34.2952051574872
			67.5759901396676	-34.2952051574872
			67.6150063002563	-34.2561889968985
			67.654022460845	-34.2561889968985
			67.6930386214337	-34.2561889968985
			67.7320547820225	-34.2561889968985
			67.7710709426112	-34.2561889968985
			67.8100871031999	-34.2561889968985
			67.8491032637886	-34.2561889968985
			67.8881194243774	-34.2561889968985
			67.9271355849661	-34.2171728363097
			67.9661517455548	-34.2171728363097
			68.0051679061435	-34.2171728363097
			68.0441840667322	-34.2171728363097
			68.083200227321	-34.2171728363097
			68.1222163879097	-34.2171728363097
			68.1612325484984	-34.2171728363097
			68.2002487090871	-34.2171728363097
			68.2392648696758	-34.2171728363097
			68.2782810302646	-34.178156675721
			68.3172971908533	-34.178156675721
			68.356313351442	-34.178156675721
			68.3953295120307	-34.178156675721
			68.4343456726195	-34.178156675721
			68.4733618332082	-34.178156675721
			68.5123779937969	-34.178156675721
			68.5513941543856	-34.1391405151323
			68.5904103149743	-34.1391405151323
			68.6294264755631	-34.1391405151323
			68.6684426361518	-34.1391405151323
			68.7074587967405	-34.1391405151323
			68.7464749573292	-34.1391405151323
			68.785491117918	-34.1391405151323
			68.8245072785067	-34.1391405151323
			68.8635234390954	-34.1391405151323
			68.9025395996841	-34.1391405151323
			68.9415557602729	-34.1391405151323
			68.9805719208616	-34.1391405151323
			69.0195880814503	-34.1391405151323
			69.058604242039	-34.1391405151323
			69.0976204026278	-34.1391405151323
			69.1366365632165	-34.1391405151323
			69.1756527238052	-34.1391405151323
			69.2146688843939	-34.1391405151323
			69.2536850449826	-34.1391405151323
			69.2927012055714	-34.1391405151323
			69.3317173661601	-34.1391405151323
		</Head>
		<Tail1 type=matrix rownames=FALSE colnames=FALSE nrow=345 ncol=2 as.numeric=TRUE >
			69.3317173661601	-34.1391405151323
			69.3707335267488	-34.1391405151323
			69.4097496873375	-34.1391405151323
			69.4487658479263	-34.178156675721
			69.487782008515	-34.178156675721
			69.5267981691037	-34.178156675721
			69.5658143296924	-34.178156675721
			69.6048304902811	-34.178156675721
			69.6438466508699	-34.2171728363097
			69.6828628114586	-34.2171728363097
			69.7218789720473	-34.2171728363097
			69.760895132636	-34.2171728363097
			69.7999112932248	-34.2561889968985
			69.8389274538135	-34.2561889968985
			69.8779436144022	-34.2561889968985
			69.9169597749909	-34.2561889968985
			69.9559759355796	-34.2561889968985
			69.9949920961684	-34.2952051574872
			70.0340082567571	-34.2952051574872
			70.0730244173458	-34.2952051574872
			70.1120405779345	-34.2952051574872
			70.1510567385233	-34.2952051574872
			70.190072899112	-34.3342213180759
			70.2290890597007	-34.3342213180759
			70.2681052202894	-34.3342213180759
			70.3071213808781	-34.3732374786646
			70.3461375414669	-34.3732374786646
			70.3851537020556	-34.3732374786646
			70.4241698626443	-34.3732374786646
			70.463186023233	-34.3732374786646
			70.5022021838218	-34.4122536392533
			70.5412183444105	-34.4122536392533
			70.5802345049992	-34.4122536392533
			70.6192506655879	-34.4122536392533
			70.6582668261767	-34.4512697998421
			70.6972829867654	-34.4512697998421
			70.7362991473541	-34.4512697998421
			70.7753153079428	-34.4512697998421
			70.8143314685315	-34.4512697998421
			70.8533476291203	-34.4902859604308
			70.892363789709	-34.4902859604308
			70.9313799502977	-34.4902859604308
			70.9703961108864	-34.4902859604308
			71.0094122714752	-34.5293021210195
			71.0484284320639	-34.5293021210195
			71.0874445926526	-34.5293021210195
			71.1264607532413	-34.5293021210195
			71.16547691383	-34.5683182816082
			71.2044930744188	-34.5683182816082
			71.2435092350075	-34.5683182816082
			71.2825253955962	-34.5683182816082
			71.3215415561849	-34.607334442197
			71.3605577167737	-34.607334442197
			71.3995738773624	-34.607334442197
			71.4385900379511	-34.607334442197
			71.4776061985398	-34.6463506027857
			71.5166223591285	-34.6463506027857
			71.5556385197173	-34.6463506027857
			71.594654680306	-34.6463506027857
			71.6336708408947	-34.6853667633744
			71.6726870014834	-34.6853667633744
			71.7117031620722	-34.6853667633744
			71.7507193226609	-34.6853667633744
			71.7897354832496	-34.7243829239631
			71.8287516438383	-34.7243829239631
			71.8677678044271	-34.7243829239631
			71.9067839650158	-34.7243829239631
			71.9458001256045	-34.7633990845518
			71.9848162861932	-34.7633990845518
			72.0238324467819	-34.7633990845518
			72.0628486073707	-34.7633990845518
			72.0628486073707	-34.8024152451406
			72.1018647679594	-34.8024152451406
			72.1408809285481	-34.8024152451406
			72.1798970891368	-34.8024152451406
			72.2189132497256	-34.8414314057293
			72.2579294103143	-34.8414314057293
			72.296945570903	-34.8414314057293
			72.3359617314917	-34.880447566318
			72.3749778920805	-34.880447566318
			72.4139940526692	-34.880447566318
			72.4530102132579	-34.880447566318
			72.4920263738466	-34.9194637269067
			72.5310425344353	-34.9194637269067
			72.5700586950241	-34.9194637269067
			72.5700586950241	-34.9584798874955
			72.6090748556128	-34.9584798874955
			72.6480910162015	-34.9584798874955
			72.6871071767902	-34.9974960480842
			72.726123337379	-34.9974960480842
			72.7651394979677	-35.0365122086729
			72.8041556585564	-35.0365122086729
			72.8431718191451	-35.0365122086729
			72.8821879797338	-35.0755283692616
			72.9212041403226	-35.0755283692616
			72.9602203009113	-35.0755283692616
			72.9992364615	-35.1145445298503
			73.0382526220887	-35.1145445298503
			73.0772687826775	-35.1145445298503
			73.1162849432662	-35.1535606904391
			73.1553011038549	-35.1535606904391
			73.1943172644436	-35.1535606904391
			73.2333334250323	-35.1925768510278
			73.2723495856211	-35.1925768510278
			73.3113657462098	-35.1925768510278
			73.3503819067985	-35.2315930116165
			73.3893980673872	-35.2315930116165
			73.428414227976	-35.2315930116165
			73.4674303885647	-35.2706091722052
			73.5064465491534	-35.2706091722052
			73.5454627097421	-35.309625332794
			73.5844788703309	-35.309625332794
			73.6234950309196	-35.309625332794
			73.6625111915083	-35.3486414933827
			73.701527352097	-35.3486414933827
			73.7405435126857	-35.3486414933827
			73.7795596732745	-35.3876576539714
			73.8185758338632	-35.3876576539714
			73.8575919944519	-35.3876576539714
			73.8966081550406	-35.4266738145601
			73.9356243156294	-35.4266738145601
			73.9746404762181	-35.4266738145601
			74.0136566368068	-35.4656899751489
			74.0526727973955	-35.4656899751489
			74.0916889579842	-35.4656899751489
			74.130705118573	-35.5047061357376
			74.1697212791617	-35.5047061357376
			74.2087374397504	-35.5047061357376
			74.2477536003391	-35.5047061357376
			74.2867697609279	-35.5437222963263
			74.3257859215166	-35.5437222963263
			74.3648020821053	-35.5437222963263
			74.403818242694	-35.582738456915
			74.4428344032827	-35.582738456915
			74.4818505638715	-35.582738456915
			74.5208667244602	-35.6217546175037
			74.5598828850489	-35.6217546175037
			74.5988990456376	-35.6217546175037
			74.6379152062264	-35.6217546175037
			74.6769313668151	-35.6607707780925
			74.7159475274038	-35.6607707780925
			74.7549636879925	-35.6607707780925
			74.7939798485812	-35.6997869386812
			74.83299600917	-35.6997869386812
			74.8720121697587	-35.6997869386812
			74.9110283303474	-35.6997869386812
			74.9500444909361	-35.7388030992699
			74.9890606515249	-35.7388030992699
			75.0280768121136	-35.7388030992699
			75.0670929727023	-35.7388030992699
			75.106109133291	-35.7778192598586
			75.1451252938798	-35.7778192598586
			75.1841414544685	-35.7778192598586
			75.2231576150572	-35.8168354204474
			75.2621737756459	-35.8168354204474
			75.3011899362346	-35.8168354204474
			75.3402060968234	-35.8168354204474
			75.3792222574121	-35.8558515810361
			75.4182384180008	-35.8558515810361
			75.4572545785895	-35.8558515810361
			75.4962707391783	-35.8558515810361
			75.535286899767	-35.8948677416248
			75.5743030603557	-35.8948677416248
			75.6133192209444	-35.8948677416248
			75.6523353815331	-35.8948677416248
			75.6913515421219	-35.9338839022135
			75.7303677027106	-35.9338839022135
			75.7693838632993	-35.9338839022135
			75.808400023888	-35.9338839022135
			75.8474161844768	-35.9729000628022
			75.8864323450655	-35.9729000628022
			75.9254485056542	-35.9729000628022
			75.9644646662429	-35.9729000628022
			76.0034808268316	-36.011916223391
			76.0424969874204	-36.011916223391
			76.0815131480091	-36.011916223391
			76.1205293085978	-36.011916223391
			76.1595454691865	-36.011916223391
			76.1985616297753	-36.0509323839797
			76.237577790364	-36.0509323839797
			76.2765939509527	-36.0509323839797
			76.3156101115414	-36.0509323839797
			76.3546262721301	-36.0899485445684
			76.3936424327189	-36.0899485445684
			76.4326585933076	-36.0899485445684
			76.4716747538963	-36.0899485445684
			76.510690914485	-36.0899485445684
			76.5497070750738	-36.1289647051571
			76.5887232356625	-36.1289647051571
			76.6277393962512	-36.1289647051571
			76.6667555568399	-36.1289647051571
			76.7057717174287	-36.1289647051571
			76.7447878780174	-36.1679808657459
			76.7838040386061	-36.1679808657459
			76.8228201991948	-36.1679808657459
			76.8618363597836	-36.1679808657459
			76.9008525203723	-36.1679808657459
			76.939868680961	-36.1679808657459
			76.9788848415497	-36.1679808657459
			77.0179010021384	-36.1679808657459
			77.0569171627272	-36.1679808657459
			77.0959333233159	-36.2069970263346
			77.1349494839046	-36.2069970263346
			77.1739656444933	-36.2069970263346
			77.2129818050821	-36.2069970263346
			77.2519979656708	-36.2069970263346
			77.2910141262595	-36.2069970263346
			77.3300302868482	-36.2069970263346
			77.3690464474369	-36.2069970263346
			77.4080626080257	-36.2069970263346
			77.4470787686144	-36.2069970263346
			77.4860949292031	-36.2069970263346
			77.5251110897918	-36.2069970263346
			77.5641272503806	-36.2069970263346
			77.6031434109693	-36.2069970263346
			77.642159571558	-36.2069970263346
			77.6811757321467	-36.2069970263346
			77.7201918927354	-36.2069970263346
			77.7592080533242	-36.2069970263346
			77.7982242139129	-36.2069970263346
			77.8372403745016	-36.2069970263346
			77.8762565350903	-36.2069970263346
			77.9152726956791	-36.2069970263346
			77.9542888562678	-36.2069970263346
			77.9933050168565	-36.2069970263346
			78.0323211774452	-36.2069970263346
			78.071337338034	-36.2069970263346
			78.1103534986227	-36.2069970263346
			78.1493696592114	-36.2069970263346
			78.1883858198001	-36.2069970263346
			78.2274019803888	-36.2069970263346
			78.2664181409776	-36.2069970263346
			78.3054343015663	-36.2069970263346
			78.344450462155	-36.2069970263346
			78.3834666227437	-36.2069970263346
			78.4224827833325	-36.2460131869233
			78.4614989439212	-36.2460131869233
			78.5005151045099	-36.2460131869233
			78.5395312650986	-36.2460131869233
			78.5785474256873	-36.285029347512
			78.6175635862761	-36.285029347512
			78.6565797468648	-36.285029347512
			78.6955959074535	-36.285029347512
			78.7346120680422	-36.285029347512
			78.773628228631	-36.285029347512
			78.8126443892197	-36.3240455081008
			78.8516605498084	-36.3240455081008
			78.8906767103971	-36.3240455081008
			78.9296928709858	-36.3240455081008
			78.9687090315746	-36.3240455081008
			79.0077251921633	-36.3240455081008
			79.046741352752	-36.3630616686895
			79.0857575133407	-36.3630616686895
			79.1247736739295	-36.3630616686895
			79.1637898345182	-36.3630616686895
			79.2028059951069	-36.3630616686895
			79.2418221556956	-36.3630616686895
			79.2808383162843	-36.3630616686895
			79.3198544768731	-36.4020778292782
			79.3588706374618	-36.4020778292782
			79.3978867980505	-36.4020778292782
			79.4369029586392	-36.4020778292782
			79.475919119228	-36.4020778292782
			79.5149352798167	-36.4020778292782
			79.5539514404054	-36.4020778292782
			79.5929676009941	-36.4020778292782
			79.6319837615829	-36.4410939898669
			79.6709999221716	-36.4410939898669
			79.7100160827603	-36.4410939898669
			79.749032243349	-36.4410939898669
			79.7880484039378	-36.4410939898669
			79.8270645645265	-36.4410939898669
			79.8660807251152	-36.4410939898669
			79.9050968857039	-36.4410939898669
			79.9441130462926	-36.4410939898669
			79.9831292068814	-36.4801101504556
			80.0221453674701	-36.4801101504556
			80.0611615280588	-36.4801101504556
			80.1001776886475	-36.4801101504556
			80.1391938492362	-36.4801101504556
			80.178210009825	-36.4801101504556
			80.2172261704137	-36.4801101504556
			80.2562423310024	-36.4801101504556
			80.2952584915911	-36.4801101504556
			80.3342746521799	-36.4801101504556
			80.3732908127686	-36.4801101504556
			80.4123069733573	-36.4801101504556
			80.4123069733573	-36.5191263110444
			80.451323133946	-36.5191263110444
			80.4903392945347	-36.5191263110444
			80.5293554551235	-36.5191263110444
			80.5683716157122	-36.5191263110444
			80.6073877763009	-36.5191263110444
			80.6464039368896	-36.5191263110444
			80.6854200974784	-36.5191263110444
			80.7244362580671	-36.5191263110444
			80.7634524186558	-36.5191263110444
			80.8024685792445	-36.5191263110444
			80.8414847398332	-36.5191263110444
			80.880500900422	-36.5191263110444
			80.9195170610107	-36.5191263110444
			80.9585332215994	-36.5191263110444
			80.9975493821881	-36.5191263110444
			81.0365655427769	-36.5191263110444
			81.0755817033656	-36.5191263110444
			81.1145978639543	-36.5581424716331
			81.153614024543	-36.5581424716331
			81.1926301851318	-36.5581424716331
			81.2316463457205	-36.5581424716331
			81.2706625063092	-36.5581424716331
			81.3096786668979	-36.5581424716331
			81.3486948274867	-36.5581424716331
			81.3877109880754	-36.5581424716331
			81.4267271486641	-36.5581424716331
			81.4657433092528	-36.5581424716331
			81.5047594698415	-36.5581424716331
			81.5437756304303	-36.5581424716331
			81.582791791019	-36.5581424716331
			81.6218079516077	-36.5581424716331
			81.6608241121964	-36.5581424716331
			81.6998402727852	-36.5581424716331
			81.7388564333739	-36.5581424716331
			81.7778725939626	-36.5581424716331
			81.8168887545513	-36.5581424716331
			81.85590491514	-36.5581424716331
			81.8949210757288	-36.5581424716331
			81.9339372363175	-36.5581424716331
			81.9729533969062	-36.5581424716331
			82.0119695574949	-36.5581424716331
			82.0509857180837	-36.5581424716331
			82.0900018786724	-36.5581424716331
			82.1290180392611	-36.5581424716331
			82.1680341998498	-36.5581424716331
			82.2070503604385	-36.5581424716331
			82.2460665210273	-36.5581424716331
			82.285082681616	-36.5581424716331
			82.3240988422047	-36.5581424716331
			82.3631150027934	-36.5581424716331
			82.4021311633822	-36.5581424716331
			82.4411473239709	-36.5581424716331
			82.4801634845596	-36.5581424716331
			82.5191796451483	-36.5581424716331
			82.5581958057371	-36.5581424716331
			82.5972119663258	-36.5581424716331
			82.6362281269145	-36.5581424716331
		</Tail1>
		<End type=matrix rownames=FALSE colnames=FALSE nrow=126 ncol=2 as.numeric=TRUE >
			82.6362281269145	-36.5581424716331
			82.6752442875032	-36.5581424716331
			82.7142604480919	-36.5581424716331
			82.7532766086807	-36.5581424716331
			82.7922927692694	-36.5581424716331
			82.8313089298581	-36.5971586322218
			82.8703250904468	-36.5971586322218
			82.9093412510356	-36.5971586322218
			82.9483574116243	-36.5971586322218
			82.987373572213	-36.5971586322218
			83.0263897328017	-36.5971586322218
			83.0654058933904	-36.6361747928105
			83.1044220539792	-36.6361747928105
			83.1434382145679	-36.6361747928105
			83.1824543751566	-36.6361747928105
			83.2214705357453	-36.6361747928105
			83.2604866963341	-36.6751909533993
			83.2995028569228	-36.6751909533993
			83.3385190175115	-36.6751909533993
			83.3775351781002	-36.6751909533993
			83.4165513386889	-36.6751909533993
			83.4555674992777	-36.714207113988
			83.4945836598664	-36.714207113988
			83.5335998204551	-36.714207113988
			83.5726159810438	-36.7532232745767
			83.6116321416326	-36.7532232745767
			83.6506483022213	-36.7532232745767
			83.68966446281	-36.7922394351654
			83.7286806233987	-36.7922394351654
			83.7676967839874	-36.8312555957542
			83.8067129445762	-36.8312555957542
			83.8457291051649	-36.8702717563429
			83.8847452657536	-36.8702717563429
			83.9237614263423	-36.9092879169316
			83.9627775869311	-36.9092879169316
			83.9627775869311	-36.9483040775203
			84.0017937475198	-36.9483040775203
			84.0408099081085	-36.987320238109
			84.0798260686972	-36.987320238109
			84.0798260686972	-37.0263363986978
			84.118842229286	-37.0263363986978
			84.118842229286	-37.0653525592865
			84.1578583898747	-37.1043687198752
			84.1968745504634	-37.1043687198752
			84.1968745504634	-37.1433848804639
			84.2358907110521	-37.1433848804639
			84.2358907110521	-37.1824010410526
			84.2358907110521	-37.2214172016414
			84.2749068716409	-37.2214172016414
			84.2749068716409	-37.2604333622301
			84.3139230322296	-37.2994495228188
			84.3139230322296	-37.3384656834075
			84.3139230322296	-37.3774818439963
			84.3529391928183	-37.416498004585
			84.3529391928183	-37.4555141651737
			84.3529391928183	-37.4945303257624
			84.3529391928183	-37.5335464863512
			84.3529391928183	-37.5725626469399
			84.3529391928183	-37.6115788075286
			84.3529391928183	-37.6505949681173
			84.3529391928183	-37.689611128706
			84.3529391928183	-37.7286272892948
			84.3529391928183	-37.7676434498835
			84.3139230322296	-37.8066596104722
			84.3139230322296	-37.8456757710609
			84.3139230322296	-37.8846919316497
			84.3139230322296	-37.9237080922384
			84.3139230322296	-37.9627242528271
			84.3139230322296	-38.0017404134158
			84.3529391928183	-38.0407565740045
			84.3529391928183	-38.0797727345933
			84.3529391928183	-38.118788895182
			84.3529391928183	-38.1578050557707
			84.3529391928183	-38.1968212163594
			84.3529391928183	-38.2358373769482
			84.3529391928183	-38.2748535375369
			84.3529391928183	-38.3138696981256
			84.3529391928183	-38.3528858587143
			84.3529391928183	-38.3919020193031
			84.3529391928183	-38.4309181798918
			84.3529391928183	-38.4699343404805
			84.3529391928183	-38.5089505010692
			84.3529391928183	-38.5479666616579
			84.3529391928183	-38.5869828222467
			84.3529391928183	-38.6259989828354
			84.3529391928183	-38.6650151434241
			84.3529391928183	-38.7040313040128
			84.3529391928183	-38.7430474646016
			84.3529391928183	-38.7820636251903
			84.3529391928183	-38.821079785779
			84.3529391928183	-38.8600959463677
			84.3529391928183	-38.8991121069564
			84.3529391928183	-38.9381282675452
			84.3139230322296	-38.9771444281339
			84.3139230322296	-39.0161605887226
			84.3139230322296	-39.0551767493113
			84.3139230322296	-39.0941929099001
			84.2749068716409	-39.1332090704888
			84.2749068716409	-39.1722252310775
			84.2749068716409	-39.2112413916662
			84.2358907110521	-39.250257552255
			84.2358907110521	-39.2892737128437
			84.2358907110521	-39.3282898734324
			84.1968745504634	-39.3673060340211
			84.1968745504634	-39.4063221946098
			84.1968745504634	-39.4453383551986
			84.1578583898747	-39.4453383551986
			84.1578583898747	-39.4843545157873
			84.118842229286	-39.523370676376
			84.118842229286	-39.5623868369647
			84.0798260686972	-39.6014029975534
			84.0408099081085	-39.6404191581422
			84.0017937475198	-39.6794353187309
			83.9627775869311	-39.7184514793196
			83.9237614263423	-39.7574676399083
			83.8847452657536	-39.7964838004971
			83.8457291051649	-39.8354999610858
			83.8067129445762	-39.8745161216745
			83.7676967839874	-39.9135322822632
			83.7286806233987	-39.9135322822632
			83.68966446281	-39.952548442852
			83.6506483022213	-39.952548442852
			83.6116321416326	-39.9915646034407
			83.5726159810438	-39.9915646034407
			83.5335998204551	-40.0305807640294
			83.4945836598664	-40.0305807640294
		</End>
		<Tail2 type=matrix rownames=FALSE colnames=FALSE nrow=191 ncol=2 as.numeric=TRUE >
			83.4945836598664	-40.0305807640294
			83.4555674992777	-40.0305807640294
			83.4165513386889	-40.0305807640294
			83.3775351781002	-40.0695969246181
			83.3385190175115	-40.0695969246181
			83.2995028569228	-40.0695969246181
			83.2604866963341	-40.0695969246181
			83.2214705357453	-40.0695969246181
			83.1824543751566	-40.0695969246181
			83.1434382145679	-40.0695969246181
			83.1044220539792	-40.1086130852068
			83.0654058933904	-40.1086130852068
			83.0263897328017	-40.1086130852068
			82.987373572213	-40.1086130852068
			82.9483574116243	-40.1086130852068
			82.9093412510356	-40.1086130852068
			82.8703250904468	-40.1086130852068
			82.8313089298581	-40.1086130852068
			82.7922927692694	-40.1086130852068
			82.7532766086807	-40.1086130852068
			82.7142604480919	-40.1086130852068
			82.6752442875032	-40.1086130852068
			82.6362281269145	-40.1086130852068
			82.5972119663258	-40.1086130852068
			82.5581958057371	-40.1086130852068
			82.5191796451483	-40.1086130852068
			82.4801634845596	-40.1086130852068
			82.4411473239709	-40.1086130852068
			82.4021311633822	-40.1086130852068
			82.3631150027934	-40.1086130852068
			82.3240988422047	-40.1086130852068
			82.285082681616	-40.1086130852068
			82.2460665210273	-40.1086130852068
			82.2070503604385	-40.1086130852068
			82.1680341998498	-40.1086130852068
			82.1290180392611	-40.1086130852068
			82.0900018786724	-40.1086130852068
			82.0509857180837	-40.1086130852068
			82.0119695574949	-40.1086130852068
			81.9729533969062	-40.1086130852068
			81.9339372363175	-40.1086130852068
			81.8949210757288	-40.0695969246181
			81.85590491514	-40.0695969246181
			81.8168887545513	-40.0695969246181
			81.7778725939626	-40.0695969246181
			81.7388564333739	-40.0695969246181
			81.6998402727852	-40.0695969246181
			81.6608241121964	-40.0695969246181
			81.6218079516077	-40.0305807640294
			81.582791791019	-40.0305807640294
			81.5437756304303	-40.0305807640294
			81.5047594698415	-40.0305807640294
			81.4657433092528	-40.0305807640294
			81.4267271486641	-40.0305807640294
			81.3877109880754	-39.9915646034407
			81.3486948274867	-39.9915646034407
			81.3096786668979	-39.9915646034407
			81.2706625063092	-39.9915646034407
			81.2316463457205	-39.9915646034407
			81.1926301851318	-39.952548442852
			81.153614024543	-39.952548442852
			81.1145978639543	-39.952548442852
			81.0755817033656	-39.952548442852
			81.0365655427769	-39.9135322822632
			80.9975493821881	-39.9135322822632
			80.9585332215994	-39.9135322822632
			80.9195170610107	-39.9135322822632
			80.880500900422	-39.8745161216745
			80.8414847398332	-39.8745161216745
			80.8024685792445	-39.8745161216745
			80.7634524186558	-39.8745161216745
			80.7244362580671	-39.8354999610858
			80.6854200974784	-39.8354999610858
			80.6464039368896	-39.7964838004971
			80.6073877763009	-39.7964838004971
			80.5683716157122	-39.7964838004971
			80.5293554551235	-39.7964838004971
			80.4903392945347	-39.7964838004971
			80.451323133946	-39.7964838004971
			80.4123069733573	-39.7964838004971
			80.3732908127686	-39.7964838004971
			80.3342746521799	-39.7964838004971
			80.2952584915911	-39.7964838004971
			80.2562423310024	-39.7964838004971
			80.2172261704137	-39.7964838004971
			80.178210009825	-39.7964838004971
			80.1391938492362	-39.7964838004971
			80.1001776886475	-39.7964838004971
			80.0611615280588	-39.7964838004971
			80.0221453674701	-39.7964838004971
			79.9831292068814	-39.7964838004971
			79.9441130462926	-39.7964838004971
			79.9050968857039	-39.7964838004971
			79.8660807251152	-39.7964838004971
			79.8270645645265	-39.7964838004971
			79.7880484039378	-39.7964838004971
			79.749032243349	-39.7964838004971
			79.7100160827603	-39.7964838004971
			79.6709999221716	-39.7964838004971
			79.6319837615829	-39.7964838004971
			79.5929676009941	-39.7964838004971
			79.5539514404054	-39.7964838004971
			79.5149352798167	-39.7964838004971
			79.475919119228	-39.7964838004971
			79.4369029586392	-39.7964838004971
			79.3978867980505	-39.7964838004971
			79.3588706374618	-39.7964838004971
			79.3198544768731	-39.7964838004971
			79.2808383162843	-39.7964838004971
			79.2418221556956	-39.7964838004971
			79.2028059951069	-39.7964838004971
			79.1637898345182	-39.7964838004971
			79.1247736739295	-39.7964838004971
			79.0857575133407	-39.7964838004971
			79.046741352752	-39.7964838004971
			79.0077251921633	-39.7964838004971
			78.9687090315746	-39.7964838004971
			78.9296928709858	-39.7964838004971
			78.8906767103971	-39.7964838004971
			78.8516605498084	-39.7964838004971
			78.8126443892197	-39.7964838004971
			78.773628228631	-39.7964838004971
			78.7346120680422	-39.7964838004971
			78.6955959074535	-39.7964838004971
			78.6565797468648	-39.7964838004971
			78.6175635862761	-39.7964838004971
			78.5785474256873	-39.7964838004971
			78.5395312650986	-39.7964838004971
			78.5005151045099	-39.7964838004971
			78.4614989439212	-39.7964838004971
			78.4224827833325	-39.7964838004971
			78.3834666227437	-39.7964838004971
			78.344450462155	-39.7964838004971
			78.3054343015663	-39.7964838004971
			78.2664181409776	-39.7574676399083
			78.2274019803888	-39.7574676399083
			78.1883858198001	-39.7574676399083
			78.1493696592114	-39.7574676399083
			78.1103534986227	-39.7574676399083
			78.071337338034	-39.7574676399083
			78.0323211774452	-39.7574676399083
			77.9933050168565	-39.7574676399083
			77.9542888562678	-39.7574676399083
			77.9152726956791	-39.7574676399083
			77.8762565350903	-39.7574676399083
			77.8372403745016	-39.7574676399083
			77.7982242139129	-39.7574676399083
			77.7592080533242	-39.7574676399083
			77.7201918927354	-39.7574676399083
			77.6811757321467	-39.7574676399083
			77.642159571558	-39.7574676399083
			77.6031434109693	-39.7574676399083
			77.5641272503806	-39.7964838004971
			77.5251110897918	-39.7964838004971
			77.4860949292031	-39.7964838004971
			77.4470787686144	-39.7964838004971
			77.4080626080257	-39.7964838004971
			77.3690464474369	-39.7964838004971
			77.3300302868482	-39.7964838004971
			77.2910141262595	-39.7964838004971
			77.2519979656708	-39.7964838004971
			77.2129818050821	-39.7964838004971
			77.1739656444933	-39.8354999610858
			77.1349494839046	-39.8354999610858
			77.0959333233159	-39.8354999610858
			77.0569171627272	-39.8354999610858
			77.0179010021384	-39.8354999610858
			76.9788848415497	-39.8354999610858
			76.939868680961	-39.8354999610858
			76.9008525203723	-39.8745161216745
			76.8618363597836	-39.8745161216745
			76.8228201991948	-39.8745161216745
			76.7838040386061	-39.8745161216745
			76.7447878780174	-39.8745161216745
			76.7057717174287	-39.8745161216745
			76.6667555568399	-39.9135322822632
			76.6277393962512	-39.9135322822632
			76.5887232356625	-39.9135322822632
			76.5497070750738	-39.9135322822632
			76.510690914485	-39.9135322822632
			76.4716747538963	-39.952548442852
			76.4326585933076	-39.952548442852
			76.3936424327189	-39.952548442852
			76.3546262721301	-39.952548442852
			76.3156101115414	-39.952548442852
			76.2765939509527	-39.9915646034407
			76.237577790364	-39.9915646034407
			76.1985616297753	-39.9915646034407
			76.1595454691865	-39.9915646034407
			76.1205293085978	-40.0305807640294
			76.0815131480091	-40.0305807640294
		</Tail2>
		<AnalFin type=matrix rownames=FALSE colnames=FALSE nrow=105 ncol=2 as.numeric=TRUE >
			76.0815131480091	-40.0305807640294
			76.0424969874204	-40.0305807640294
			76.0424969874204	-40.0695969246181
			76.0034808268316	-40.0695969246181
			75.9644646662429	-40.1086130852068
			75.9254485056542	-40.1086130852068
			75.8864323450655	-40.1476292457956
			75.8474161844768	-40.1476292457956
			75.808400023888	-40.1866454063843
			75.7693838632993	-40.1866454063843
			75.7693838632993	-40.225661566973
			75.7303677027106	-40.225661566973
			75.6913515421219	-40.225661566973
			75.6913515421219	-40.2646777275617
			75.6523353815331	-40.2646777275617
			75.6133192209444	-40.3036938881505
			75.5743030603557	-40.3036938881505
			75.535286899767	-40.3427100487392
			75.4962707391783	-40.3427100487392
			75.4572545785895	-40.3817262093279
			75.4182384180008	-40.3817262093279
			75.3792222574121	-40.4207423699166
			75.3402060968234	-40.4597585305053
			75.3011899362346	-40.4597585305053
			75.2621737756459	-40.4987746910941
			75.2231576150572	-40.4987746910941
			75.1841414544685	-40.5377908516828
			75.1451252938798	-40.5377908516828
			75.106109133291	-40.5768070122715
			75.0670929727023	-40.5768070122715
			75.0280768121136	-40.6158231728602
			74.9890606515249	-40.6158231728602
			74.9890606515249	-40.654839333449
			74.9500444909361	-40.654839333449
			74.9110283303474	-40.654839333449
			74.8720121697587	-40.6938554940377
			74.83299600917	-40.6938554940377
			74.83299600917	-40.7328716546264
			74.7939798485812	-40.7328716546264
			74.7549636879925	-40.7718878152151
			74.7159475274038	-40.8109039758039
			74.6769313668151	-40.8499201363926
			74.6379152062264	-40.8499201363926
			74.5988990456376	-40.8889362969813
			74.5598828850489	-40.92795245757
			74.5208667244602	-40.9669686181587
			74.4818505638715	-41.0059847787475
			74.4428344032827	-41.0059847787475
			74.403818242694	-41.0450009393362
			74.3648020821053	-41.0450009393362
			74.3257859215166	-41.0840170999249
			74.2867697609279	-41.1230332605136
			74.2477536003391	-41.1230332605136
			74.2087374397504	-41.1230332605136
			74.1697212791617	-41.1620494211024
			74.130705118573	-41.1620494211024
			74.0916889579842	-41.2010655816911
			74.0526727973955	-41.2010655816911
			74.0136566368068	-41.2400817422798
			73.9746404762181	-41.2400817422798
			73.9356243156294	-41.2790979028685
			73.8966081550406	-41.2790979028685
			73.8575919944519	-41.3181140634572
			73.8185758338632	-41.3181140634572
			73.7795596732745	-41.3181140634572
			73.7405435126857	-41.357130224046
			73.701527352097	-41.357130224046
			73.6625111915083	-41.3961463846347
			73.6234950309196	-41.3961463846347
			73.5844788703309	-41.3961463846347
			73.5454627097421	-41.3961463846347
			73.5064465491534	-41.4351625452234
			73.4674303885647	-41.4351625452234
			73.428414227976	-41.4351625452234
			73.3893980673872	-41.4741787058121
			73.3503819067985	-41.4741787058121
			73.3113657462098	-41.4741787058121
			73.2723495856211	-41.4741787058121
			73.2333334250323	-41.5131948664009
			73.1943172644436	-41.5131948664009
			73.1553011038549	-41.5131948664009
			73.1162849432662	-41.5131948664009
			73.0772687826775	-41.5522110269896
			73.0382526220887	-41.5522110269896
			72.9992364615	-41.5522110269896
			72.9602203009113	-41.5522110269896
			72.9212041403226	-41.5912271875783
			72.8821879797338	-41.5912271875783
			72.8431718191451	-41.5912271875783
			72.8041556585564	-41.5912271875783
			72.7651394979677	-41.5912271875783
			72.726123337379	-41.5912271875783
			72.6871071767902	-41.5912271875783
			72.6871071767902	-41.630243348167
			72.6480910162015	-41.630243348167
			72.6090748556128	-41.630243348167
			72.5700586950241	-41.630243348167
			72.5310425344353	-41.630243348167
			72.4920263738466	-41.630243348167
			72.4530102132579	-41.630243348167
			72.4139940526692	-41.630243348167
			72.3749778920805	-41.6692595087558
			72.3359617314917	-41.6692595087558
			72.296945570903	-41.6692595087558
			72.2579294103143	-41.6692595087558
		</AnalFin>
		<Pectfin type=matrix rownames=FALSE colnames=FALSE nrow=31 ncol=2 as.numeric=TRUE >
			62.4648731025449	-40.1866454063843
			62.5038892631336	-40.225661566973
			62.5429054237224	-40.2646777275617
			62.5819215843111	-40.3036938881505
			62.6209377448998	-40.3427100487392
			62.6209377448998	-40.3817262093279
			62.6599539054885	-40.4207423699166
			62.6989700660772	-40.4597585305053
			62.6989700660772	-40.4987746910941
			62.737986226666	-40.5377908516828
			62.7770023872547	-40.5768070122715
			62.7770023872547	-40.6158231728602
			62.7770023872547	-40.654839333449
			62.8160185478434	-40.654839333449
			62.8160185478434	-40.6938554940377
			62.8160185478434	-40.7328716546264
			62.8550347084321	-40.7718878152151
			62.8550347084321	-40.8109039758039
			62.8550347084321	-40.8499201363926
			62.8550347084321	-40.8889362969813
			62.8940508690209	-40.92795245757
			62.8940508690209	-40.9669686181587
			62.8940508690209	-41.0059847787475
			62.8940508690209	-41.0450009393362
			62.8940508690209	-41.0840170999249
			62.8940508690209	-41.1230332605136
			62.8940508690209	-41.1620494211024
			62.8940508690209	-41.2010655816911
			62.8940508690209	-41.2400817422798
			62.8940508690209	-41.2790979028685
			62.8940508690209	-41.3181140634572
		</Pectfin>
		<Opercle type=matrix rownames=FALSE colnames=FALSE nrow=131 ncol=2 as.numeric=TRUE >
			61.2943882848832	-37.4555141651737
			61.3334044454719	-37.4945303257624
			61.3724206060607	-37.5335464863512
			61.4114367666494	-37.5725626469399
			61.4504529272381	-37.5725626469399
			61.4894690878268	-37.6115788075286
			61.4894690878268	-37.6505949681173
			61.5284852484156	-37.689611128706
			61.5675014090043	-37.7286272892948
			61.5675014090043	-37.7676434498835
			61.606517569593	-37.8066596104722
			61.606517569593	-37.8456757710609
			61.6455337301817	-37.8846919316497
			61.6455337301817	-37.9237080922384
			61.6455337301817	-37.9627242528271
			61.6845498907705	-38.0017404134158
			61.6845498907705	-38.0407565740045
			61.6845498907705	-38.0797727345933
			61.7235660513592	-38.118788895182
			61.7235660513592	-38.1578050557707
			61.7235660513592	-38.1968212163594
			61.7235660513592	-38.2358373769482
			61.7235660513592	-38.2748535375369
			61.7625822119479	-38.3138696981256
			61.7625822119479	-38.3528858587143
			61.7625822119479	-38.3919020193031
			61.7625822119479	-38.4309181798918
			61.7625822119479	-38.4699343404805
			61.7625822119479	-38.5089505010692
			61.7625822119479	-38.5479666616579
			61.7625822119479	-38.5869828222467
			61.7625822119479	-38.6259989828354
			61.7625822119479	-38.6650151434241
			61.7625822119479	-38.7040313040128
			61.7625822119479	-38.7430474646016
			61.7625822119479	-38.7820636251903
			61.7625822119479	-38.821079785779
			61.7625822119479	-38.8600959463677
			61.7625822119479	-38.8991121069564
			61.7625822119479	-38.9381282675452
			61.7625822119479	-38.9771444281339
			61.7625822119479	-39.0161605887226
			61.7625822119479	-39.0551767493113
			61.7235660513592	-39.0941929099001
			61.7235660513592	-39.1332090704888
			61.7235660513592	-39.1722252310775
			61.7235660513592	-39.2112413916662
			61.7235660513592	-39.250257552255
			61.7235660513592	-39.2892737128437
			61.7235660513592	-39.3282898734324
			61.7235660513592	-39.3673060340211
			61.6845498907705	-39.4063221946098
			61.6845498907705	-39.4453383551986
			61.6845498907705	-39.4843545157873
			61.6845498907705	-39.523370676376
			61.6455337301817	-39.523370676376
			61.6455337301817	-39.5623868369647
			61.606517569593	-39.6014029975534
			61.606517569593	-39.6404191581422
			61.5675014090043	-39.6794353187309
			61.5675014090043	-39.7184514793196
			61.5284852484156	-39.7184514793196
			61.5284852484156	-39.7574676399083
			61.4894690878268	-39.7964838004971
			61.4894690878268	-39.8354999610858
			61.4504529272381	-39.8745161216745
			61.4504529272381	-39.9135322822632
			61.4114367666494	-39.952548442852
			61.4114367666494	-39.9915646034407
			61.3724206060607	-40.0305807640294
			61.3724206060607	-40.0695969246181
			61.3334044454719	-40.1086130852068
			61.2943882848832	-40.1476292457956
			61.2943882848832	-40.1866454063843
			61.2553721242945	-40.225661566973
			61.2163559637058	-40.2646777275617
			61.2163559637058	-40.3036938881505
			61.1773398031171	-40.3427100487392
			61.1773398031171	-40.3817262093279
			61.1383236425283	-40.4207423699166
			61.1383236425283	-40.4597585305053
			61.0993074819396	-40.4987746910941
			61.0993074819396	-40.5377908516828
			61.0602913213509	-40.5377908516828
			61.0602913213509	-40.5768070122715
			61.0212751607622	-40.6158231728602
			61.0212751607622	-40.654839333449
			60.9822590001734	-40.6938554940377
			60.9822590001734	-40.7328716546264
			60.9432428395847	-40.7718878152151
			60.9432428395847	-40.8109039758039
			60.904226678996	-40.8109039758039
			60.904226678996	-40.8499201363926
			60.904226678996	-40.8889362969813
			60.8652105184073	-40.92795245757
			60.8652105184073	-40.9669686181587
			60.8261943578186	-41.0059847787475
			60.7871781972298	-41.0059847787475
			60.7871781972298	-41.0450009393362
			60.7481620366411	-41.0450009393362
			60.7091458760524	-41.0450009393362
			60.6701297154637	-41.0840170999249
			60.6311135548749	-41.0840170999249
			60.5920973942862	-41.1230332605136
			60.5530812336975	-41.1230332605136
			60.5140650731088	-41.1230332605136
			60.4750489125201	-41.1620494211024
			60.4360327519313	-41.1620494211024
			60.3970165913426	-41.1620494211024
			60.3580004307539	-41.2010655816911
			60.3189842701652	-41.2010655816911
			60.2799681095764	-41.2010655816911
			60.2409519489877	-41.2010655816911
			60.201935788399	-41.2010655816911
			60.1629196278103	-41.2400817422798
			60.1239034672215	-41.2400817422798
			60.0848873066328	-41.2400817422798
			60.0458711460441	-41.2400817422798
			60.0068549854554	-41.2400817422798
			59.9678388248667	-41.2400817422798
			59.9288226642779	-41.2400817422798
			59.8898065036892	-41.2400817422798
			59.8507903431005	-41.2400817422798
			59.8117741825118	-41.2400817422798
			59.8117741825118	-41.2010655816911
			59.772758021923	-41.2010655816911
			59.7337418613343	-41.2010655816911
			59.6947257007456	-41.2010655816911
			59.6557095401569	-41.2010655816911
			59.6166933795682	-41.1620494211024
			59.5776772189794	-41.1620494211024
		</Opercle>
		<Preopercle type=matrix rownames=FALSE colnames=FALSE nrow=70 ncol=2 as.numeric=TRUE >
			59.772758021923	-38.4699343404805
			59.772758021923	-38.5089505010692
			59.772758021923	-38.5479666616579
			59.772758021923	-38.5869828222467
			59.772758021923	-38.6259989828354
			59.7337418613343	-38.6650151434241
			59.7337418613343	-38.7040313040128
			59.7337418613343	-38.7430474646016
			59.7337418613343	-38.7820636251903
			59.7337418613343	-38.821079785779
			59.7337418613343	-38.8600959463677
			59.7337418613343	-38.8991121069564
			59.7337418613343	-38.9381282675452
			59.7337418613343	-38.9771444281339
			59.7337418613343	-39.0161605887226
			59.7337418613343	-39.0551767493113
			59.7337418613343	-39.0941929099001
			59.7337418613343	-39.1332090704888
			59.7337418613343	-39.1722252310775
			59.6947257007456	-39.2112413916662
			59.6947257007456	-39.250257552255
			59.6947257007456	-39.2892737128437
			59.6947257007456	-39.3282898734324
			59.6947257007456	-39.3673060340211
			59.6947257007456	-39.4063221946098
			59.6947257007456	-39.4453383551986
			59.6947257007456	-39.4843545157873
			59.6947257007456	-39.523370676376
			59.6947257007456	-39.5623868369647
			59.6947257007456	-39.6014029975534
			59.6947257007456	-39.6404191581422
			59.6947257007456	-39.6794353187309
			59.6947257007456	-39.7184514793196
			59.6947257007456	-39.7574676399083
			59.6947257007456	-39.7964838004971
			59.6947257007456	-39.8354999610858
			59.6947257007456	-39.8745161216745
			59.6947257007456	-39.9135322822632
			59.6947257007456	-39.952548442852
			59.6947257007456	-39.9915646034407
			59.6947257007456	-40.0305807640294
			59.6557095401569	-40.0695969246181
			59.6557095401569	-40.1086130852068
			59.6557095401569	-40.1476292457956
			59.6557095401569	-40.1866454063843
			59.6557095401569	-40.225661566973
			59.6557095401569	-40.2646777275617
			59.6557095401569	-40.3036938881505
			59.6557095401569	-40.3427100487392
			59.6557095401569	-40.3817262093279
			59.6557095401569	-40.4207423699166
			59.6557095401569	-40.4597585305053
			59.6166933795682	-40.4987746910941
			59.6166933795682	-40.5377908516828
			59.6166933795682	-40.5768070122715
			59.6166933795682	-40.6158231728602
			59.6166933795682	-40.654839333449
			59.6166933795682	-40.6938554940377
			59.6166933795682	-40.7328716546264
			59.6166933795682	-40.7718878152151
			59.6166933795682	-40.8109039758039
			59.6166933795682	-40.8499201363926
			59.6166933795682	-40.8889362969813
			59.5776772189794	-40.92795245757
			59.5776772189794	-40.9669686181587
			59.5776772189794	-41.0059847787475
			59.5776772189794	-41.0450009393362
			59.5776772189794	-41.0840170999249
			59.5776772189794	-41.1230332605136
			59.5776772189794	-41.1620494211024
		</Preopercle>
	</curves.scaled>
	<ruler.points type=matrix rownames=TRUE colnames=FALSE nrow=2 ncol=2 as.numeric=TRUE >
		Ruler point 1	1258	847
		Ruler point 2	1262	1498
	</ruler.points>
</shapes>

