<shapes type=list>
	<ruler.interval type=vector names=FALSE length=1 as.numeric=TRUE >25.4</ruler.interval>
	<scaling.units type=vector names=FALSE length=1 as.numeric=FALSE >mm</scaling.units>
	<scaling type=vector names=FALSE length=1 as.numeric=TRUE >0.040835801761271</scaling>
	<landmarks.pixel type=matrix rownames=TRUE colnames=FALSE nrow=12 ncol=2 as.numeric=TRUE >
		LM1	1512	1160
		LM2	1870	1029
		LM3	2167	1083
		LM4	2192	1207
		LM5	2082	1221
		LM6	1993	1257
		LM7	1720	1214
		LM8	1733	1265
		LM9	1705	1150
		LM10	1616	1254
		LM11	1644	1163
		LM12	1603	1095
	</landmarks.pixel>
	<landmarks.scaled type=matrix rownames=TRUE colnames=FALSE nrow=12 ncol=2 as.numeric=TRUE >
		LM1	61.7437322630418	-47.3695300430744
		LM2	76.3629492935768	-42.0200400123479
		LM3	88.4911824166743	-44.2251733074565
		LM4	89.5120774607061	-49.2888127258541
		LM5	85.0201392669663	-49.8605139505119
		LM6	81.3857529102131	-51.3306028139177
		LM7	70.2375790293862	-49.574663338183
		LM8	70.7684444522827	-51.6572892280078
		LM9	69.6250420029671	-46.9611720254617
		LM10	65.990655646214	-51.2080954086339
		LM11	67.1340580955296	-47.4920374483582
		LM12	65.4597902233174	-44.7152029285918
	</landmarks.scaled>
	<curves.control type=list>
		<Eye type=matrix rownames=FALSE colnames=FALSE nrow=9 ncol=2 as.numeric=TRUE >
			1603	1095
			1640	1106
			1631	1148
			1596	1179
			1569	1169
			1548	1153
			1552	1132
			1561	1101
			1603	1095
		</Eye>
		<Head type=matrix rownames=FALSE colnames=FALSE nrow=11 ncol=2 as.numeric=TRUE >
			1512	1160
			1562	1098
			1601	1093
			1644	1078
			1684	1062
			1719	1052
			1751	1044
			1785	1036
			1825	1032
			1857	1027
			1870	1029
		</Head>
		<Tail1 type=matrix rownames=FALSE colnames=FALSE nrow=9 ncol=2 as.numeric=TRUE >
			1870	1029
			1902	1042
			1946	1056
			1984	1067
			2032	1078
			2091	1086
			2107	1082
			2132	1089
			2167	1083
		</Tail1>
		<End type=matrix rownames=FALSE colnames=FALSE nrow=7 ncol=2 as.numeric=TRUE >
			2167	1083
			2224	1083
			2222	1102
			2204	1139
			2224	1169
			2213	1205
			2192	1207
		</End>
		<Tail2 type=matrix rownames=FALSE colnames=FALSE nrow=5 ncol=2 as.numeric=TRUE >
			2192	1207
			2149	1206
			2118	1210
			2100	1214
			2082	1221
		</Tail2>
		<AnalFin type=matrix rownames=FALSE colnames=FALSE nrow=5 ncol=2 as.numeric=TRUE >
			2082	1221
			2052	1225
			2035	1233
			2009	1263
			1993	1257
		</AnalFin>
		<Pectfin type=matrix rownames=FALSE colnames=FALSE nrow=3 ncol=2 as.numeric=TRUE >
			1720	1214
			1730	1219
			1733	1265
		</Pectfin>
		<Opercle type=matrix rownames=FALSE colnames=FALSE nrow=7 ncol=2 as.numeric=TRUE >
			1705	1150
			1717	1163
			1705	1205
			1688	1230
			1669	1250
			1650	1268
			1616	1254
		</Opercle>
		<Preopercle type=matrix rownames=FALSE colnames=FALSE nrow=5 ncol=2 as.numeric=TRUE >
			1644	1163
			1631	1210
			1635	1239
			1634	1256
			1616	1254
		</Preopercle>
	</curves.control>
	<curves.pixel type=list>
		<Eye type=matrix rownames=FALSE colnames=FALSE nrow=230 ncol=2 as.numeric=TRUE >
			1603	1095
			1604	1095
			1605	1096
			1606	1096
			1607	1096
			1608	1097
			1609	1097
			1610	1098
			1611	1098
			1612	1098
			1613	1099
			1614	1099
			1615	1100
			1616	1101
			1617	1101
			1618	1102
			1619	1103
			1620	1104
			1621	1105
			1622	1105
			1623	1106
			1623	1107
			1624	1107
			1625	1108
			1625	1109
			1626	1110
			1627	1111
			1628	1112
			1628	1113
			1629	1114
			1629	1115
			1629	1116
			1630	1116
			1630	1117
			1630	1118
			1631	1118
			1631	1119
			1631	1120
			1631	1121
			1632	1122
			1632	1123
			1632	1124
			1632	1125
			1632	1126
			1632	1127
			1633	1128
			1633	1129
			1633	1130
			1633	1131
			1633	1132
			1633	1133
			1633	1134
			1633	1135
			1633	1136
			1633	1137
			1633	1138
			1632	1139
			1632	1140
			1632	1141
			1632	1142
			1632	1143
			1632	1144
			1632	1145
			1631	1146
			1631	1147
			1631	1148
			1630	1149
			1629	1150
			1628	1151
			1627	1151
			1626	1152
			1625	1153
			1624	1153
			1624	1154
			1623	1155
			1622	1155
			1621	1156
			1620	1157
			1619	1157
			1619	1158
			1618	1159
			1617	1159
			1616	1160
			1615	1160
			1614	1161
			1613	1162
			1612	1162
			1611	1163
			1610	1163
			1609	1164
			1608	1165
			1607	1165
			1606	1165
			1605	1166
			1604	1166
			1603	1167
			1602	1167
			1601	1168
			1600	1168
			1599	1168
			1598	1169
			1597	1169
			1596	1169
			1595	1170
			1594	1170
			1593	1170
			1592	1170
			1591	1171
			1590	1171
			1589	1171
			1588	1171
			1587	1171
			1586	1171
			1585	1171
			1584	1171
			1583	1171
			1582	1171
			1581	1171
			1580	1171
			1579	1171
			1578	1171
			1577	1171
			1576	1171
			1575	1171
			1574	1170
			1573	1170
			1572	1170
			1571	1170
			1570	1169
			1569	1169
			1568	1168
			1567	1167
			1566	1167
			1565	1166
			1564	1165
			1564	1164
			1563	1164
			1562	1163
			1561	1162
			1561	1161
			1560	1161
			1559	1160
			1559	1159
			1558	1158
			1557	1157
			1556	1156
			1556	1155
			1555	1154
			1555	1153
			1554	1152
			1554	1151
			1553	1150
			1553	1149
			1553	1148
			1552	1147
			1552	1146
			1552	1145
			1552	1144
			1552	1143
			1552	1142
			1551	1141
			1551	1140
			1551	1139
			1551	1138
			1551	1137
			1551	1136
			1552	1135
			1552	1134
			1552	1133
			1552	1132
			1552	1131
			1553	1130
			1553	1129
			1553	1128
			1554	1127
			1554	1126
			1555	1125
			1555	1124
			1556	1123
			1556	1122
			1557	1121
			1557	1120
			1558	1119
			1559	1118
			1560	1117
			1560	1116
			1561	1115
			1562	1114
			1563	1113
			1563	1112
			1564	1111
			1565	1110
			1566	1110
			1567	1109
			1568	1108
			1569	1107
			1570	1107
			1571	1106
			1572	1105
			1573	1104
			1574	1104
			1575	1104
			1576	1103
			1577	1103
			1578	1102
			1579	1101
			1580	1101
			1581	1101
			1582	1100
			1583	1100
			1584	1100
			1585	1099
			1586	1099
			1587	1099
			1588	1098
			1589	1098
			1590	1098
			1591	1097
			1592	1097
			1593	1097
			1594	1097
			1595	1096
			1596	1096
			1597	1096
			1598	1096
			1599	1096
			1600	1095
			1601	1095
			1602	1095
			1603	1095
		</Eye>
		<Head type=matrix rownames=FALSE colnames=FALSE nrow=373 ncol=2 as.numeric=TRUE >
			1512	1160
			1513	1159
			1514	1158
			1514	1157
			1515	1156
			1516	1155
			1517	1154
			1518	1153
			1519	1152
			1520	1151
			1520	1150
			1521	1150
			1521	1149
			1522	1148
			1523	1147
			1524	1146
			1525	1145
			1526	1144
			1527	1143
			1527	1142
			1528	1141
			1529	1141
			1529	1140
			1530	1139
			1531	1138
			1532	1137
			1533	1136
			1534	1135
			1535	1134
			1536	1133
			1537	1132
			1538	1131
			1539	1130
			1540	1129
			1541	1128
			1541	1127
			1542	1127
			1543	1126
			1544	1125
			1545	1124
			1546	1123
			1547	1123
			1548	1122
			1549	1121
			1549	1120
			1550	1120
			1551	1119
			1552	1118
			1553	1117
			1554	1117
			1555	1116
			1555	1115
			1556	1115
			1557	1114
			1558	1113
			1559	1113
			1560	1112
			1561	1111
			1562	1110
			1563	1109
			1564	1109
			1565	1108
			1566	1107
			1567	1107
			1568	1106
			1569	1105
			1570	1105
			1571	1104
			1572	1104
			1573	1103
			1574	1102
			1575	1102
			1576	1101
			1577	1101
			1578	1100
			1579	1100
			1580	1099
			1581	1099
			1582	1099
			1583	1098
			1584	1098
			1585	1097
			1586	1097
			1587	1097
			1587	1096
			1588	1096
			1589	1096
			1590	1095
			1591	1095
			1592	1095
			1593	1095
			1594	1094
			1595	1094
			1596	1094
			1597	1094
			1598	1094
			1598	1093
			1599	1093
			1600	1093
			1601	1093
			1602	1093
			1603	1092
			1604	1092
			1605	1092
			1606	1091
			1607	1091
			1608	1091
			1609	1090
			1610	1090
			1611	1090
			1612	1089
			1613	1089
			1614	1088
			1615	1088
			1616	1088
			1617	1087
			1618	1087
			1619	1087
			1620	1086
			1621	1086
			1622	1086
			1623	1085
			1624	1085
			1625	1085
			1625	1084
			1626	1084
			1627	1084
			1628	1083
			1629	1083
			1630	1083
			1631	1082
			1632	1082
			1633	1081
			1634	1081
			1635	1081
			1636	1080
			1637	1080
			1638	1080
			1639	1079
			1640	1079
			1641	1079
			1642	1078
			1643	1078
			1644	1078
			1645	1077
			1646	1077
			1647	1076
			1648	1076
			1649	1076
			1649	1075
			1650	1075
			1651	1075
			1652	1074
			1653	1074
			1654	1074
			1655	1073
			1656	1073
			1657	1072
			1658	1072
			1659	1072
			1660	1071
			1661	1071
			1662	1071
			1663	1070
			1664	1070
			1665	1070
			1666	1069
			1667	1069
			1668	1068
			1669	1068
			1670	1068
			1671	1067
			1672	1067
			1673	1067
			1674	1066
			1675	1066
			1675	1065
			1676	1065
			1677	1065
			1678	1064
			1679	1064
			1680	1063
			1681	1063
			1682	1063
			1683	1062
			1684	1062
			1685	1062
			1686	1062
			1687	1061
			1688	1061
			1689	1061
			1690	1060
			1691	1060
			1692	1060
			1693	1059
			1694	1059
			1695	1059
			1696	1059
			1697	1058
			1698	1058
			1699	1058
			1700	1057
			1701	1057
			1702	1057
			1703	1057
			1704	1056
			1705	1056
			1706	1056
			1707	1056
			1708	1055
			1709	1055
			1710	1055
			1711	1055
			1712	1054
			1713	1054
			1714	1054
			1715	1053
			1716	1053
			1717	1053
			1718	1053
			1719	1052
			1720	1052
			1721	1052
			1722	1051
			1723	1051
			1724	1051
			1725	1051
			1726	1050
			1727	1050
			1728	1050
			1729	1050
			1730	1049
			1731	1049
			1732	1049
			1733	1049
			1734	1048
			1735	1048
			1736	1048
			1737	1048
			1738	1047
			1739	1047
			1740	1047
			1741	1047
			1742	1046
			1743	1046
			1744	1046
			1745	1046
			1745	1045
			1746	1045
			1747	1045
			1748	1045
			1749	1044
			1750	1044
			1751	1044
			1752	1044
			1753	1043
			1754	1043
			1755	1043
			1756	1043
			1757	1043
			1758	1042
			1759	1042
			1760	1042
			1761	1042
			1762	1041
			1763	1041
			1764	1041
			1765	1041
			1766	1041
			1767	1041
			1768	1040
			1769	1040
			1770	1040
			1771	1040
			1772	1040
			1773	1039
			1774	1039
			1775	1039
			1776	1039
			1777	1039
			1778	1038
			1779	1038
			1780	1038
			1781	1038
			1782	1038
			1783	1038
			1784	1037
			1785	1037
			1786	1037
			1787	1037
			1788	1037
			1789	1037
			1790	1036
			1791	1036
			1792	1036
			1793	1036
			1794	1036
			1795	1036
			1796	1036
			1797	1035
			1798	1035
			1799	1035
			1800	1035
			1801	1035
			1802	1035
			1803	1035
			1804	1034
			1805	1034
			1806	1034
			1807	1034
			1808	1034
			1809	1034
			1810	1034
			1811	1034
			1812	1033
			1813	1033
			1814	1033
			1815	1033
			1816	1033
			1817	1033
			1818	1033
			1819	1033
			1820	1032
			1821	1032
			1822	1032
			1823	1032
			1824	1032
			1825	1032
			1826	1032
			1827	1032
			1828	1032
			1829	1031
			1830	1031
			1831	1031
			1832	1031
			1833	1031
			1834	1031
			1835	1031
			1836	1030
			1837	1030
			1838	1030
			1839	1030
			1840	1030
			1841	1030
			1842	1030
			1843	1030
			1844	1029
			1845	1029
			1846	1029
			1847	1029
			1848	1029
			1849	1029
			1850	1029
			1851	1029
			1852	1029
			1853	1029
			1854	1029
			1855	1029
			1856	1029
			1857	1028
			1858	1028
			1859	1028
			1860	1028
			1861	1028
			1862	1028
			1863	1028
			1864	1028
			1865	1029
			1866	1029
			1867	1029
			1868	1029
			1869	1029
			1870	1029
		</Head>
		<Tail1 type=matrix rownames=FALSE colnames=FALSE nrow=303 ncol=2 as.numeric=TRUE >
			1870	1029
			1871	1029
			1872	1030
			1873	1030
			1874	1031
			1875	1031
			1876	1032
			1877	1032
			1878	1032
			1879	1033
			1880	1033
			1881	1033
			1881	1034
			1882	1034
			1883	1034
			1884	1035
			1885	1035
			1886	1035
			1887	1036
			1888	1036
			1889	1037
			1890	1037
			1891	1037
			1892	1038
			1893	1038
			1894	1038
			1895	1039
			1896	1039
			1897	1039
			1898	1040
			1899	1040
			1900	1040
			1901	1041
			1902	1041
			1903	1042
			1904	1042
			1905	1042
			1906	1043
			1907	1043
			1908	1043
			1909	1044
			1910	1044
			1911	1044
			1912	1045
			1913	1045
			1914	1045
			1915	1046
			1916	1046
			1917	1046
			1917	1047
			1918	1047
			1919	1047
			1920	1047
			1921	1048
			1922	1048
			1923	1048
			1924	1049
			1925	1049
			1926	1049
			1927	1050
			1928	1050
			1929	1050
			1930	1051
			1931	1051
			1932	1051
			1933	1052
			1934	1052
			1935	1052
			1936	1053
			1937	1053
			1938	1053
			1939	1054
			1940	1054
			1941	1054
			1942	1055
			1943	1055
			1944	1055
			1945	1056
			1946	1056
			1947	1056
			1948	1056
			1949	1057
			1950	1057
			1951	1058
			1952	1058
			1953	1058
			1954	1058
			1955	1059
			1956	1059
			1957	1059
			1958	1059
			1959	1060
			1960	1060
			1961	1060
			1962	1061
			1963	1061
			1964	1061
			1965	1061
			1966	1062
			1967	1062
			1968	1062
			1969	1062
			1970	1063
			1971	1063
			1972	1063
			1973	1064
			1974	1064
			1975	1064
			1976	1064
			1977	1065
			1978	1065
			1979	1065
			1980	1065
			1981	1066
			1982	1066
			1983	1066
			1984	1066
			1985	1067
			1986	1067
			1987	1067
			1988	1067
			1989	1068
			1990	1068
			1991	1068
			1992	1068
			1993	1069
			1994	1069
			1995	1069
			1996	1069
			1997	1070
			1998	1070
			1999	1070
			2000	1070
			2001	1071
			2002	1071
			2003	1071
			2004	1071
			2005	1072
			2006	1072
			2007	1072
			2008	1072
			2009	1072
			2009	1073
			2010	1073
			2011	1073
			2012	1073
			2013	1073
			2014	1074
			2015	1074
			2016	1074
			2017	1075
			2018	1075
			2019	1075
			2020	1075
			2021	1076
			2022	1076
			2023	1076
			2024	1076
			2025	1076
			2026	1077
			2027	1077
			2028	1077
			2029	1077
			2030	1078
			2031	1078
			2032	1078
			2033	1078
			2034	1078
			2035	1078
			2036	1079
			2037	1079
			2038	1079
			2039	1079
			2040	1079
			2041	1079
			2042	1079
			2043	1079
			2044	1080
			2045	1080
			2046	1080
			2047	1080
			2048	1080
			2049	1080
			2050	1080
			2051	1080
			2052	1081
			2053	1081
			2054	1081
			2055	1081
			2056	1081
			2057	1081
			2058	1081
			2059	1081
			2060	1081
			2061	1081
			2062	1082
			2063	1082
			2064	1082
			2065	1082
			2066	1082
			2067	1082
			2068	1082
			2069	1082
			2070	1082
			2071	1082
			2072	1082
			2073	1083
			2074	1083
			2075	1083
			2076	1083
			2077	1083
			2078	1083
			2079	1083
			2080	1083
			2081	1083
			2082	1083
			2083	1083
			2084	1083
			2085	1083
			2086	1083
			2087	1083
			2088	1083
			2089	1083
			2090	1083
			2091	1083
			2092	1083
			2093	1083
			2094	1083
			2095	1083
			2096	1083
			2097	1083
			2098	1083
			2099	1083
			2100	1083
			2101	1083
			2102	1083
			2103	1083
			2104	1083
			2105	1082
			2106	1082
			2107	1082
			2108	1082
			2109	1082
			2109	1083
			2110	1083
			2111	1083
			2112	1083
			2113	1083
			2114	1084
			2115	1084
			2116	1084
			2117	1084
			2118	1084
			2119	1084
			2119	1085
			2120	1085
			2121	1085
			2122	1085
			2123	1085
			2124	1085
			2125	1085
			2126	1085
			2127	1085
			2128	1085
			2129	1086
			2130	1086
			2131	1086
			2132	1086
			2133	1086
			2134	1086
			2135	1086
			2136	1086
			2137	1086
			2138	1086
			2139	1086
			2140	1086
			2141	1086
			2142	1086
			2143	1086
			2144	1086
			2145	1086
			2146	1085
			2147	1085
			2148	1085
			2149	1085
			2150	1085
			2151	1085
			2152	1085
			2153	1085
			2154	1085
			2155	1085
			2156	1085
			2157	1084
			2158	1084
			2159	1084
			2160	1084
			2161	1084
			2162	1084
			2163	1084
			2164	1083
			2165	1083
			2166	1083
			2167	1083
		</Tail1>
		<End type=matrix rownames=FALSE colnames=FALSE nrow=184 ncol=2 as.numeric=TRUE >
			2167	1083
			2168	1083
			2169	1083
			2170	1083
			2171	1083
			2172	1083
			2173	1083
			2174	1083
			2175	1083
			2176	1083
			2177	1083
			2178	1083
			2179	1083
			2180	1083
			2181	1083
			2182	1083
			2183	1083
			2184	1084
			2185	1084
			2186	1084
			2187	1084
			2188	1084
			2189	1084
			2190	1084
			2191	1084
			2192	1084
			2193	1084
			2194	1084
			2195	1085
			2196	1085
			2197	1085
			2198	1085
			2199	1085
			2200	1085
			2201	1086
			2202	1086
			2203	1086
			2204	1086
			2205	1086
			2206	1087
			2207	1087
			2208	1087
			2209	1088
			2210	1088
			2211	1088
			2212	1089
			2213	1089
			2214	1090
			2215	1091
			2216	1091
			2217	1092
			2218	1092
			2218	1093
			2219	1093
			2219	1094
			2220	1094
			2220	1095
			2221	1095
			2221	1096
			2221	1097
			2222	1097
			2222	1098
			2222	1099
			2222	1100
			2222	1101
			2222	1102
			2222	1103
			2221	1104
			2221	1105
			2220	1106
			2220	1107
			2219	1108
			2219	1109
			2218	1110
			2218	1111
			2218	1112
			2217	1113
			2217	1114
			2217	1115
			2216	1116
			2216	1117
			2216	1118
			2216	1119
			2215	1120
			2215	1121
			2215	1122
			2215	1123
			2215	1124
			2214	1125
			2214	1126
			2214	1127
			2214	1128
			2214	1129
			2214	1130
			2214	1131
			2214	1132
			2214	1133
			2213	1134
			2213	1135
			2213	1136
			2214	1137
			2214	1138
			2214	1139
			2214	1140
			2214	1141
			2214	1142
			2214	1143
			2214	1144
			2214	1145
			2214	1146
			2215	1147
			2215	1148
			2215	1149
			2215	1150
			2216	1151
			2216	1152
			2216	1153
			2217	1154
			2217	1155
			2217	1156
			2218	1157
			2218	1158
			2218	1159
			2219	1160
			2219	1161
			2220	1161
			2220	1162
			2221	1163
			2221	1164
			2222	1165
			2222	1166
			2223	1167
			2223	1168
			2224	1169
			2224	1170
			2223	1171
			2223	1172
			2223	1173
			2222	1174
			2222	1175
			2222	1176
			2221	1177
			2221	1178
			2221	1179
			2220	1180
			2220	1181
			2219	1181
			2219	1182
			2219	1183
			2218	1184
			2218	1185
			2218	1186
			2217	1186
			2217	1187
			2216	1188
			2216	1189
			2215	1189
			2215	1190
			2215	1191
			2214	1192
			2213	1193
			2212	1194
			2211	1195
			2211	1196
			2210	1197
			2209	1198
			2208	1199
			2207	1200
			2206	1201
			2205	1202
			2204	1202
			2204	1203
			2203	1203
			2202	1204
			2201	1204
			2200	1205
			2199	1205
			2198	1206
			2197	1206
			2196	1206
			2195	1207
			2194	1207
			2193	1207
			2192	1207
		</End>
		<Tail2 type=matrix rownames=FALSE colnames=FALSE nrow=113 ncol=2 as.numeric=TRUE >
			2192	1207
			2191	1207
			2190	1207
			2189	1207
			2188	1207
			2187	1207
			2186	1207
			2185	1207
			2184	1207
			2183	1207
			2182	1207
			2181	1207
			2180	1207
			2179	1207
			2178	1207
			2177	1207
			2176	1207
			2175	1207
			2174	1207
			2173	1207
			2172	1207
			2171	1207
			2170	1207
			2169	1207
			2168	1207
			2167	1207
			2166	1207
			2165	1207
			2164	1207
			2163	1207
			2162	1207
			2161	1207
			2160	1207
			2159	1207
			2158	1207
			2157	1207
			2156	1207
			2155	1207
			2154	1207
			2153	1207
			2152	1207
			2151	1207
			2150	1207
			2149	1207
			2148	1207
			2147	1208
			2146	1208
			2145	1208
			2144	1208
			2143	1208
			2142	1208
			2141	1208
			2140	1208
			2139	1208
			2138	1208
			2137	1208
			2136	1208
			2135	1208
			2134	1208
			2133	1208
			2132	1208
			2131	1209
			2130	1209
			2129	1209
			2128	1209
			2127	1209
			2126	1209
			2125	1209
			2124	1209
			2123	1209
			2122	1209
			2122	1210
			2121	1210
			2120	1210
			2119	1210
			2118	1210
			2117	1210
			2116	1211
			2115	1211
			2114	1211
			2113	1211
			2112	1211
			2111	1212
			2110	1212
			2109	1212
			2108	1213
			2107	1213
			2106	1213
			2105	1213
			2104	1214
			2103	1214
			2102	1214
			2101	1214
			2101	1215
			2100	1215
			2099	1215
			2098	1215
			2097	1216
			2096	1216
			2095	1216
			2094	1217
			2093	1217
			2092	1217
			2091	1218
			2090	1218
			2089	1218
			2088	1219
			2087	1219
			2086	1220
			2085	1220
			2084	1220
			2083	1221
			2082	1221
		</Tail2>
		<AnalFin type=matrix rownames=FALSE colnames=FALSE nrow=94 ncol=2 as.numeric=TRUE >
			2082	1221
			2081	1221
			2080	1221
			2079	1221
			2078	1222
			2077	1222
			2076	1222
			2075	1222
			2074	1222
			2073	1222
			2072	1223
			2071	1223
			2070	1223
			2069	1223
			2068	1223
			2067	1223
			2066	1224
			2065	1224
			2064	1224
			2063	1224
			2062	1224
			2061	1225
			2060	1225
			2059	1225
			2058	1225
			2057	1226
			2056	1226
			2055	1226
			2054	1226
			2053	1227
			2052	1227
			2051	1227
			2050	1227
			2049	1228
			2048	1228
			2047	1228
			2046	1229
			2045	1229
			2044	1229
			2043	1230
			2042	1230
			2041	1231
			2040	1231
			2039	1231
			2038	1232
			2037	1232
			2036	1232
			2035	1233
			2034	1234
			2033	1235
			2032	1236
			2032	1237
			2031	1238
			2030	1239
			2029	1239
			2029	1240
			2028	1241
			2027	1242
			2026	1242
			2026	1243
			2025	1244
			2024	1244
			2023	1245
			2023	1246
			2022	1246
			2021	1247
			2020	1248
			2019	1249
			2018	1250
			2017	1250
			2016	1251
			2015	1252
			2014	1253
			2013	1253
			2012	1254
			2011	1254
			2010	1255
			2009	1255
			2008	1256
			2007	1256
			2006	1257
			2005	1257
			2004	1257
			2003	1258
			2002	1258
			2001	1258
			2000	1258
			1999	1258
			1998	1258
			1997	1258
			1996	1258
			1995	1258
			1994	1257
			1993	1257
		</AnalFin>
		<Pectfin type=matrix rownames=FALSE colnames=FALSE nrow=54 ncol=2 as.numeric=TRUE >
			1720	1214
			1721	1214
			1721	1215
			1722	1216
			1723	1216
			1723	1217
			1724	1218
			1725	1219
			1725	1220
			1725	1221
			1726	1222
			1726	1223
			1727	1224
			1727	1225
			1727	1226
			1728	1227
			1728	1228
			1728	1229
			1728	1230
			1729	1231
			1729	1232
			1729	1233
			1729	1234
			1730	1235
			1730	1236
			1730	1237
			1730	1238
			1730	1239
			1730	1240
			1731	1241
			1731	1242
			1731	1243
			1731	1244
			1731	1245
			1731	1246
			1731	1247
			1731	1248
			1732	1249
			1732	1250
			1732	1251
			1732	1252
			1732	1253
			1732	1254
			1732	1255
			1732	1256
			1732	1257
			1732	1258
			1733	1259
			1733	1260
			1733	1261
			1733	1262
			1733	1263
			1733	1264
			1733	1265
		</Pectfin>
		<Opercle type=matrix rownames=FALSE colnames=FALSE nrow=169 ncol=2 as.numeric=TRUE >
			1705	1150
			1706	1151
			1707	1152
			1707	1153
			1708	1154
			1708	1155
			1709	1156
			1709	1157
			1709	1158
			1710	1159
			1710	1160
			1710	1161
			1710	1162
			1710	1163
			1711	1163
			1711	1164
			1711	1165
			1711	1166
			1711	1167
			1711	1168
			1711	1169
			1711	1170
			1711	1171
			1711	1172
			1711	1173
			1711	1174
			1711	1175
			1711	1176
			1711	1177
			1711	1178
			1711	1179
			1710	1179
			1710	1180
			1710	1181
			1710	1182
			1710	1183
			1710	1184
			1710	1185
			1710	1186
			1709	1187
			1709	1188
			1709	1189
			1709	1190
			1709	1191
			1708	1192
			1708	1193
			1708	1194
			1708	1195
			1707	1196
			1707	1197
			1707	1198
			1707	1199
			1706	1200
			1706	1201
			1706	1202
			1705	1203
			1705	1204
			1705	1205
			1705	1206
			1704	1206
			1703	1207
			1703	1208
			1702	1209
			1702	1210
			1701	1210
			1701	1211
			1700	1212
			1700	1213
			1699	1214
			1698	1214
			1698	1215
			1697	1216
			1697	1217
			1696	1218
			1695	1219
			1694	1220
			1694	1221
			1693	1222
			1692	1223
			1692	1224
			1691	1225
			1690	1225
			1689	1226
			1689	1227
			1688	1228
			1687	1229
			1687	1230
			1686	1231
			1685	1232
			1684	1232
			1684	1233
			1683	1234
			1682	1235
			1682	1236
			1681	1237
			1680	1238
			1679	1238
			1679	1239
			1678	1240
			1677	1241
			1677	1242
			1676	1243
			1675	1243
			1674	1244
			1674	1245
			1673	1246
			1672	1247
			1671	1247
			1671	1248
			1670	1249
			1669	1250
			1668	1250
			1668	1251
			1667	1252
			1666	1252
			1665	1253
			1665	1254
			1664	1254
			1663	1255
			1662	1255
			1661	1256
			1660	1256
			1660	1257
			1659	1257
			1658	1257
			1657	1258
			1656	1258
			1655	1258
			1654	1259
			1653	1259
			1652	1259
			1651	1259
			1650	1260
			1649	1260
			1648	1260
			1647	1260
			1646	1260
			1645	1260
			1644	1260
			1643	1260
			1642	1260
			1641	1260
			1640	1260
			1639	1260
			1638	1260
			1637	1260
			1636	1260
			1635	1260
			1635	1259
			1634	1259
			1633	1259
			1632	1259
			1631	1259
			1630	1258
			1629	1258
			1628	1258
			1627	1258
			1626	1258
			1625	1257
			1624	1257
			1623	1257
			1623	1256
			1622	1256
			1621	1256
			1620	1255
			1619	1255
			1618	1255
			1617	1254
			1616	1254
		</Opercle>
		<Preopercle type=matrix rownames=FALSE colnames=FALSE nrow=106 ncol=2 as.numeric=TRUE >
			1644	1163
			1644	1164
			1643	1165
			1643	1166
			1643	1167
			1643	1168
			1642	1169
			1642	1170
			1642	1171
			1642	1172
			1641	1173
			1641	1174
			1641	1175
			1641	1176
			1640	1177
			1640	1178
			1640	1179
			1640	1180
			1640	1181
			1639	1181
			1639	1182
			1639	1183
			1639	1184
			1639	1185
			1638	1186
			1638	1187
			1638	1188
			1638	1189
			1638	1190
			1637	1191
			1637	1192
			1637	1193
			1637	1194
			1637	1195
			1637	1196
			1636	1197
			1636	1198
			1636	1199
			1636	1200
			1636	1201
			1636	1202
			1636	1203
			1635	1204
			1635	1205
			1635	1206
			1635	1207
			1635	1208
			1635	1209
			1635	1210
			1635	1211
			1635	1212
			1635	1213
			1634	1213
			1634	1214
			1634	1215
			1634	1216
			1634	1217
			1634	1218
			1634	1219
			1634	1220
			1634	1221
			1634	1222
			1634	1223
			1634	1224
			1634	1225
			1634	1226
			1634	1227
			1634	1228
			1634	1229
			1634	1230
			1634	1231
			1634	1232
			1634	1233
			1634	1234
			1635	1235
			1635	1236
			1635	1237
			1635	1238
			1635	1239
			1635	1240
			1635	1241
			1635	1242
			1634	1243
			1634	1244
			1634	1245
			1634	1246
			1633	1246
			1633	1247
			1633	1248
			1632	1249
			1631	1250
			1630	1251
			1629	1252
			1628	1252
			1627	1253
			1626	1253
			1625	1254
			1624	1254
			1623	1254
			1622	1254
			1621	1254
			1620	1254
			1619	1254
			1618	1254
			1617	1254
			1616	1254
		</Preopercle>
	</curves.pixel>
	<curves.scaled type=list>
		<Eye type=matrix rownames=FALSE colnames=FALSE nrow=230 ncol=2 as.numeric=TRUE >
			65.4597902233174	-44.7152029285918
			65.5006260250787	-44.7152029285918
			65.54146182684	-44.756038730353
			65.5822976286013	-44.756038730353
			65.6231334303625	-44.756038730353
			65.6639692321238	-44.7968745321143
			65.7048050338851	-44.7968745321143
			65.7456408356463	-44.8377103338756
			65.7864766374076	-44.8377103338756
			65.8273124391689	-44.8377103338756
			65.8681482409302	-44.8785461356368
			65.9089840426914	-44.8785461356368
			65.9498198444527	-44.9193819373981
			65.990655646214	-44.9602177391594
			66.0314914479752	-44.9602177391594
			66.0723272497365	-45.0010535409207
			66.1131630514978	-45.0418893426819
			66.153998853259	-45.0827251444432
			66.1948346550203	-45.1235609462045
			66.2356704567816	-45.1235609462045
			66.2765062585429	-45.1643967479657
			66.2765062585429	-45.205232549727
			66.3173420603041	-45.205232549727
			66.3581778620654	-45.2460683514883
			66.3581778620654	-45.2869041532496
			66.3990136638267	-45.3277399550108
			66.4398494655879	-45.3685757567721
			66.4806852673492	-45.4094115585334
			66.4806852673492	-45.4502473602946
			66.5215210691105	-45.4910831620559
			66.5215210691105	-45.5319189638172
			66.5215210691105	-45.5727547655785
			66.5623568708718	-45.5727547655785
			66.5623568708718	-45.6135905673397
			66.5623568708718	-45.654426369101
			66.603192672633	-45.654426369101
			66.603192672633	-45.6952621708623
			66.603192672633	-45.7360979726235
			66.603192672633	-45.7769337743848
			66.6440284743943	-45.8177695761461
			66.6440284743943	-45.8586053779074
			66.6440284743943	-45.8994411796686
			66.6440284743943	-45.9402769814299
			66.6440284743943	-45.9811127831912
			66.6440284743943	-46.0219485849524
			66.6848642761556	-46.0627843867137
			66.6848642761556	-46.103620188475
			66.6848642761556	-46.1444559902362
			66.6848642761556	-46.1852917919975
			66.6848642761556	-46.2261275937588
			66.6848642761556	-46.2669633955201
			66.6848642761556	-46.3077991972813
			66.6848642761556	-46.3486349990426
			66.6848642761556	-46.3894708008039
			66.6848642761556	-46.4303066025651
			66.6848642761556	-46.4711424043264
			66.6440284743943	-46.5119782060877
			66.6440284743943	-46.552814007849
			66.6440284743943	-46.5936498096102
			66.6440284743943	-46.6344856113715
			66.6440284743943	-46.6753214131328
			66.6440284743943	-46.716157214894
			66.6440284743943	-46.7569930166553
			66.603192672633	-46.7978288184166
			66.603192672633	-46.8386646201779
			66.603192672633	-46.8795004219391
			66.5623568708718	-46.9203362237004
			66.5215210691105	-46.9611720254617
			66.4806852673492	-47.0020078272229
			66.4398494655879	-47.0020078272229
			66.3990136638267	-47.0428436289842
			66.3581778620654	-47.0836794307455
			66.3173420603041	-47.0836794307455
			66.3173420603041	-47.1245152325068
			66.2765062585429	-47.165351034268
			66.2356704567816	-47.165351034268
			66.1948346550203	-47.2061868360293
			66.153998853259	-47.2470226377906
			66.1131630514978	-47.2470226377906
			66.1131630514978	-47.2878584395518
			66.0723272497365	-47.3286942413131
			66.0314914479752	-47.3286942413131
			65.990655646214	-47.3695300430744
			65.9498198444527	-47.3695300430744
			65.9089840426914	-47.4103658448357
			65.8681482409302	-47.4512016465969
			65.8273124391689	-47.4512016465969
			65.7864766374076	-47.4920374483582
			65.7456408356463	-47.4920374483582
			65.7048050338851	-47.5328732501195
			65.6639692321238	-47.5737090518807
			65.6231334303625	-47.5737090518807
			65.5822976286013	-47.5737090518807
			65.54146182684	-47.614544853642
			65.5006260250787	-47.614544853642
			65.4597902233174	-47.6553806554033
			65.4189544215562	-47.6553806554033
			65.3781186197949	-47.6962164571645
			65.3372828180336	-47.6962164571645
			65.2964470162724	-47.6962164571645
			65.2556112145111	-47.7370522589258
			65.2147754127498	-47.7370522589258
			65.1739396109885	-47.7370522589258
			65.1331038092273	-47.7778880606871
			65.092268007466	-47.7778880606871
			65.0514322057047	-47.7778880606871
			65.0105964039435	-47.7778880606871
			64.9697606021822	-47.8187238624484
			64.9289248004209	-47.8187238624484
			64.8880889986596	-47.8187238624484
			64.8472531968984	-47.8187238624484
			64.8064173951371	-47.8187238624484
			64.7655815933758	-47.8187238624484
			64.7247457916146	-47.8187238624484
			64.6839099898533	-47.8187238624484
			64.643074188092	-47.8187238624484
			64.6022383863308	-47.8187238624484
			64.5614025845695	-47.8187238624484
			64.5205667828082	-47.8187238624484
			64.4797309810469	-47.8187238624484
			64.4388951792857	-47.8187238624484
			64.3980593775244	-47.8187238624484
			64.3572235757631	-47.8187238624484
			64.3163877740019	-47.8187238624484
			64.2755519722406	-47.7778880606871
			64.2347161704793	-47.7778880606871
			64.193880368718	-47.7778880606871
			64.1530445669568	-47.7778880606871
			64.1122087651955	-47.7370522589258
			64.0713729634342	-47.7370522589258
			64.030537161673	-47.6962164571645
			63.9897013599117	-47.6553806554033
			63.9488655581504	-47.6553806554033
			63.9080297563891	-47.614544853642
			63.8671939546279	-47.5737090518807
			63.8671939546279	-47.5328732501195
			63.8263581528666	-47.5328732501195
			63.7855223511053	-47.4920374483582
			63.7446865493441	-47.4512016465969
			63.7446865493441	-47.4103658448357
			63.7038507475828	-47.4103658448357
			63.6630149458215	-47.3695300430744
			63.6630149458215	-47.3286942413131
			63.6221791440602	-47.2878584395518
			63.581343342299	-47.2470226377906
			63.5405075405377	-47.2061868360293
			63.5405075405377	-47.165351034268
			63.4996717387764	-47.1245152325068
			63.4996717387764	-47.0836794307455
			63.4588359370152	-47.0428436289842
			63.4588359370152	-47.0020078272229
			63.4180001352539	-46.9611720254617
			63.4180001352539	-46.9203362237004
			63.4180001352539	-46.8795004219391
			63.3771643334926	-46.8386646201779
			63.3771643334926	-46.7978288184166
			63.3771643334926	-46.7569930166553
			63.3771643334926	-46.716157214894
			63.3771643334926	-46.6753214131328
			63.3771643334926	-46.6344856113715
			63.3363285317313	-46.5936498096102
			63.3363285317313	-46.552814007849
			63.3363285317313	-46.5119782060877
			63.3363285317313	-46.4711424043264
			63.3363285317313	-46.4303066025651
			63.3363285317313	-46.3894708008039
			63.3771643334926	-46.3486349990426
			63.3771643334926	-46.3077991972813
			63.3771643334926	-46.2669633955201
			63.3771643334926	-46.2261275937588
			63.3771643334926	-46.1852917919975
			63.4180001352539	-46.1444559902362
			63.4180001352539	-46.103620188475
			63.4180001352539	-46.0627843867137
			63.4588359370152	-46.0219485849524
			63.4588359370152	-45.9811127831912
			63.4996717387764	-45.9402769814299
			63.4996717387764	-45.8994411796686
			63.5405075405377	-45.8586053779074
			63.5405075405377	-45.8177695761461
			63.581343342299	-45.7769337743848
			63.581343342299	-45.7360979726235
			63.6221791440602	-45.6952621708623
			63.6630149458215	-45.654426369101
			63.7038507475828	-45.6135905673397
			63.7038507475828	-45.5727547655785
			63.7446865493441	-45.5319189638172
			63.7855223511053	-45.4910831620559
			63.8263581528666	-45.4502473602946
			63.8263581528666	-45.4094115585334
			63.8671939546279	-45.3685757567721
			63.9080297563891	-45.3277399550108
			63.9488655581504	-45.3277399550108
			63.9897013599117	-45.2869041532496
			64.030537161673	-45.2460683514883
			64.0713729634342	-45.205232549727
			64.1122087651955	-45.205232549727
			64.1530445669568	-45.1643967479657
			64.193880368718	-45.1235609462045
			64.2347161704793	-45.0827251444432
			64.2755519722406	-45.0827251444432
			64.3163877740019	-45.0827251444432
			64.3572235757631	-45.0418893426819
			64.3980593775244	-45.0418893426819
			64.4388951792857	-45.0010535409207
			64.4797309810469	-44.9602177391594
			64.5205667828082	-44.9602177391594
			64.5614025845695	-44.9602177391594
			64.6022383863308	-44.9193819373981
			64.643074188092	-44.9193819373981
			64.6839099898533	-44.9193819373981
			64.7247457916146	-44.8785461356368
			64.7655815933758	-44.8785461356368
			64.8064173951371	-44.8785461356368
			64.8472531968984	-44.8377103338756
			64.8880889986596	-44.8377103338756
			64.9289248004209	-44.8377103338756
			64.9697606021822	-44.7968745321143
			65.0105964039435	-44.7968745321143
			65.0514322057047	-44.7968745321143
			65.092268007466	-44.7968745321143
			65.1331038092273	-44.756038730353
			65.1739396109885	-44.756038730353
			65.2147754127498	-44.756038730353
			65.2556112145111	-44.756038730353
			65.2964470162724	-44.756038730353
			65.3372828180336	-44.7152029285918
			65.3781186197949	-44.7152029285918
			65.4189544215562	-44.7152029285918
			65.4597902233174	-44.7152029285918
		</Eye>
		<Head type=matrix rownames=FALSE colnames=FALSE nrow=373 ncol=2 as.numeric=TRUE >
			61.7437322630418	-47.3695300430744
			61.784568064803	-47.3286942413131
			61.8254038665643	-47.2878584395518
			61.8254038665643	-47.2470226377906
			61.8662396683256	-47.2061868360293
			61.9070754700869	-47.165351034268
			61.9479112718481	-47.1245152325068
			61.9887470736094	-47.0836794307455
			62.0295828753707	-47.0428436289842
			62.0704186771319	-47.0020078272229
			62.0704186771319	-46.9611720254617
			62.1112544788932	-46.9611720254617
			62.1112544788932	-46.9203362237004
			62.1520902806545	-46.8795004219391
			62.1929260824158	-46.8386646201779
			62.233761884177	-46.7978288184166
			62.2745976859383	-46.7569930166553
			62.3154334876996	-46.716157214894
			62.3562692894608	-46.6753214131328
			62.3562692894608	-46.6344856113715
			62.3971050912221	-46.5936498096102
			62.4379408929834	-46.5936498096102
			62.4379408929834	-46.552814007849
			62.4787766947447	-46.5119782060877
			62.5196124965059	-46.4711424043264
			62.5604482982672	-46.4303066025651
			62.6012841000285	-46.3894708008039
			62.6421199017897	-46.3486349990426
			62.682955703551	-46.3077991972813
			62.7237915053123	-46.2669633955201
			62.7646273070736	-46.2261275937588
			62.8054631088348	-46.1852917919975
			62.8462989105961	-46.1444559902362
			62.8871347123574	-46.103620188475
			62.9279705141186	-46.0627843867137
			62.9279705141186	-46.0219485849524
			62.9688063158799	-46.0219485849524
			63.0096421176412	-45.9811127831912
			63.0504779194024	-45.9402769814299
			63.0913137211637	-45.8994411796686
			63.132149522925	-45.8586053779074
			63.1729853246863	-45.8586053779074
			63.2138211264475	-45.8177695761461
			63.2546569282088	-45.7769337743848
			63.2546569282088	-45.7360979726235
			63.2954927299701	-45.7360979726235
			63.3363285317313	-45.6952621708623
			63.3771643334926	-45.654426369101
			63.4180001352539	-45.6135905673397
			63.4588359370152	-45.6135905673397
			63.4996717387764	-45.5727547655785
			63.4996717387764	-45.5319189638172
			63.5405075405377	-45.5319189638172
			63.581343342299	-45.4910831620559
			63.6221791440602	-45.4502473602946
			63.6630149458215	-45.4502473602946
			63.7038507475828	-45.4094115585334
			63.7446865493441	-45.3685757567721
			63.7855223511053	-45.3277399550108
			63.8263581528666	-45.2869041532496
			63.8671939546279	-45.2869041532496
			63.9080297563891	-45.2460683514883
			63.9488655581504	-45.205232549727
			63.9897013599117	-45.205232549727
			64.030537161673	-45.1643967479657
			64.0713729634342	-45.1235609462045
			64.1122087651955	-45.1235609462045
			64.1530445669568	-45.0827251444432
			64.193880368718	-45.0827251444432
			64.2347161704793	-45.0418893426819
			64.2755519722406	-45.0010535409207
			64.3163877740019	-45.0010535409207
			64.3572235757631	-44.9602177391594
			64.3980593775244	-44.9602177391594
			64.4388951792857	-44.9193819373981
			64.4797309810469	-44.9193819373981
			64.5205667828082	-44.8785461356368
			64.5614025845695	-44.8785461356368
			64.6022383863308	-44.8785461356368
			64.643074188092	-44.8377103338756
			64.6839099898533	-44.8377103338756
			64.7247457916146	-44.7968745321143
			64.7655815933758	-44.7968745321143
			64.8064173951371	-44.7968745321143
			64.8064173951371	-44.756038730353
			64.8472531968984	-44.756038730353
			64.8880889986596	-44.756038730353
			64.9289248004209	-44.7152029285918
			64.9697606021822	-44.7152029285918
			65.0105964039435	-44.7152029285918
			65.0514322057047	-44.7152029285918
			65.092268007466	-44.6743671268305
			65.1331038092273	-44.6743671268305
			65.1739396109885	-44.6743671268305
			65.2147754127498	-44.6743671268305
			65.2556112145111	-44.6743671268305
			65.2556112145111	-44.6335313250692
			65.2964470162724	-44.6335313250692
			65.3372828180336	-44.6335313250692
			65.3781186197949	-44.6335313250692
			65.4189544215562	-44.6335313250692
			65.4597902233174	-44.592695523308
			65.5006260250787	-44.592695523308
			65.54146182684	-44.592695523308
			65.5822976286013	-44.5518597215467
			65.6231334303625	-44.5518597215467
			65.6639692321238	-44.5518597215467
			65.7048050338851	-44.5110239197854
			65.7456408356463	-44.5110239197854
			65.7864766374076	-44.5110239197854
			65.8273124391689	-44.4701881180241
			65.8681482409302	-44.4701881180241
			65.9089840426914	-44.4293523162629
			65.9498198444527	-44.4293523162629
			65.990655646214	-44.4293523162629
			66.0314914479752	-44.3885165145016
			66.0723272497365	-44.3885165145016
			66.1131630514978	-44.3885165145016
			66.153998853259	-44.3476807127403
			66.1948346550203	-44.3476807127403
			66.2356704567816	-44.3476807127403
			66.2765062585429	-44.3068449109791
			66.3173420603041	-44.3068449109791
			66.3581778620654	-44.3068449109791
			66.3581778620654	-44.2660091092178
			66.3990136638267	-44.2660091092178
			66.4398494655879	-44.2660091092178
			66.4806852673492	-44.2251733074565
			66.5215210691105	-44.2251733074565
			66.5623568708718	-44.2251733074565
			66.603192672633	-44.1843375056952
			66.6440284743943	-44.1843375056952
			66.6848642761556	-44.143501703934
			66.7257000779168	-44.143501703934
			66.7665358796781	-44.143501703934
			66.8073716814394	-44.1026659021727
			66.8482074832007	-44.1026659021727
			66.8890432849619	-44.1026659021727
			66.9298790867232	-44.0618301004114
			66.9707148884845	-44.0618301004114
			67.0115506902457	-44.0618301004114
			67.052386492007	-44.0209942986502
			67.0932222937683	-44.0209942986502
			67.1340580955296	-44.0209942986502
			67.1748938972908	-43.9801584968889
			67.2157296990521	-43.9801584968889
			67.2565655008134	-43.9393226951276
			67.2974013025746	-43.9393226951276
			67.3382371043359	-43.9393226951276
			67.3382371043359	-43.8984868933663
			67.3790729060972	-43.8984868933663
			67.4199087078585	-43.8984868933663
			67.4607445096197	-43.8576510916051
			67.501580311381	-43.8576510916051
			67.5424161131423	-43.8576510916051
			67.5832519149035	-43.8168152898438
			67.6240877166648	-43.8168152898438
			67.6649235184261	-43.7759794880825
			67.7057593201873	-43.7759794880825
			67.7465951219486	-43.7759794880825
			67.7874309237099	-43.7351436863213
			67.8282667254712	-43.7351436863213
			67.8691025272324	-43.7351436863213
			67.9099383289937	-43.69430788456
			67.950774130755	-43.69430788456
			67.9916099325162	-43.69430788456
			68.0324457342775	-43.6534720827987
			68.0732815360388	-43.6534720827987
			68.1141173378001	-43.6126362810374
			68.1549531395613	-43.6126362810374
			68.1957889413226	-43.6126362810374
			68.2366247430839	-43.5718004792762
			68.2774605448451	-43.5718004792762
			68.3182963466064	-43.5718004792762
			68.3591321483677	-43.5309646775149
			68.399967950129	-43.5309646775149
			68.399967950129	-43.4901288757536
			68.4408037518902	-43.4901288757536
			68.4816395536515	-43.4901288757536
			68.5224753554128	-43.4492930739924
			68.563311157174	-43.4492930739924
			68.6041469589353	-43.4084572722311
			68.6449827606966	-43.4084572722311
			68.6858185624579	-43.4084572722311
			68.7266543642191	-43.3676214704698
			68.7674901659804	-43.3676214704698
			68.8083259677417	-43.3676214704698
			68.8491617695029	-43.3676214704698
			68.8899975712642	-43.3267856687085
			68.9308333730255	-43.3267856687085
			68.9716691747867	-43.3267856687085
			69.012504976548	-43.2859498669473
			69.0533407783093	-43.2859498669473
			69.0941765800706	-43.2859498669473
			69.1350123818318	-43.245114065186
			69.1758481835931	-43.245114065186
			69.2166839853544	-43.245114065186
			69.2575197871156	-43.245114065186
			69.2983555888769	-43.2042782634247
			69.3391913906382	-43.2042782634247
			69.3800271923995	-43.2042782634247
			69.4208629941607	-43.1634424616635
			69.461698795922	-43.1634424616635
			69.5025345976833	-43.1634424616635
			69.5433703994445	-43.1634424616635
			69.5842062012058	-43.1226066599022
			69.6250420029671	-43.1226066599022
			69.6658778047284	-43.1226066599022
			69.7067136064896	-43.1226066599022
			69.7475494082509	-43.0817708581409
			69.7883852100122	-43.0817708581409
			69.8292210117734	-43.0817708581409
			69.8700568135347	-43.0817708581409
			69.910892615296	-43.0409350563797
			69.9517284170573	-43.0409350563797
			69.9925642188185	-43.0409350563797
			70.0334000205798	-43.0000992546184
			70.0742358223411	-43.0000992546184
			70.1150716241023	-43.0000992546184
			70.1559074258636	-43.0000992546184
			70.1967432276249	-42.9592634528571
			70.2375790293862	-42.9592634528571
			70.2784148311474	-42.9592634528571
			70.3192506329087	-42.9184276510958
			70.36008643467	-42.9184276510958
			70.4009222364312	-42.9184276510958
			70.4417580381925	-42.9184276510958
			70.4825938399538	-42.8775918493346
			70.523429641715	-42.8775918493346
			70.5642654434763	-42.8775918493346
			70.6051012452376	-42.8775918493346
			70.6459370469989	-42.8367560475733
			70.6867728487601	-42.8367560475733
			70.7276086505214	-42.8367560475733
			70.7684444522827	-42.8367560475733
			70.8092802540439	-42.795920245812
			70.8501160558052	-42.795920245812
			70.8909518575665	-42.795920245812
			70.9317876593278	-42.795920245812
			70.972623461089	-42.7550844440508
			71.0134592628503	-42.7550844440508
			71.0542950646116	-42.7550844440508
			71.0951308663728	-42.7550844440508
			71.1359666681341	-42.7142486422895
			71.1768024698954	-42.7142486422895
			71.2176382716567	-42.7142486422895
			71.2584740734179	-42.7142486422895
			71.2584740734179	-42.6734128405282
			71.2993098751792	-42.6734128405282
			71.3401456769405	-42.6734128405282
			71.3809814787017	-42.6734128405282
			71.421817280463	-42.6325770387669
			71.4626530822243	-42.6325770387669
			71.5034888839856	-42.6325770387669
			71.5443246857468	-42.6325770387669
			71.5851604875081	-42.5917412370057
			71.6259962892694	-42.5917412370057
			71.6668320910306	-42.5917412370057
			71.7076678927919	-42.5917412370057
			71.7485036945532	-42.5917412370057
			71.7893394963144	-42.5509054352444
			71.8301752980757	-42.5509054352444
			71.871011099837	-42.5509054352444
			71.9118469015983	-42.5509054352444
			71.9526827033595	-42.5100696334831
			71.9935185051208	-42.5100696334831
			72.0343543068821	-42.5100696334831
			72.0751901086433	-42.5100696334831
			72.1160259104046	-42.5100696334831
			72.1568617121659	-42.5100696334831
			72.1976975139272	-42.4692338317219
			72.2385333156884	-42.4692338317219
			72.2793691174497	-42.4692338317219
			72.320204919211	-42.4692338317219
			72.3610407209722	-42.4692338317219
			72.4018765227335	-42.4283980299606
			72.4427123244948	-42.4283980299606
			72.4835481262561	-42.4283980299606
			72.5243839280173	-42.4283980299606
			72.5652197297786	-42.4283980299606
			72.6060555315399	-42.3875622281993
			72.6468913333011	-42.3875622281993
			72.6877271350624	-42.3875622281993
			72.7285629368237	-42.3875622281993
			72.769398738585	-42.3875622281993
			72.8102345403462	-42.3875622281993
			72.8510703421075	-42.346726426438
			72.8919061438688	-42.346726426438
			72.93274194563	-42.346726426438
			72.9735777473913	-42.346726426438
			73.0144135491526	-42.346726426438
			73.0552493509139	-42.346726426438
			73.0960851526751	-42.3058906246768
			73.1369209544364	-42.3058906246768
			73.1777567561977	-42.3058906246768
			73.2185925579589	-42.3058906246768
			73.2594283597202	-42.3058906246768
			73.3002641614815	-42.3058906246768
			73.3410999632427	-42.3058906246768
			73.381935765004	-42.2650548229155
			73.4227715667653	-42.2650548229155
			73.4636073685266	-42.2650548229155
			73.5044431702878	-42.2650548229155
			73.5452789720491	-42.2650548229155
			73.5861147738104	-42.2650548229155
			73.6269505755716	-42.2650548229155
			73.6677863773329	-42.2242190211542
			73.7086221790942	-42.2242190211542
			73.7494579808555	-42.2242190211542
			73.7902937826167	-42.2242190211542
			73.831129584378	-42.2242190211542
			73.8719653861393	-42.2242190211542
			73.9128011879005	-42.2242190211542
			73.9536369896618	-42.2242190211542
			73.9944727914231	-42.183383219393
			74.0353085931844	-42.183383219393
			74.0761443949456	-42.183383219393
			74.1169801967069	-42.183383219393
			74.1578159984682	-42.183383219393
			74.1986518002294	-42.183383219393
			74.2394876019907	-42.183383219393
			74.280323403752	-42.183383219393
			74.3211592055133	-42.1425474176317
			74.3619950072745	-42.1425474176317
			74.4028308090358	-42.1425474176317
			74.4436666107971	-42.1425474176317
			74.4845024125583	-42.1425474176317
			74.5253382143196	-42.1425474176317
			74.5661740160809	-42.1425474176317
			74.6070098178421	-42.1425474176317
			74.6478456196034	-42.1425474176317
			74.6886814213647	-42.1017116158704
			74.729517223126	-42.1017116158704
			74.7703530248872	-42.1017116158704
			74.8111888266485	-42.1017116158704
			74.8520246284098	-42.1017116158704
			74.892860430171	-42.1017116158704
			74.9336962319323	-42.1017116158704
			74.9745320336936	-42.0608758141091
			75.0153678354549	-42.0608758141091
			75.0562036372161	-42.0608758141091
			75.0970394389774	-42.0608758141091
			75.1378752407387	-42.0608758141091
			75.1787110424999	-42.0608758141091
			75.2195468442612	-42.0608758141091
			75.2603826460225	-42.0608758141091
			75.3012184477838	-42.0200400123479
			75.342054249545	-42.0200400123479
			75.3828900513063	-42.0200400123479
			75.4237258530676	-42.0200400123479
			75.4645616548288	-42.0200400123479
			75.5053974565901	-42.0200400123479
			75.5462332583514	-42.0200400123479
			75.5870690601127	-42.0200400123479
			75.6279048618739	-42.0200400123479
			75.6687406636352	-42.0200400123479
			75.7095764653965	-42.0200400123479
			75.7504122671577	-42.0200400123479
			75.791248068919	-42.0200400123479
			75.8320838706803	-41.9792042105866
			75.8729196724416	-41.9792042105866
			75.9137554742028	-41.9792042105866
			75.9545912759641	-41.9792042105866
			75.9954270777254	-41.9792042105866
			76.0362628794866	-41.9792042105866
			76.0770986812479	-41.9792042105866
			76.1179344830092	-41.9792042105866
			76.1587702847704	-42.0200400123479
			76.1996060865317	-42.0200400123479
			76.240441888293	-42.0200400123479
			76.2812776900543	-42.0200400123479
			76.3221134918155	-42.0200400123479
			76.3629492935768	-42.0200400123479
		</Head>
		<Tail1 type=matrix rownames=FALSE colnames=FALSE nrow=303 ncol=2 as.numeric=TRUE >
			76.3629492935768	-42.0200400123479
			76.4037850953381	-42.0200400123479
			76.4446208970993	-42.0608758141091
			76.4854566988606	-42.0608758141091
			76.5262925006219	-42.1017116158704
			76.5671283023832	-42.1017116158704
			76.6079641041444	-42.1425474176317
			76.6487999059057	-42.1425474176317
			76.689635707667	-42.1425474176317
			76.7304715094282	-42.183383219393
			76.7713073111895	-42.183383219393
			76.8121431129508	-42.183383219393
			76.8121431129508	-42.2242190211542
			76.8529789147121	-42.2242190211542
			76.8938147164733	-42.2242190211542
			76.9346505182346	-42.2650548229155
			76.9754863199959	-42.2650548229155
			77.0163221217571	-42.2650548229155
			77.0571579235184	-42.3058906246768
			77.0979937252797	-42.3058906246768
			77.138829527041	-42.346726426438
			77.1796653288022	-42.346726426438
			77.2205011305635	-42.346726426438
			77.2613369323248	-42.3875622281993
			77.302172734086	-42.3875622281993
			77.3430085358473	-42.3875622281993
			77.3838443376086	-42.4283980299606
			77.4246801393698	-42.4283980299606
			77.4655159411311	-42.4283980299606
			77.5063517428924	-42.4692338317219
			77.5471875446537	-42.4692338317219
			77.5880233464149	-42.4692338317219
			77.6288591481762	-42.5100696334831
			77.6696949499375	-42.5100696334831
			77.7105307516987	-42.5509054352444
			77.75136655346	-42.5509054352444
			77.7922023552213	-42.5509054352444
			77.8330381569826	-42.5917412370057
			77.8738739587438	-42.5917412370057
			77.9147097605051	-42.5917412370057
			77.9555455622664	-42.6325770387669
			77.9963813640276	-42.6325770387669
			78.0372171657889	-42.6325770387669
			78.0780529675502	-42.6734128405282
			78.1188887693115	-42.6734128405282
			78.1597245710727	-42.6734128405282
			78.200560372834	-42.7142486422895
			78.2413961745953	-42.7142486422895
			78.2822319763565	-42.7142486422895
			78.2822319763565	-42.7550844440508
			78.3230677781178	-42.7550844440508
			78.3639035798791	-42.7550844440508
			78.4047393816404	-42.7550844440508
			78.4455751834016	-42.795920245812
			78.4864109851629	-42.795920245812
			78.5272467869242	-42.795920245812
			78.5680825886854	-42.8367560475733
			78.6089183904467	-42.8367560475733
			78.649754192208	-42.8367560475733
			78.6905899939693	-42.8775918493346
			78.7314257957305	-42.8775918493346
			78.7722615974918	-42.8775918493346
			78.8130973992531	-42.9184276510958
			78.8539332010143	-42.9184276510958
			78.8947690027756	-42.9184276510958
			78.9356048045369	-42.9592634528571
			78.9764406062981	-42.9592634528571
			79.0172764080594	-42.9592634528571
			79.0581122098207	-43.0000992546184
			79.098948011582	-43.0000992546184
			79.1397838133432	-43.0000992546184
			79.1806196151045	-43.0409350563797
			79.2214554168658	-43.0409350563797
			79.262291218627	-43.0409350563797
			79.3031270203883	-43.0817708581409
			79.3439628221496	-43.0817708581409
			79.3847986239109	-43.0817708581409
			79.4256344256721	-43.1226066599022
			79.4664702274334	-43.1226066599022
			79.5073060291947	-43.1226066599022
			79.5481418309559	-43.1226066599022
			79.5889776327172	-43.1634424616635
			79.6298134344785	-43.1634424616635
			79.6706492362398	-43.2042782634247
			79.711485038001	-43.2042782634247
			79.7523208397623	-43.2042782634247
			79.7931566415236	-43.2042782634247
			79.8339924432848	-43.245114065186
			79.8748282450461	-43.245114065186
			79.9156640468074	-43.245114065186
			79.9564998485687	-43.245114065186
			79.9973356503299	-43.2859498669473
			80.0381714520912	-43.2859498669473
			80.0790072538525	-43.2859498669473
			80.1198430556137	-43.3267856687085
			80.160678857375	-43.3267856687085
			80.2015146591363	-43.3267856687085
			80.2423504608975	-43.3267856687085
			80.2831862626588	-43.3676214704698
			80.3240220644201	-43.3676214704698
			80.3648578661814	-43.3676214704698
			80.4056936679426	-43.3676214704698
			80.4465294697039	-43.4084572722311
			80.4873652714652	-43.4084572722311
			80.5282010732264	-43.4084572722311
			80.5690368749877	-43.4492930739924
			80.609872676749	-43.4492930739924
			80.6507084785103	-43.4492930739924
			80.6915442802715	-43.4492930739924
			80.7323800820328	-43.4901288757536
			80.7732158837941	-43.4901288757536
			80.8140516855553	-43.4901288757536
			80.8548874873166	-43.4901288757536
			80.8957232890779	-43.5309646775149
			80.9365590908392	-43.5309646775149
			80.9773948926004	-43.5309646775149
			81.0182306943617	-43.5309646775149
			81.059066496123	-43.5718004792762
			81.0999022978842	-43.5718004792762
			81.1407380996455	-43.5718004792762
			81.1815739014068	-43.5718004792762
			81.2224097031681	-43.6126362810374
			81.2632455049293	-43.6126362810374
			81.3040813066906	-43.6126362810374
			81.3449171084519	-43.6126362810374
			81.3857529102131	-43.6534720827987
			81.4265887119744	-43.6534720827987
			81.4674245137357	-43.6534720827987
			81.508260315497	-43.6534720827987
			81.5490961172582	-43.69430788456
			81.5899319190195	-43.69430788456
			81.6307677207808	-43.69430788456
			81.671603522542	-43.69430788456
			81.7124393243033	-43.7351436863213
			81.7532751260646	-43.7351436863213
			81.7941109278258	-43.7351436863213
			81.8349467295871	-43.7351436863213
			81.8757825313484	-43.7759794880825
			81.9166183331097	-43.7759794880825
			81.9574541348709	-43.7759794880825
			81.9982899366322	-43.7759794880825
			82.0391257383935	-43.7759794880825
			82.0391257383935	-43.8168152898438
			82.0799615401547	-43.8168152898438
			82.120797341916	-43.8168152898438
			82.1616331436773	-43.8168152898438
			82.2024689454386	-43.8168152898438
			82.2433047471998	-43.8576510916051
			82.2841405489611	-43.8576510916051
			82.3249763507224	-43.8576510916051
			82.3658121524836	-43.8984868933663
			82.4066479542449	-43.8984868933663
			82.4474837560062	-43.8984868933663
			82.4883195577675	-43.8984868933663
			82.5291553595287	-43.9393226951276
			82.56999116129	-43.9393226951276
			82.6108269630513	-43.9393226951276
			82.6516627648125	-43.9393226951276
			82.6924985665738	-43.9393226951276
			82.7333343683351	-43.9801584968889
			82.7741701700964	-43.9801584968889
			82.8150059718576	-43.9801584968889
			82.8558417736189	-43.9801584968889
			82.8966775753802	-44.0209942986502
			82.9375133771414	-44.0209942986502
			82.9783491789027	-44.0209942986502
			83.019184980664	-44.0209942986502
			83.0600207824252	-44.0209942986502
			83.1008565841865	-44.0209942986502
			83.1416923859478	-44.0618301004114
			83.1825281877091	-44.0618301004114
			83.2233639894703	-44.0618301004114
			83.2641997912316	-44.0618301004114
			83.3050355929929	-44.0618301004114
			83.3458713947541	-44.0618301004114
			83.3867071965154	-44.0618301004114
			83.4275429982767	-44.0618301004114
			83.468378800038	-44.1026659021727
			83.5092146017992	-44.1026659021727
			83.5500504035605	-44.1026659021727
			83.5908862053218	-44.1026659021727
			83.631722007083	-44.1026659021727
			83.6725578088443	-44.1026659021727
			83.7133936106056	-44.1026659021727
			83.7542294123669	-44.1026659021727
			83.7950652141281	-44.143501703934
			83.8359010158894	-44.143501703934
			83.8767368176507	-44.143501703934
			83.9175726194119	-44.143501703934
			83.9584084211732	-44.143501703934
			83.9992442229345	-44.143501703934
			84.0400800246958	-44.143501703934
			84.080915826457	-44.143501703934
			84.1217516282183	-44.143501703934
			84.1625874299796	-44.143501703934
			84.2034232317408	-44.1843375056952
			84.2442590335021	-44.1843375056952
			84.2850948352634	-44.1843375056952
			84.3259306370247	-44.1843375056952
			84.3667664387859	-44.1843375056952
			84.4076022405472	-44.1843375056952
			84.4484380423085	-44.1843375056952
			84.4892738440697	-44.1843375056952
			84.530109645831	-44.1843375056952
			84.5709454475923	-44.1843375056952
			84.6117812493535	-44.1843375056952
			84.6526170511148	-44.2251733074565
			84.6934528528761	-44.2251733074565
			84.7342886546374	-44.2251733074565
			84.7751244563986	-44.2251733074565
			84.8159602581599	-44.2251733074565
			84.8567960599212	-44.2251733074565
			84.8976318616824	-44.2251733074565
			84.9384676634437	-44.2251733074565
			84.979303465205	-44.2251733074565
			85.0201392669663	-44.2251733074565
			85.0609750687275	-44.2251733074565
			85.1018108704888	-44.2251733074565
			85.1426466722501	-44.2251733074565
			85.1834824740113	-44.2251733074565
			85.2243182757726	-44.2251733074565
			85.2651540775339	-44.2251733074565
			85.3059898792952	-44.2251733074565
			85.3468256810564	-44.2251733074565
			85.3876614828177	-44.2251733074565
			85.428497284579	-44.2251733074565
			85.4693330863402	-44.2251733074565
			85.5101688881015	-44.2251733074565
			85.5510046898628	-44.2251733074565
			85.5918404916241	-44.2251733074565
			85.6326762933853	-44.2251733074565
			85.6735120951466	-44.2251733074565
			85.7143478969079	-44.2251733074565
			85.7551836986691	-44.2251733074565
			85.7960195004304	-44.2251733074565
			85.8368553021917	-44.2251733074565
			85.8776911039529	-44.2251733074565
			85.9185269057142	-44.2251733074565
			85.9593627074755	-44.1843375056952
			86.0001985092368	-44.1843375056952
			86.041034310998	-44.1843375056952
			86.0818701127593	-44.1843375056952
			86.1227059145206	-44.1843375056952
			86.1227059145206	-44.2251733074565
			86.1635417162818	-44.2251733074565
			86.2043775180431	-44.2251733074565
			86.2452133198044	-44.2251733074565
			86.2860491215657	-44.2251733074565
			86.3268849233269	-44.2660091092178
			86.3677207250882	-44.2660091092178
			86.4085565268495	-44.2660091092178
			86.4493923286107	-44.2660091092178
			86.490228130372	-44.2660091092178
			86.5310639321333	-44.2660091092178
			86.5310639321333	-44.3068449109791
			86.5718997338946	-44.3068449109791
			86.6127355356558	-44.3068449109791
			86.6535713374171	-44.3068449109791
			86.6944071391784	-44.3068449109791
			86.7352429409396	-44.3068449109791
			86.7760787427009	-44.3068449109791
			86.8169145444622	-44.3068449109791
			86.8577503462235	-44.3068449109791
			86.8985861479847	-44.3068449109791
			86.939421949746	-44.3476807127403
			86.9802577515073	-44.3476807127403
			87.0210935532685	-44.3476807127403
			87.0619293550298	-44.3476807127403
			87.1027651567911	-44.3476807127403
			87.1436009585524	-44.3476807127403
			87.1844367603136	-44.3476807127403
			87.2252725620749	-44.3476807127403
			87.2661083638362	-44.3476807127403
			87.3069441655974	-44.3476807127403
			87.3477799673587	-44.3476807127403
			87.38861576912	-44.3476807127403
			87.4294515708812	-44.3476807127403
			87.4702873726425	-44.3476807127403
			87.5111231744038	-44.3476807127403
			87.5519589761651	-44.3476807127403
			87.5927947779263	-44.3476807127403
			87.6336305796876	-44.3068449109791
			87.6744663814489	-44.3068449109791
			87.7153021832101	-44.3068449109791
			87.7561379849714	-44.3068449109791
			87.7969737867327	-44.3068449109791
			87.837809588494	-44.3068449109791
			87.8786453902552	-44.3068449109791
			87.9194811920165	-44.3068449109791
			87.9603169937778	-44.3068449109791
			88.001152795539	-44.3068449109791
			88.0419885973003	-44.3068449109791
			88.0828243990616	-44.2660091092178
			88.1236602008229	-44.2660091092178
			88.1644960025841	-44.2660091092178
			88.2053318043454	-44.2660091092178
			88.2461676061067	-44.2660091092178
			88.2870034078679	-44.2660091092178
			88.3278392096292	-44.2660091092178
			88.3686750113905	-44.2251733074565
			88.4095108131518	-44.2251733074565
			88.450346614913	-44.2251733074565
			88.4911824166743	-44.2251733074565
		</Tail1>
		<End type=matrix rownames=FALSE colnames=FALSE nrow=184 ncol=2 as.numeric=TRUE >
			88.4911824166743	-44.2251733074565
			88.5320182184356	-44.2251733074565
			88.5728540201968	-44.2251733074565
			88.6136898219581	-44.2251733074565
			88.6545256237194	-44.2251733074565
			88.6953614254806	-44.2251733074565
			88.7361972272419	-44.2251733074565
			88.7770330290032	-44.2251733074565
			88.8178688307645	-44.2251733074565
			88.8587046325257	-44.2251733074565
			88.899540434287	-44.2251733074565
			88.9403762360483	-44.2251733074565
			88.9812120378095	-44.2251733074565
			89.0220478395708	-44.2251733074565
			89.0628836413321	-44.2251733074565
			89.1037194430934	-44.2251733074565
			89.1445552448546	-44.2251733074565
			89.1853910466159	-44.2660091092178
			89.2262268483772	-44.2660091092178
			89.2670626501384	-44.2660091092178
			89.3078984518997	-44.2660091092178
			89.348734253661	-44.2660091092178
			89.3895700554223	-44.2660091092178
			89.4304058571835	-44.2660091092178
			89.4712416589448	-44.2660091092178
			89.5120774607061	-44.2660091092178
			89.5529132624673	-44.2660091092178
			89.5937490642286	-44.2660091092178
			89.6345848659899	-44.3068449109791
			89.6754206677512	-44.3068449109791
			89.7162564695124	-44.3068449109791
			89.7570922712737	-44.3068449109791
			89.797928073035	-44.3068449109791
			89.8387638747962	-44.3068449109791
			89.8795996765575	-44.3476807127403
			89.9204354783188	-44.3476807127403
			89.9612712800801	-44.3476807127403
			90.0021070818413	-44.3476807127403
			90.0429428836026	-44.3476807127403
			90.0837786853639	-44.3885165145016
			90.1246144871251	-44.3885165145016
			90.1654502888864	-44.3885165145016
			90.2062860906477	-44.4293523162629
			90.2471218924089	-44.4293523162629
			90.2879576941702	-44.4293523162629
			90.3287934959315	-44.4701881180241
			90.3696292976928	-44.4701881180241
			90.410465099454	-44.5110239197854
			90.4513009012153	-44.5518597215467
			90.4921367029766	-44.5518597215467
			90.5329725047378	-44.592695523308
			90.5738083064991	-44.592695523308
			90.5738083064991	-44.6335313250692
			90.6146441082604	-44.6335313250692
			90.6146441082604	-44.6743671268305
			90.6554799100217	-44.6743671268305
			90.6554799100217	-44.7152029285918
			90.6963157117829	-44.7152029285918
			90.6963157117829	-44.756038730353
			90.6963157117829	-44.7968745321143
			90.7371515135442	-44.7968745321143
			90.7371515135442	-44.8377103338756
			90.7371515135442	-44.8785461356368
			90.7371515135442	-44.9193819373981
			90.7371515135442	-44.9602177391594
			90.7371515135442	-45.0010535409207
			90.7371515135442	-45.0418893426819
			90.6963157117829	-45.0827251444432
			90.6963157117829	-45.1235609462045
			90.6554799100217	-45.1643967479657
			90.6554799100217	-45.205232549727
			90.6146441082604	-45.2460683514883
			90.6146441082604	-45.2869041532496
			90.5738083064991	-45.3277399550108
			90.5738083064991	-45.3685757567721
			90.5738083064991	-45.4094115585334
			90.5329725047378	-45.4502473602946
			90.5329725047378	-45.4910831620559
			90.5329725047378	-45.5319189638172
			90.4921367029766	-45.5727547655785
			90.4921367029766	-45.6135905673397
			90.4921367029766	-45.654426369101
			90.4921367029766	-45.6952621708623
			90.4513009012153	-45.7360979726235
			90.4513009012153	-45.7769337743848
			90.4513009012153	-45.8177695761461
			90.4513009012153	-45.8586053779074
			90.4513009012153	-45.8994411796686
			90.410465099454	-45.9402769814299
			90.410465099454	-45.9811127831912
			90.410465099454	-46.0219485849524
			90.410465099454	-46.0627843867137
			90.410465099454	-46.103620188475
			90.410465099454	-46.1444559902362
			90.410465099454	-46.1852917919975
			90.410465099454	-46.2261275937588
			90.410465099454	-46.2669633955201
			90.3696292976928	-46.3077991972813
			90.3696292976928	-46.3486349990426
			90.3696292976928	-46.3894708008039
			90.410465099454	-46.4303066025651
			90.410465099454	-46.4711424043264
			90.410465099454	-46.5119782060877
			90.410465099454	-46.552814007849
			90.410465099454	-46.5936498096102
			90.410465099454	-46.6344856113715
			90.410465099454	-46.6753214131328
			90.410465099454	-46.716157214894
			90.410465099454	-46.7569930166553
			90.410465099454	-46.7978288184166
			90.4513009012153	-46.8386646201779
			90.4513009012153	-46.8795004219391
			90.4513009012153	-46.9203362237004
			90.4513009012153	-46.9611720254617
			90.4921367029766	-47.0020078272229
			90.4921367029766	-47.0428436289842
			90.4921367029766	-47.0836794307455
			90.5329725047378	-47.1245152325068
			90.5329725047378	-47.165351034268
			90.5329725047378	-47.2061868360293
			90.5738083064991	-47.2470226377906
			90.5738083064991	-47.2878584395518
			90.5738083064991	-47.3286942413131
			90.6146441082604	-47.3695300430744
			90.6146441082604	-47.4103658448357
			90.6554799100217	-47.4103658448357
			90.6554799100217	-47.4512016465969
			90.6963157117829	-47.4920374483582
			90.6963157117829	-47.5328732501195
			90.7371515135442	-47.5737090518807
			90.7371515135442	-47.614544853642
			90.7779873153055	-47.6553806554033
			90.7779873153055	-47.6962164571645
			90.8188231170667	-47.7370522589258
			90.8188231170667	-47.7778880606871
			90.7779873153055	-47.8187238624484
			90.7779873153055	-47.8595596642096
			90.7779873153055	-47.9003954659709
			90.7371515135442	-47.9412312677322
			90.7371515135442	-47.9820670694934
			90.7371515135442	-48.0229028712547
			90.6963157117829	-48.063738673016
			90.6963157117829	-48.1045744747773
			90.6963157117829	-48.1454102765385
			90.6554799100217	-48.1862460782998
			90.6554799100217	-48.2270818800611
			90.6146441082604	-48.2270818800611
			90.6146441082604	-48.2679176818223
			90.6146441082604	-48.3087534835836
			90.5738083064991	-48.3495892853449
			90.5738083064991	-48.3904250871062
			90.5738083064991	-48.4312608888674
			90.5329725047378	-48.4312608888674
			90.5329725047378	-48.4720966906287
			90.4921367029766	-48.51293249239
			90.4921367029766	-48.5537682941512
			90.4513009012153	-48.5537682941512
			90.4513009012153	-48.5946040959125
			90.4513009012153	-48.6354398976738
			90.410465099454	-48.6762756994351
			90.3696292976928	-48.7171115011963
			90.3287934959315	-48.7579473029576
			90.2879576941702	-48.7987831047189
			90.2879576941702	-48.8396189064801
			90.2471218924089	-48.8804547082414
			90.2062860906477	-48.9212905100027
			90.1654502888864	-48.9621263117639
			90.1246144871251	-49.0029621135252
			90.0837786853639	-49.0437979152865
			90.0429428836026	-49.0846337170478
			90.0021070818413	-49.0846337170478
			90.0021070818413	-49.125469518809
			89.9612712800801	-49.125469518809
			89.9204354783188	-49.1663053205703
			89.8795996765575	-49.1663053205703
			89.8387638747962	-49.2071411223316
			89.797928073035	-49.2071411223316
			89.7570922712737	-49.2479769240928
			89.7162564695124	-49.2479769240928
			89.6754206677512	-49.2479769240928
			89.6345848659899	-49.2888127258541
			89.5937490642286	-49.2888127258541
			89.5529132624673	-49.2888127258541
			89.5120774607061	-49.2888127258541
		</End>
		<Tail2 type=matrix rownames=FALSE colnames=FALSE nrow=113 ncol=2 as.numeric=TRUE >
			89.5120774607061	-49.2888127258541
			89.4712416589448	-49.2888127258541
			89.4304058571835	-49.2888127258541
			89.3895700554223	-49.2888127258541
			89.348734253661	-49.2888127258541
			89.3078984518997	-49.2888127258541
			89.2670626501384	-49.2888127258541
			89.2262268483772	-49.2888127258541
			89.1853910466159	-49.2888127258541
			89.1445552448546	-49.2888127258541
			89.1037194430934	-49.2888127258541
			89.0628836413321	-49.2888127258541
			89.0220478395708	-49.2888127258541
			88.9812120378095	-49.2888127258541
			88.9403762360483	-49.2888127258541
			88.899540434287	-49.2888127258541
			88.8587046325257	-49.2888127258541
			88.8178688307645	-49.2888127258541
			88.7770330290032	-49.2888127258541
			88.7361972272419	-49.2888127258541
			88.6953614254806	-49.2888127258541
			88.6545256237194	-49.2888127258541
			88.6136898219581	-49.2888127258541
			88.5728540201968	-49.2888127258541
			88.5320182184356	-49.2888127258541
			88.4911824166743	-49.2888127258541
			88.450346614913	-49.2888127258541
			88.4095108131518	-49.2888127258541
			88.3686750113905	-49.2888127258541
			88.3278392096292	-49.2888127258541
			88.2870034078679	-49.2888127258541
			88.2461676061067	-49.2888127258541
			88.2053318043454	-49.2888127258541
			88.1644960025841	-49.2888127258541
			88.1236602008229	-49.2888127258541
			88.0828243990616	-49.2888127258541
			88.0419885973003	-49.2888127258541
			88.001152795539	-49.2888127258541
			87.9603169937778	-49.2888127258541
			87.9194811920165	-49.2888127258541
			87.8786453902552	-49.2888127258541
			87.837809588494	-49.2888127258541
			87.7969737867327	-49.2888127258541
			87.7561379849714	-49.2888127258541
			87.7153021832101	-49.2888127258541
			87.6744663814489	-49.3296485276154
			87.6336305796876	-49.3296485276154
			87.5927947779263	-49.3296485276154
			87.5519589761651	-49.3296485276154
			87.5111231744038	-49.3296485276154
			87.4702873726425	-49.3296485276154
			87.4294515708812	-49.3296485276154
			87.38861576912	-49.3296485276154
			87.3477799673587	-49.3296485276154
			87.3069441655974	-49.3296485276154
			87.2661083638362	-49.3296485276154
			87.2252725620749	-49.3296485276154
			87.1844367603136	-49.3296485276154
			87.1436009585524	-49.3296485276154
			87.1027651567911	-49.3296485276154
			87.0619293550298	-49.3296485276154
			87.0210935532685	-49.3704843293767
			86.9802577515073	-49.3704843293767
			86.939421949746	-49.3704843293767
			86.8985861479847	-49.3704843293767
			86.8577503462235	-49.3704843293767
			86.8169145444622	-49.3704843293767
			86.7760787427009	-49.3704843293767
			86.7352429409396	-49.3704843293767
			86.6944071391784	-49.3704843293767
			86.6535713374171	-49.3704843293767
			86.6535713374171	-49.4113201311379
			86.6127355356558	-49.4113201311379
			86.5718997338946	-49.4113201311379
			86.5310639321333	-49.4113201311379
			86.490228130372	-49.4113201311379
			86.4493923286107	-49.4113201311379
			86.4085565268495	-49.4521559328992
			86.3677207250882	-49.4521559328992
			86.3268849233269	-49.4521559328992
			86.2860491215657	-49.4521559328992
			86.2452133198044	-49.4521559328992
			86.2043775180431	-49.4929917346605
			86.1635417162818	-49.4929917346605
			86.1227059145206	-49.4929917346605
			86.0818701127593	-49.5338275364217
			86.041034310998	-49.5338275364217
			86.0001985092368	-49.5338275364217
			85.9593627074755	-49.5338275364217
			85.9185269057142	-49.574663338183
			85.8776911039529	-49.574663338183
			85.8368553021917	-49.574663338183
			85.7960195004304	-49.574663338183
			85.7960195004304	-49.6154991399443
			85.7551836986691	-49.6154991399443
			85.7143478969079	-49.6154991399443
			85.6735120951466	-49.6154991399443
			85.6326762933853	-49.6563349417056
			85.5918404916241	-49.6563349417056
			85.5510046898628	-49.6563349417056
			85.5101688881015	-49.6971707434668
			85.4693330863402	-49.6971707434668
			85.428497284579	-49.6971707434668
			85.3876614828177	-49.7380065452281
			85.3468256810564	-49.7380065452281
			85.3059898792952	-49.7380065452281
			85.2651540775339	-49.7788423469894
			85.2243182757726	-49.7788423469894
			85.1834824740113	-49.8196781487506
			85.1426466722501	-49.8196781487506
			85.1018108704888	-49.8196781487506
			85.0609750687275	-49.8605139505119
			85.0201392669663	-49.8605139505119
		</Tail2>
		<AnalFin type=matrix rownames=FALSE colnames=FALSE nrow=94 ncol=2 as.numeric=TRUE >
			85.0201392669663	-49.8605139505119
			84.979303465205	-49.8605139505119
			84.9384676634437	-49.8605139505119
			84.8976318616824	-49.8605139505119
			84.8567960599212	-49.9013497522732
			84.8159602581599	-49.9013497522732
			84.7751244563986	-49.9013497522732
			84.7342886546374	-49.9013497522732
			84.6934528528761	-49.9013497522732
			84.6526170511148	-49.9013497522732
			84.6117812493535	-49.9421855540345
			84.5709454475923	-49.9421855540345
			84.530109645831	-49.9421855540345
			84.4892738440697	-49.9421855540345
			84.4484380423085	-49.9421855540345
			84.4076022405472	-49.9421855540345
			84.3667664387859	-49.9830213557957
			84.3259306370247	-49.9830213557957
			84.2850948352634	-49.9830213557957
			84.2442590335021	-49.9830213557957
			84.2034232317408	-49.9830213557957
			84.1625874299796	-50.023857157557
			84.1217516282183	-50.023857157557
			84.080915826457	-50.023857157557
			84.0400800246958	-50.023857157557
			83.9992442229345	-50.0646929593183
			83.9584084211732	-50.0646929593183
			83.9175726194119	-50.0646929593183
			83.8767368176507	-50.0646929593183
			83.8359010158894	-50.1055287610795
			83.7950652141281	-50.1055287610795
			83.7542294123669	-50.1055287610795
			83.7133936106056	-50.1055287610795
			83.6725578088443	-50.1463645628408
			83.631722007083	-50.1463645628408
			83.5908862053218	-50.1463645628408
			83.5500504035605	-50.1872003646021
			83.5092146017992	-50.1872003646021
			83.468378800038	-50.1872003646021
			83.4275429982767	-50.2280361663634
			83.3867071965154	-50.2280361663634
			83.3458713947541	-50.2688719681246
			83.3050355929929	-50.2688719681246
			83.2641997912316	-50.2688719681246
			83.2233639894703	-50.3097077698859
			83.1825281877091	-50.3097077698859
			83.1416923859478	-50.3097077698859
			83.1008565841865	-50.3505435716472
			83.0600207824252	-50.3913793734084
			83.019184980664	-50.4322151751697
			82.9783491789027	-50.473050976931
			82.9783491789027	-50.5138867786922
			82.9375133771414	-50.5547225804535
			82.8966775753802	-50.5955583822148
			82.8558417736189	-50.5955583822148
			82.8558417736189	-50.6363941839761
			82.8150059718576	-50.6772299857373
			82.7741701700964	-50.7180657874986
			82.7333343683351	-50.7180657874986
			82.7333343683351	-50.7589015892599
			82.6924985665738	-50.7997373910211
			82.6516627648125	-50.7997373910211
			82.6108269630513	-50.8405731927824
			82.6108269630513	-50.8814089945437
			82.56999116129	-50.8814089945437
			82.5291553595287	-50.922244796305
			82.4883195577675	-50.9630805980662
			82.4474837560062	-51.0039163998275
			82.4066479542449	-51.0447522015888
			82.3658121524836	-51.0447522015888
			82.3249763507224	-51.08558800335
			82.2841405489611	-51.1264238051113
			82.2433047471998	-51.1672596068726
			82.2024689454386	-51.1672596068726
			82.1616331436773	-51.2080954086339
			82.120797341916	-51.2080954086339
			82.0799615401547	-51.2489312103951
			82.0391257383935	-51.2489312103951
			81.9982899366322	-51.2897670121564
			81.9574541348709	-51.2897670121564
			81.9166183331097	-51.3306028139177
			81.8757825313484	-51.3306028139177
			81.8349467295871	-51.3306028139177
			81.7941109278258	-51.3714386156789
			81.7532751260646	-51.3714386156789
			81.7124393243033	-51.3714386156789
			81.671603522542	-51.3714386156789
			81.6307677207808	-51.3714386156789
			81.5899319190195	-51.3714386156789
			81.5490961172582	-51.3714386156789
			81.508260315497	-51.3714386156789
			81.4674245137357	-51.3714386156789
			81.4265887119744	-51.3306028139177
			81.3857529102131	-51.3306028139177
		</AnalFin>
		<Pectfin type=matrix rownames=FALSE colnames=FALSE nrow=54 ncol=2 as.numeric=TRUE >
			70.2375790293862	-49.574663338183
			70.2784148311474	-49.574663338183
			70.2784148311474	-49.6154991399443
			70.3192506329087	-49.6563349417056
			70.36008643467	-49.6563349417056
			70.36008643467	-49.6971707434668
			70.4009222364312	-49.7380065452281
			70.4417580381925	-49.7788423469894
			70.4417580381925	-49.8196781487506
			70.4417580381925	-49.8605139505119
			70.4825938399538	-49.9013497522732
			70.4825938399538	-49.9421855540345
			70.523429641715	-49.9830213557957
			70.523429641715	-50.023857157557
			70.523429641715	-50.0646929593183
			70.5642654434763	-50.1055287610795
			70.5642654434763	-50.1463645628408
			70.5642654434763	-50.1872003646021
			70.5642654434763	-50.2280361663634
			70.6051012452376	-50.2688719681246
			70.6051012452376	-50.3097077698859
			70.6051012452376	-50.3505435716472
			70.6051012452376	-50.3913793734084
			70.6459370469989	-50.4322151751697
			70.6459370469989	-50.473050976931
			70.6459370469989	-50.5138867786922
			70.6459370469989	-50.5547225804535
			70.6459370469989	-50.5955583822148
			70.6459370469989	-50.6363941839761
			70.6867728487601	-50.6772299857373
			70.6867728487601	-50.7180657874986
			70.6867728487601	-50.7589015892599
			70.6867728487601	-50.7997373910211
			70.6867728487601	-50.8405731927824
			70.6867728487601	-50.8814089945437
			70.6867728487601	-50.922244796305
			70.6867728487601	-50.9630805980662
			70.7276086505214	-51.0039163998275
			70.7276086505214	-51.0447522015888
			70.7276086505214	-51.08558800335
			70.7276086505214	-51.1264238051113
			70.7276086505214	-51.1672596068726
			70.7276086505214	-51.2080954086339
			70.7276086505214	-51.2489312103951
			70.7276086505214	-51.2897670121564
			70.7276086505214	-51.3306028139177
			70.7276086505214	-51.3714386156789
			70.7684444522827	-51.4122744174402
			70.7684444522827	-51.4531102192015
			70.7684444522827	-51.4939460209628
			70.7684444522827	-51.534781822724
			70.7684444522827	-51.5756176244853
			70.7684444522827	-51.6164534262466
			70.7684444522827	-51.6572892280078
		</Pectfin>
		<Opercle type=matrix rownames=FALSE colnames=FALSE nrow=169 ncol=2 as.numeric=TRUE >
			69.6250420029671	-46.9611720254617
			69.6658778047284	-47.0020078272229
			69.7067136064896	-47.0428436289842
			69.7067136064896	-47.0836794307455
			69.7475494082509	-47.1245152325068
			69.7475494082509	-47.165351034268
			69.7883852100122	-47.2061868360293
			69.7883852100122	-47.2470226377906
			69.7883852100122	-47.2878584395518
			69.8292210117734	-47.3286942413131
			69.8292210117734	-47.3695300430744
			69.8292210117734	-47.4103658448357
			69.8292210117734	-47.4512016465969
			69.8292210117734	-47.4920374483582
			69.8700568135347	-47.4920374483582
			69.8700568135347	-47.5328732501195
			69.8700568135347	-47.5737090518807
			69.8700568135347	-47.614544853642
			69.8700568135347	-47.6553806554033
			69.8700568135347	-47.6962164571645
			69.8700568135347	-47.7370522589258
			69.8700568135347	-47.7778880606871
			69.8700568135347	-47.8187238624484
			69.8700568135347	-47.8595596642096
			69.8700568135347	-47.9003954659709
			69.8700568135347	-47.9412312677322
			69.8700568135347	-47.9820670694934
			69.8700568135347	-48.0229028712547
			69.8700568135347	-48.063738673016
			69.8700568135347	-48.1045744747773
			69.8700568135347	-48.1454102765385
			69.8292210117734	-48.1454102765385
			69.8292210117734	-48.1862460782998
			69.8292210117734	-48.2270818800611
			69.8292210117734	-48.2679176818223
			69.8292210117734	-48.3087534835836
			69.8292210117734	-48.3495892853449
			69.8292210117734	-48.3904250871062
			69.8292210117734	-48.4312608888674
			69.7883852100122	-48.4720966906287
			69.7883852100122	-48.51293249239
			69.7883852100122	-48.5537682941512
			69.7883852100122	-48.5946040959125
			69.7883852100122	-48.6354398976738
			69.7475494082509	-48.6762756994351
			69.7475494082509	-48.7171115011963
			69.7475494082509	-48.7579473029576
			69.7475494082509	-48.7987831047189
			69.7067136064896	-48.8396189064801
			69.7067136064896	-48.8804547082414
			69.7067136064896	-48.9212905100027
			69.7067136064896	-48.9621263117639
			69.6658778047284	-49.0029621135252
			69.6658778047284	-49.0437979152865
			69.6658778047284	-49.0846337170478
			69.6250420029671	-49.125469518809
			69.6250420029671	-49.1663053205703
			69.6250420029671	-49.2071411223316
			69.6250420029671	-49.2479769240928
			69.5842062012058	-49.2479769240928
			69.5433703994445	-49.2888127258541
			69.5433703994445	-49.3296485276154
			69.5025345976833	-49.3704843293767
			69.5025345976833	-49.4113201311379
			69.461698795922	-49.4113201311379
			69.461698795922	-49.4521559328992
			69.4208629941607	-49.4929917346605
			69.4208629941607	-49.5338275364217
			69.3800271923995	-49.574663338183
			69.3391913906382	-49.574663338183
			69.3391913906382	-49.6154991399443
			69.2983555888769	-49.6563349417056
			69.2983555888769	-49.6971707434668
			69.2575197871156	-49.7380065452281
			69.2166839853544	-49.7788423469894
			69.1758481835931	-49.8196781487506
			69.1758481835931	-49.8605139505119
			69.1350123818318	-49.9013497522732
			69.0941765800706	-49.9421855540345
			69.0941765800706	-49.9830213557957
			69.0533407783093	-50.023857157557
			69.012504976548	-50.023857157557
			68.9716691747867	-50.0646929593183
			68.9716691747867	-50.1055287610795
			68.9308333730255	-50.1463645628408
			68.8899975712642	-50.1872003646021
			68.8899975712642	-50.2280361663634
			68.8491617695029	-50.2688719681246
			68.8083259677417	-50.3097077698859
			68.7674901659804	-50.3097077698859
			68.7674901659804	-50.3505435716472
			68.7266543642191	-50.3913793734084
			68.6858185624579	-50.4322151751697
			68.6858185624579	-50.473050976931
			68.6449827606966	-50.5138867786922
			68.6041469589353	-50.5547225804535
			68.563311157174	-50.5547225804535
			68.563311157174	-50.5955583822148
			68.5224753554128	-50.6363941839761
			68.4816395536515	-50.6772299857373
			68.4816395536515	-50.7180657874986
			68.4408037518902	-50.7589015892599
			68.399967950129	-50.7589015892599
			68.3591321483677	-50.7997373910211
			68.3591321483677	-50.8405731927824
			68.3182963466064	-50.8814089945437
			68.2774605448451	-50.922244796305
			68.2366247430839	-50.922244796305
			68.2366247430839	-50.9630805980662
			68.1957889413226	-51.0039163998275
			68.1549531395613	-51.0447522015888
			68.1141173378001	-51.0447522015888
			68.1141173378001	-51.08558800335
			68.0732815360388	-51.1264238051113
			68.0324457342775	-51.1264238051113
			67.9916099325162	-51.1672596068726
			67.9916099325162	-51.2080954086339
			67.950774130755	-51.2080954086339
			67.9099383289937	-51.2489312103951
			67.8691025272324	-51.2489312103951
			67.8282667254712	-51.2897670121564
			67.7874309237099	-51.2897670121564
			67.7874309237099	-51.3306028139177
			67.7465951219486	-51.3306028139177
			67.7057593201873	-51.3306028139177
			67.6649235184261	-51.3714386156789
			67.6240877166648	-51.3714386156789
			67.5832519149035	-51.3714386156789
			67.5424161131423	-51.4122744174402
			67.501580311381	-51.4122744174402
			67.4607445096197	-51.4122744174402
			67.4199087078585	-51.4122744174402
			67.3790729060972	-51.4531102192015
			67.3382371043359	-51.4531102192015
			67.2974013025746	-51.4531102192015
			67.2565655008134	-51.4531102192015
			67.2157296990521	-51.4531102192015
			67.1748938972908	-51.4531102192015
			67.1340580955296	-51.4531102192015
			67.0932222937683	-51.4531102192015
			67.052386492007	-51.4531102192015
			67.0115506902457	-51.4531102192015
			66.9707148884845	-51.4531102192015
			66.9298790867232	-51.4531102192015
			66.8890432849619	-51.4531102192015
			66.8482074832007	-51.4531102192015
			66.8073716814394	-51.4531102192015
			66.7665358796781	-51.4531102192015
			66.7665358796781	-51.4122744174402
			66.7257000779168	-51.4122744174402
			66.6848642761556	-51.4122744174402
			66.6440284743943	-51.4122744174402
			66.603192672633	-51.4122744174402
			66.5623568708718	-51.3714386156789
			66.5215210691105	-51.3714386156789
			66.4806852673492	-51.3714386156789
			66.4398494655879	-51.3714386156789
			66.3990136638267	-51.3714386156789
			66.3581778620654	-51.3306028139177
			66.3173420603041	-51.3306028139177
			66.2765062585429	-51.3306028139177
			66.2765062585429	-51.2897670121564
			66.2356704567816	-51.2897670121564
			66.1948346550203	-51.2897670121564
			66.153998853259	-51.2489312103951
			66.1131630514978	-51.2489312103951
			66.0723272497365	-51.2489312103951
			66.0314914479752	-51.2080954086339
			65.990655646214	-51.2080954086339
		</Opercle>
		<Preopercle type=matrix rownames=FALSE colnames=FALSE nrow=106 ncol=2 as.numeric=TRUE >
			67.1340580955296	-47.4920374483582
			67.1340580955296	-47.5328732501195
			67.0932222937683	-47.5737090518807
			67.0932222937683	-47.614544853642
			67.0932222937683	-47.6553806554033
			67.0932222937683	-47.6962164571645
			67.052386492007	-47.7370522589258
			67.052386492007	-47.7778880606871
			67.052386492007	-47.8187238624484
			67.052386492007	-47.8595596642096
			67.0115506902457	-47.9003954659709
			67.0115506902457	-47.9412312677322
			67.0115506902457	-47.9820670694934
			67.0115506902457	-48.0229028712547
			66.9707148884845	-48.063738673016
			66.9707148884845	-48.1045744747773
			66.9707148884845	-48.1454102765385
			66.9707148884845	-48.1862460782998
			66.9707148884845	-48.2270818800611
			66.9298790867232	-48.2270818800611
			66.9298790867232	-48.2679176818223
			66.9298790867232	-48.3087534835836
			66.9298790867232	-48.3495892853449
			66.9298790867232	-48.3904250871062
			66.8890432849619	-48.4312608888674
			66.8890432849619	-48.4720966906287
			66.8890432849619	-48.51293249239
			66.8890432849619	-48.5537682941512
			66.8890432849619	-48.5946040959125
			66.8482074832007	-48.6354398976738
			66.8482074832007	-48.6762756994351
			66.8482074832007	-48.7171115011963
			66.8482074832007	-48.7579473029576
			66.8482074832007	-48.7987831047189
			66.8482074832007	-48.8396189064801
			66.8073716814394	-48.8804547082414
			66.8073716814394	-48.9212905100027
			66.8073716814394	-48.9621263117639
			66.8073716814394	-49.0029621135252
			66.8073716814394	-49.0437979152865
			66.8073716814394	-49.0846337170478
			66.8073716814394	-49.125469518809
			66.7665358796781	-49.1663053205703
			66.7665358796781	-49.2071411223316
			66.7665358796781	-49.2479769240928
			66.7665358796781	-49.2888127258541
			66.7665358796781	-49.3296485276154
			66.7665358796781	-49.3704843293767
			66.7665358796781	-49.4113201311379
			66.7665358796781	-49.4521559328992
			66.7665358796781	-49.4929917346605
			66.7665358796781	-49.5338275364217
			66.7257000779168	-49.5338275364217
			66.7257000779168	-49.574663338183
			66.7257000779168	-49.6154991399443
			66.7257000779168	-49.6563349417056
			66.7257000779168	-49.6971707434668
			66.7257000779168	-49.7380065452281
			66.7257000779168	-49.7788423469894
			66.7257000779168	-49.8196781487506
			66.7257000779168	-49.8605139505119
			66.7257000779168	-49.9013497522732
			66.7257000779168	-49.9421855540345
			66.7257000779168	-49.9830213557957
			66.7257000779168	-50.023857157557
			66.7257000779168	-50.0646929593183
			66.7257000779168	-50.1055287610795
			66.7257000779168	-50.1463645628408
			66.7257000779168	-50.1872003646021
			66.7257000779168	-50.2280361663634
			66.7257000779168	-50.2688719681246
			66.7257000779168	-50.3097077698859
			66.7257000779168	-50.3505435716472
			66.7257000779168	-50.3913793734084
			66.7665358796781	-50.4322151751697
			66.7665358796781	-50.473050976931
			66.7665358796781	-50.5138867786922
			66.7665358796781	-50.5547225804535
			66.7665358796781	-50.5955583822148
			66.7665358796781	-50.6363941839761
			66.7665358796781	-50.6772299857373
			66.7665358796781	-50.7180657874986
			66.7257000779168	-50.7589015892599
			66.7257000779168	-50.7997373910211
			66.7257000779168	-50.8405731927824
			66.7257000779168	-50.8814089945437
			66.6848642761556	-50.8814089945437
			66.6848642761556	-50.922244796305
			66.6848642761556	-50.9630805980662
			66.6440284743943	-51.0039163998275
			66.603192672633	-51.0447522015888
			66.5623568708718	-51.08558800335
			66.5215210691105	-51.1264238051113
			66.4806852673492	-51.1264238051113
			66.4398494655879	-51.1672596068726
			66.3990136638267	-51.1672596068726
			66.3581778620654	-51.2080954086339
			66.3173420603041	-51.2080954086339
			66.2765062585429	-51.2080954086339
			66.2356704567816	-51.2080954086339
			66.1948346550203	-51.2080954086339
			66.153998853259	-51.2080954086339
			66.1131630514978	-51.2080954086339
			66.0723272497365	-51.2080954086339
			66.0314914479752	-51.2080954086339
			65.990655646214	-51.2080954086339
		</Preopercle>
	</curves.scaled>
	<ruler.points type=matrix rownames=TRUE colnames=FALSE nrow=2 ncol=2 as.numeric=TRUE >
		Ruler point 1	1360	928
		Ruler point 2	1358	1550
	</ruler.points>
</shapes>

