<shapes type=list>
	<ruler.pixel type=vector names=FALSE length=1 as.numeric=TRUE >638.019592175664</ruler.pixel>
	<ruler.interval type=vector names=FALSE length=1 as.numeric=TRUE >25.4</ruler.interval>
	<scaling.units type=vector names=FALSE length=1 as.numeric=FALSE >mm</scaling.units>
	<scaling type=vector names=FALSE length=1 as.numeric=TRUE >0.0398106896896149</scaling>
	<landmarks.pixel type=matrix rownames=TRUE colnames=FALSE nrow=12 ncol=2 as.numeric=TRUE >
		LM1	1170	992
		LM2	1583	902
		LM3	1918	990
		LM4	1928	1125
		LM5	1754	1126
		LM6	1668	1159
		LM7	1392	1094
		LM8	1382	1157
		LM9	1372	1029
		LM10	1278	1125
		LM11	1292	1060
		LM12	1253	974
	</landmarks.pixel>
	<landmarks.scaled type=matrix rownames=TRUE colnames=FALSE nrow=12 ncol=2 as.numeric=TRUE >
		LM1	46.5785069368494	-39.492204172098
		LM2	63.0203217786604	-35.9092421000326
		LM3	76.3569028246814	-39.4125827927188
		LM4	76.7550097215776	-44.7870259008168
		LM5	69.8279497155846	-44.8268365905064
		LM6	66.4042304022777	-46.1405893502637
		LM7	55.416480047944	-43.5528945204387
		LM8	55.0183731510478	-46.0609679708844
		LM9	54.6202662541517	-40.9651996906137
		LM10	50.8780614233279	-44.7870259008168
		LM11	51.4354110789825	-42.1993310709918
		LM12	49.8827941810875	-38.7756117576849
	</landmarks.scaled>
	<curves.control type=list>
		<Eye type=matrix rownames=FALSE colnames=FALSE nrow=9 ncol=2 as.numeric=TRUE >
			1253	974
			1286	977
			1278	1014
			1263	1043
			1237	1032
			1208	1015
			1223	991
			1233	973
			1253	974
		</Eye>
		<Head type=matrix rownames=FALSE colnames=FALSE nrow=9 ncol=2 as.numeric=TRUE >
			1170	992
			1237	948
			1335	918
			1382	902
			1426	892
			1467	886
			1511	890
			1542	894
			1583	902
		</Head>
		<Tail1 type=matrix rownames=FALSE colnames=FALSE nrow=9 ncol=2 as.numeric=TRUE >
			1583	902
			1619	917
			1664	932
			1702	946
			1774	967
			1825	976
			1881	985
			1898	991
			1918	990
		</Tail1>
		<End type=matrix rownames=FALSE colnames=FALSE nrow=7 ncol=2 as.numeric=TRUE >
			1918	990
			1981	991
			1979	1022
			1983	1040
			1978	1085
			1980	1121
			1928	1125
		</End>
		<Tail2 type=matrix rownames=FALSE colnames=FALSE nrow=7 ncol=2 as.numeric=TRUE >
			1928	1125
			1893	1118
			1857	1121
			1828	1121
			1802	1122
			1781	1122
			1754	1126
		</Tail2>
		<AnalFin type=matrix rownames=FALSE colnames=FALSE nrow=7 ncol=2 as.numeric=TRUE >
			1754	1126
			1733	1130
			1721	1137
			1699	1150
			1695	1156
			1683	1168
			1668	1159
		</AnalFin>
		<Pectfin type=matrix rownames=FALSE colnames=FALSE nrow=5 ncol=2 as.numeric=TRUE >
			1392	1094
			1394	1114
			1390	1133
			1385	1149
			1382	1157
		</Pectfin>
		<Opercle type=matrix rownames=FALSE colnames=FALSE nrow=9 ncol=2 as.numeric=TRUE >
			1372	1029
			1385	1040
			1385	1061
			1376	1087
			1360	1101
			1339	1120
			1314	1126
			1297	1128
			1278	1125
		</Opercle>
		<Preopercle type=matrix rownames=FALSE colnames=FALSE nrow=5 ncol=2 as.numeric=TRUE >
			1292	1060
			1289	1081
			1284	1100
			1283	1114
			1278	1125
		</Preopercle>
	</curves.control>
	<curves.pixel type=list>
		<Eye type=matrix rownames=FALSE colnames=FALSE nrow=183 ncol=2 as.numeric=TRUE >
			1253	974
			1254	974
			1255	974
			1256	974
			1257	974
			1257	975
			1258	975
			1259	975
			1260	975
			1261	975
			1262	976
			1263	976
			1264	976
			1265	977
			1266	977
			1267	978
			1268	978
			1269	979
			1270	979
			1270	980
			1271	980
			1272	981
			1273	982
			1274	983
			1275	984
			1275	985
			1276	986
			1276	987
			1277	988
			1277	989
			1278	989
			1278	990
			1278	991
			1279	992
			1279	993
			1279	994
			1279	995
			1279	996
			1279	997
			1279	998
			1280	999
			1280	1000
			1280	1001
			1280	1002
			1280	1003
			1279	1004
			1279	1005
			1279	1006
			1279	1007
			1279	1008
			1279	1009
			1279	1010
			1279	1011
			1278	1012
			1278	1013
			1278	1014
			1277	1015
			1277	1016
			1276	1017
			1276	1018
			1275	1019
			1275	1020
			1274	1021
			1273	1022
			1272	1023
			1272	1024
			1271	1024
			1271	1025
			1270	1026
			1269	1027
			1268	1028
			1267	1029
			1266	1030
			1265	1030
			1264	1031
			1263	1031
			1263	1032
			1262	1032
			1261	1033
			1260	1033
			1259	1033
			1259	1034
			1258	1034
			1257	1034
			1256	1034
			1255	1035
			1254	1035
			1253	1035
			1252	1035
			1251	1035
			1250	1035
			1249	1035
			1248	1035
			1247	1035
			1246	1035
			1245	1034
			1244	1034
			1243	1034
			1242	1034
			1241	1034
			1241	1033
			1240	1033
			1239	1033
			1238	1032
			1237	1032
			1236	1031
			1235	1031
			1234	1030
			1233	1030
			1232	1029
			1231	1028
			1230	1027
			1229	1026
			1228	1026
			1227	1025
			1226	1024
			1226	1023
			1225	1023
			1224	1022
			1223	1021
			1223	1020
			1222	1019
			1221	1018
			1221	1017
			1220	1016
			1220	1015
			1219	1014
			1219	1013
			1219	1012
			1218	1011
			1218	1010
			1218	1009
			1218	1008
			1218	1007
			1218	1006
			1218	1005
			1218	1004
			1218	1003
			1218	1002
			1219	1001
			1219	1000
			1219	999
			1220	998
			1220	997
			1220	996
			1221	995
			1221	994
			1222	993
			1223	992
			1223	991
			1224	990
			1224	989
			1225	988
			1226	987
			1226	986
			1227	985
			1228	984
			1229	983
			1230	982
			1231	981
			1232	980
			1233	980
			1233	979
			1234	978
			1235	978
			1236	977
			1237	977
			1238	976
			1239	976
			1240	976
			1241	975
			1242	975
			1243	975
			1244	975
			1245	974
			1246	974
			1247	974
			1248	974
			1249	974
			1250	974
			1251	974
			1252	974
			1253	974
		</Eye>
		<Head type=matrix rownames=FALSE colnames=FALSE nrow=422 ncol=2 as.numeric=TRUE >
			1170	992
			1171	991
			1172	990
			1173	990
			1174	989
			1175	989
			1175	988
			1176	988
			1177	987
			1178	987
			1179	987
			1179	986
			1180	986
			1181	985
			1182	985
			1182	984
			1183	984
			1184	983
			1185	983
			1185	982
			1186	982
			1187	981
			1188	981
			1189	980
			1190	979
			1191	979
			1192	978
			1193	978
			1194	977
			1195	977
			1196	976
			1197	976
			1198	975
			1199	975
			1200	974
			1201	973
			1202	973
			1203	972
			1204	972
			1205	971
			1206	971
			1207	970
			1208	970
			1209	969
			1210	969
			1211	968
			1212	968
			1213	967
			1214	966
			1215	966
			1216	965
			1217	965
			1218	964
			1219	964
			1220	963
			1221	963
			1222	962
			1223	962
			1224	961
			1225	961
			1226	960
			1227	960
			1228	959
			1229	959
			1230	958
			1231	958
			1232	957
			1233	957
			1234	956
			1235	956
			1236	955
			1237	955
			1238	955
			1239	954
			1240	954
			1240	953
			1241	953
			1242	953
			1243	952
			1244	952
			1245	951
			1246	951
			1247	950
			1248	950
			1249	950
			1250	949
			1251	949
			1252	948
			1253	948
			1254	948
			1255	947
			1256	947
			1257	946
			1258	946
			1259	945
			1260	945
			1261	945
			1261	944
			1262	944
			1263	943
			1264	943
			1265	943
			1266	942
			1267	942
			1268	941
			1269	941
			1270	941
			1271	940
			1272	940
			1273	939
			1274	939
			1275	939
			1276	938
			1277	938
			1278	937
			1279	937
			1280	937
			1281	936
			1282	936
			1283	936
			1284	935
			1285	935
			1286	935
			1287	934
			1288	934
			1289	933
			1290	933
			1291	933
			1292	932
			1293	932
			1294	932
			1295	931
			1296	931
			1297	930
			1298	930
			1299	930
			1300	929
			1301	929
			1302	929
			1303	928
			1304	928
			1305	928
			1306	927
			1307	927
			1308	927
			1309	926
			1310	926
			1311	926
			1312	925
			1313	925
			1314	925
			1315	924
			1316	924
			1317	924
			1318	923
			1319	923
			1320	923
			1321	923
			1322	922
			1323	922
			1324	922
			1325	921
			1326	921
			1327	921
			1328	920
			1329	920
			1330	920
			1331	919
			1332	919
			1333	919
			1334	918
			1335	918
			1336	918
			1337	917
			1338	917
			1339	917
			1340	916
			1341	916
			1342	916
			1343	915
			1344	915
			1345	915
			1346	914
			1347	914
			1348	914
			1349	913
			1350	913
			1351	913
			1352	912
			1353	912
			1354	912
			1355	911
			1356	911
			1357	911
			1358	910
			1359	910
			1360	910
			1361	909
			1362	909
			1363	909
			1364	909
			1365	908
			1366	908
			1367	908
			1368	907
			1369	907
			1370	907
			1371	907
			1372	906
			1373	906
			1374	906
			1375	905
			1376	905
			1377	905
			1378	905
			1379	904
			1380	904
			1381	904
			1382	903
			1383	903
			1384	903
			1385	903
			1386	902
			1387	902
			1388	902
			1389	901
			1390	901
			1391	901
			1392	900
			1393	900
			1394	900
			1395	900
			1396	900
			1396	899
			1397	899
			1398	899
			1399	899
			1400	898
			1401	898
			1402	898
			1403	898
			1404	897
			1405	897
			1406	897
			1407	897
			1408	896
			1409	896
			1410	896
			1411	896
			1412	895
			1413	895
			1414	895
			1415	895
			1416	894
			1417	894
			1418	894
			1419	894
			1420	893
			1421	893
			1422	893
			1423	893
			1424	893
			1425	892
			1426	892
			1427	892
			1428	892
			1429	892
			1430	891
			1431	891
			1432	891
			1433	891
			1434	891
			1435	891
			1436	891
			1437	891
			1438	891
			1438	890
			1439	890
			1440	890
			1441	890
			1442	890
			1443	890
			1444	890
			1445	890
			1446	890
			1447	890
			1448	890
			1449	889
			1450	889
			1451	889
			1452	889
			1453	889
			1454	889
			1455	889
			1456	889
			1457	889
			1458	889
			1459	889
			1460	889
			1461	889
			1462	889
			1463	889
			1464	889
			1465	889
			1466	889
			1467	889
			1468	888
			1469	888
			1470	888
			1471	888
			1472	888
			1473	888
			1474	888
			1475	888
			1476	888
			1477	888
			1478	888
			1479	888
			1480	888
			1481	888
			1482	888
			1483	888
			1484	888
			1485	889
			1486	889
			1487	889
			1488	889
			1489	889
			1490	889
			1491	889
			1492	889
			1493	889
			1494	889
			1495	889
			1496	889
			1497	889
			1498	889
			1499	889
			1500	889
			1501	889
			1502	889
			1503	889
			1504	889
			1505	890
			1506	890
			1507	890
			1508	890
			1509	890
			1510	890
			1511	890
			1512	890
			1513	890
			1514	890
			1515	891
			1516	891
			1517	891
			1518	891
			1519	891
			1520	891
			1521	891
			1522	892
			1523	892
			1524	892
			1525	892
			1526	892
			1527	892
			1528	892
			1529	893
			1530	893
			1531	893
			1532	893
			1533	893
			1534	893
			1535	893
			1536	894
			1537	894
			1538	894
			1539	894
			1540	894
			1541	894
			1542	895
			1543	895
			1544	895
			1545	895
			1546	895
			1547	895
			1548	896
			1549	896
			1550	896
			1551	896
			1552	896
			1553	896
			1554	897
			1555	897
			1556	897
			1557	897
			1558	897
			1559	897
			1560	898
			1561	898
			1562	898
			1563	898
			1564	898
			1565	899
			1566	899
			1567	899
			1568	899
			1569	899
			1570	899
			1571	900
			1572	900
			1573	900
			1574	900
			1575	900
			1576	901
			1577	901
			1578	901
			1579	901
			1580	901
			1581	902
			1582	902
			1583	902
		</Head>
		<Tail1 type=matrix rownames=FALSE colnames=FALSE nrow=341 ncol=2 as.numeric=TRUE >
			1583	902
			1584	902
			1585	903
			1586	903
			1587	904
			1588	904
			1589	905
			1590	905
			1591	905
			1592	906
			1593	906
			1594	907
			1595	907
			1596	907
			1597	908
			1598	908
			1599	909
			1600	909
			1601	909
			1602	910
			1603	910
			1604	910
			1605	911
			1606	911
			1607	912
			1608	912
			1609	912
			1610	913
			1611	913
			1612	914
			1613	914
			1614	914
			1615	915
			1616	915
			1617	916
			1618	916
			1619	916
			1620	916
			1621	917
			1622	917
			1623	918
			1624	918
			1625	919
			1626	919
			1627	919
			1628	920
			1629	920
			1630	920
			1631	921
			1632	921
			1633	921
			1634	922
			1635	922
			1636	922
			1637	923
			1638	923
			1639	923
			1640	924
			1641	924
			1642	925
			1643	925
			1644	925
			1645	925
			1646	926
			1647	926
			1648	926
			1649	927
			1650	927
			1651	928
			1652	928
			1653	928
			1654	929
			1655	929
			1656	929
			1657	930
			1658	930
			1659	930
			1660	931
			1661	931
			1662	931
			1663	932
			1664	932
			1665	932
			1666	933
			1667	933
			1668	933
			1668	934
			1669	934
			1670	934
			1671	935
			1672	935
			1673	935
			1674	936
			1675	936
			1676	936
			1677	937
			1678	937
			1679	937
			1680	938
			1681	938
			1682	938
			1683	939
			1684	939
			1685	939
			1686	940
			1687	940
			1688	940
			1689	941
			1690	941
			1691	941
			1692	942
			1693	942
			1694	942
			1695	943
			1696	943
			1697	943
			1698	944
			1699	944
			1700	944
			1701	945
			1702	945
			1703	945
			1704	946
			1705	946
			1706	946
			1707	947
			1708	947
			1709	947
			1710	948
			1711	948
			1712	948
			1713	949
			1714	949
			1715	949
			1716	949
			1717	950
			1718	950
			1719	950
			1720	951
			1721	951
			1722	951
			1723	952
			1724	952
			1725	952
			1726	953
			1727	953
			1728	953
			1729	954
			1730	954
			1731	954
			1732	954
			1733	955
			1734	955
			1735	955
			1736	956
			1737	956
			1738	956
			1739	957
			1740	957
			1741	957
			1742	958
			1743	958
			1744	958
			1745	959
			1746	959
			1747	959
			1748	959
			1749	960
			1750	960
			1751	960
			1752	960
			1753	961
			1754	961
			1755	961
			1756	962
			1757	962
			1758	962
			1759	963
			1760	963
			1761	963
			1762	963
			1763	964
			1764	964
			1765	964
			1766	965
			1767	965
			1768	965
			1769	966
			1770	966
			1771	966
			1772	966
			1773	967
			1774	967
			1775	967
			1776	967
			1777	968
			1778	968
			1779	968
			1780	968
			1781	968
			1782	968
			1783	969
			1784	969
			1785	969
			1786	969
			1787	969
			1788	970
			1789	970
			1790	970
			1791	970
			1792	970
			1793	970
			1794	970
			1795	971
			1796	971
			1797	971
			1798	971
			1799	971
			1800	971
			1800	972
			1801	972
			1802	972
			1803	972
			1804	972
			1805	972
			1806	973
			1807	973
			1808	973
			1809	973
			1810	973
			1811	973
			1812	974
			1813	974
			1814	974
			1815	974
			1816	974
			1817	974
			1817	975
			1818	975
			1819	975
			1820	975
			1821	975
			1822	975
			1823	975
			1823	976
			1824	976
			1825	976
			1826	976
			1827	976
			1828	976
			1829	976
			1830	977
			1831	977
			1832	977
			1833	977
			1834	977
			1835	977
			1836	978
			1837	978
			1838	978
			1839	978
			1840	978
			1841	978
			1842	979
			1843	979
			1844	979
			1845	979
			1846	979
			1847	979
			1848	980
			1849	980
			1850	980
			1851	980
			1852	980
			1853	980
			1854	981
			1855	981
			1856	981
			1857	981
			1858	981
			1859	981
			1860	982
			1861	982
			1862	982
			1863	982
			1864	982
			1865	982
			1866	983
			1867	983
			1868	983
			1869	983
			1870	983
			1871	983
			1872	984
			1873	984
			1874	984
			1875	984
			1876	984
			1877	984
			1878	985
			1879	985
			1880	985
			1881	985
			1882	985
			1883	986
			1884	986
			1885	986
			1886	986
			1886	987
			1887	987
			1888	987
			1889	987
			1890	988
			1891	988
			1892	988
			1893	988
			1894	988
			1895	989
			1896	989
			1897	989
			1898	989
			1899	989
			1900	989
			1901	990
			1902	990
			1903	990
			1904	990
			1905	990
			1906	990
			1907	990
			1908	990
			1909	990
			1910	990
			1911	990
			1912	990
			1913	990
			1914	990
			1915	990
			1916	990
			1917	990
			1918	990
		</Tail1>
		<End type=matrix rownames=FALSE colnames=FALSE nrow=207 ncol=2 as.numeric=TRUE >
			1918	990
			1919	990
			1920	990
			1921	990
			1922	990
			1923	990
			1924	990
			1925	990
			1926	990
			1927	990
			1928	990
			1929	990
			1930	991
			1931	991
			1932	991
			1933	991
			1934	991
			1935	991
			1936	991
			1937	991
			1938	991
			1939	991
			1940	992
			1941	992
			1942	992
			1943	992
			1944	992
			1945	992
			1946	993
			1947	993
			1948	993
			1949	993
			1950	993
			1951	993
			1952	994
			1953	994
			1954	994
			1955	995
			1956	995
			1957	995
			1958	996
			1959	996
			1960	996
			1961	997
			1962	997
			1963	998
			1964	998
			1965	999
			1966	999
			1967	1000
			1968	1001
			1969	1001
			1970	1002
			1971	1003
			1972	1003
			1972	1004
			1973	1005
			1974	1005
			1974	1006
			1975	1007
			1976	1008
			1976	1009
			1977	1009
			1977	1010
			1977	1011
			1978	1012
			1978	1013
			1978	1014
			1979	1015
			1979	1016
			1979	1017
			1979	1018
			1979	1019
			1979	1020
			1979	1021
			1979	1022
			1979	1023
			1979	1024
			1980	1025
			1980	1026
			1980	1027
			1980	1028
			1980	1029
			1980	1030
			1980	1031
			1980	1032
			1980	1033
			1981	1034
			1981	1035
			1981	1036
			1981	1037
			1981	1038
			1981	1039
			1981	1040
			1981	1041
			1981	1042
			1981	1043
			1981	1044
			1981	1045
			1981	1046
			1981	1047
			1981	1048
			1981	1049
			1981	1050
			1981	1051
			1981	1052
			1981	1053
			1981	1054
			1980	1055
			1980	1056
			1980	1057
			1980	1058
			1980	1059
			1980	1060
			1980	1061
			1980	1062
			1980	1063
			1980	1064
			1980	1065
			1980	1066
			1980	1067
			1980	1068
			1980	1069
			1980	1070
			1979	1071
			1979	1072
			1979	1073
			1979	1074
			1979	1075
			1979	1076
			1979	1077
			1979	1078
			1979	1079
			1979	1080
			1978	1081
			1978	1082
			1978	1083
			1978	1084
			1978	1085
			1978	1086
			1978	1087
			1978	1088
			1978	1089
			1978	1090
			1978	1091
			1978	1092
			1978	1093
			1978	1094
			1977	1095
			1977	1096
			1977	1097
			1977	1098
			1977	1099
			1976	1099
			1976	1100
			1976	1101
			1975	1102
			1975	1103
			1974	1104
			1974	1105
			1973	1106
			1972	1107
			1971	1108
			1971	1109
			1970	1110
			1969	1111
			1968	1112
			1967	1112
			1966	1113
			1965	1114
			1964	1115
			1963	1115
			1962	1116
			1961	1117
			1960	1117
			1959	1118
			1958	1118
			1957	1119
			1956	1119
			1955	1119
			1954	1120
			1953	1120
			1952	1121
			1951	1121
			1950	1121
			1949	1122
			1948	1122
			1947	1122
			1946	1122
			1945	1123
			1944	1123
			1943	1123
			1942	1123
			1941	1123
			1940	1124
			1939	1124
			1938	1124
			1937	1124
			1936	1124
			1935	1124
			1934	1124
			1933	1125
			1932	1125
			1931	1125
			1930	1125
			1929	1125
			1928	1125
		</End>
		<Tail2 type=matrix rownames=FALSE colnames=FALSE nrow=177 ncol=2 as.numeric=TRUE >
			1928	1125
			1927	1125
			1926	1125
			1925	1124
			1924	1124
			1923	1124
			1922	1124
			1921	1124
			1920	1123
			1919	1123
			1918	1123
			1917	1123
			1916	1123
			1915	1123
			1914	1123
			1913	1122
			1912	1122
			1911	1122
			1910	1122
			1909	1122
			1908	1122
			1907	1122
			1906	1122
			1905	1121
			1904	1121
			1903	1121
			1902	1121
			1901	1121
			1900	1121
			1899	1121
			1898	1121
			1897	1121
			1896	1121
			1895	1121
			1894	1121
			1893	1121
			1892	1120
			1891	1120
			1890	1120
			1889	1120
			1888	1120
			1887	1120
			1886	1120
			1885	1120
			1884	1120
			1883	1120
			1882	1120
			1881	1120
			1880	1120
			1879	1120
			1878	1120
			1877	1120
			1876	1120
			1875	1120
			1874	1120
			1873	1120
			1872	1120
			1871	1120
			1870	1120
			1869	1120
			1868	1120
			1867	1120
			1866	1120
			1865	1120
			1864	1121
			1863	1121
			1862	1121
			1861	1121
			1860	1121
			1859	1121
			1858	1121
			1857	1121
			1856	1121
			1855	1121
			1854	1121
			1853	1121
			1852	1121
			1851	1121
			1850	1121
			1849	1121
			1848	1121
			1847	1121
			1846	1121
			1845	1121
			1844	1121
			1843	1121
			1842	1121
			1841	1121
			1840	1121
			1839	1121
			1838	1121
			1837	1121
			1836	1121
			1835	1121
			1834	1121
			1833	1121
			1832	1121
			1831	1121
			1830	1121
			1829	1121
			1828	1121
			1827	1121
			1826	1121
			1825	1121
			1824	1121
			1823	1121
			1822	1121
			1821	1121
			1820	1121
			1819	1121
			1818	1121
			1817	1122
			1816	1122
			1815	1122
			1814	1122
			1813	1122
			1812	1122
			1811	1122
			1810	1122
			1809	1122
			1808	1122
			1807	1122
			1806	1122
			1805	1122
			1804	1122
			1803	1122
			1802	1122
			1801	1122
			1800	1122
			1799	1122
			1798	1122
			1797	1122
			1796	1122
			1795	1122
			1794	1122
			1793	1122
			1792	1122
			1791	1122
			1790	1122
			1789	1122
			1788	1122
			1787	1122
			1786	1122
			1786	1123
			1785	1123
			1784	1123
			1783	1123
			1782	1123
			1781	1123
			1780	1123
			1779	1123
			1778	1123
			1777	1123
			1776	1123
			1775	1123
			1774	1123
			1774	1124
			1773	1124
			1772	1124
			1771	1124
			1770	1124
			1769	1124
			1768	1124
			1767	1124
			1766	1124
			1765	1125
			1764	1125
			1763	1125
			1762	1125
			1761	1125
			1760	1125
			1759	1125
			1758	1125
			1757	1126
			1756	1126
			1755	1126
			1754	1126
		</Tail2>
		<AnalFin type=matrix rownames=FALSE colnames=FALSE nrow=91 ncol=2 as.numeric=TRUE >
			1754	1126
			1753	1126
			1752	1126
			1751	1127
			1750	1127
			1749	1127
			1748	1127
			1747	1127
			1746	1128
			1745	1128
			1744	1128
			1743	1129
			1742	1129
			1741	1129
			1740	1129
			1739	1130
			1738	1130
			1737	1130
			1736	1130
			1735	1131
			1734	1131
			1733	1132
			1732	1132
			1731	1132
			1730	1133
			1729	1133
			1728	1134
			1727	1134
			1726	1134
			1725	1135
			1724	1135
			1724	1136
			1723	1136
			1722	1136
			1721	1137
			1720	1138
			1719	1138
			1718	1139
			1717	1139
			1717	1140
			1716	1140
			1715	1141
			1714	1141
			1713	1142
			1712	1143
			1711	1143
			1710	1144
			1709	1144
			1708	1145
			1707	1146
			1706	1147
			1705	1147
			1704	1148
			1703	1148
			1703	1149
			1702	1149
			1701	1150
			1700	1151
			1699	1152
			1698	1153
			1697	1153
			1696	1154
			1696	1155
			1695	1156
			1694	1157
			1693	1158
			1692	1159
			1691	1159
			1690	1160
			1689	1161
			1688	1161
			1687	1162
			1686	1162
			1685	1162
			1684	1162
			1683	1163
			1682	1163
			1681	1163
			1680	1163
			1679	1163
			1678	1163
			1677	1163
			1676	1162
			1675	1162
			1674	1162
			1673	1161
			1672	1161
			1671	1160
			1670	1160
			1669	1159
			1668	1159
		</AnalFin>
		<Pectfin type=matrix rownames=FALSE colnames=FALSE nrow=68 ncol=2 as.numeric=TRUE >
			1392	1094
			1392	1095
			1392	1096
			1392	1097
			1392	1098
			1392	1099
			1392	1100
			1393	1101
			1393	1102
			1393	1103
			1393	1104
			1393	1105
			1393	1106
			1393	1107
			1393	1108
			1393	1109
			1393	1110
			1393	1111
			1393	1112
			1393	1113
			1392	1114
			1392	1115
			1392	1116
			1392	1117
			1392	1118
			1392	1119
			1392	1120
			1392	1121
			1392	1122
			1392	1123
			1392	1124
			1391	1124
			1391	1125
			1391	1126
			1391	1127
			1391	1128
			1391	1129
			1391	1130
			1390	1131
			1390	1132
			1390	1133
			1390	1134
			1389	1135
			1389	1136
			1389	1137
			1389	1138
			1388	1138
			1388	1139
			1388	1140
			1388	1141
			1387	1142
			1387	1143
			1387	1144
			1386	1145
			1386	1146
			1385	1147
			1385	1148
			1385	1149
			1384	1150
			1384	1151
			1384	1152
			1384	1153
			1383	1153
			1383	1154
			1383	1155
			1383	1156
			1382	1156
			1382	1157
		</Pectfin>
		<Opercle type=matrix rownames=FALSE colnames=FALSE nrow=158 ncol=2 as.numeric=TRUE >
			1372	1029
			1373	1030
			1374	1031
			1375	1032
			1376	1033
			1377	1034
			1378	1035
			1378	1036
			1379	1037
			1379	1038
			1380	1038
			1380	1039
			1381	1040
			1381	1041
			1381	1042
			1382	1043
			1382	1044
			1383	1045
			1383	1046
			1383	1047
			1384	1048
			1384	1049
			1384	1050
			1384	1051
			1384	1052
			1384	1053
			1385	1054
			1385	1055
			1385	1056
			1385	1057
			1385	1058
			1385	1059
			1385	1060
			1385	1061
			1385	1062
			1384	1063
			1384	1064
			1384	1065
			1383	1066
			1383	1067
			1382	1068
			1382	1069
			1382	1070
			1381	1071
			1381	1072
			1380	1073
			1380	1074
			1379	1075
			1379	1076
			1378	1077
			1378	1078
			1377	1078
			1377	1079
			1376	1080
			1376	1081
			1375	1082
			1375	1083
			1374	1084
			1374	1085
			1373	1085
			1373	1086
			1372	1087
			1372	1088
			1371	1089
			1370	1090
			1369	1091
			1369	1092
			1368	1093
			1367	1094
			1366	1095
			1365	1096
			1364	1097
			1363	1098
			1362	1099
			1361	1100
			1360	1101
			1359	1102
			1358	1103
			1357	1104
			1356	1104
			1355	1105
			1354	1106
			1353	1107
			1352	1108
			1351	1108
			1350	1109
			1349	1110
			1348	1110
			1347	1111
			1346	1112
			1345	1112
			1344	1113
			1343	1114
			1342	1114
			1341	1115
			1340	1115
			1339	1116
			1338	1116
			1337	1117
			1336	1118
			1335	1118
			1334	1119
			1333	1119
			1332	1120
			1331	1120
			1330	1120
			1329	1121
			1328	1121
			1327	1122
			1326	1122
			1325	1123
			1324	1123
			1323	1123
			1322	1124
			1321	1124
			1320	1124
			1319	1125
			1318	1125
			1317	1125
			1316	1126
			1315	1126
			1314	1126
			1313	1126
			1312	1126
			1311	1126
			1310	1126
			1309	1126
			1308	1127
			1307	1127
			1306	1127
			1305	1127
			1304	1127
			1303	1127
			1302	1127
			1301	1127
			1300	1127
			1299	1127
			1298	1127
			1297	1127
			1296	1127
			1295	1127
			1294	1127
			1293	1127
			1292	1127
			1291	1126
			1290	1126
			1289	1126
			1288	1126
			1287	1126
			1286	1126
			1285	1126
			1284	1126
			1283	1126
			1282	1126
			1281	1125
			1280	1125
			1279	1125
			1278	1125
		</Opercle>
		<Preopercle type=matrix rownames=FALSE colnames=FALSE nrow=68 ncol=2 as.numeric=TRUE >
			1292	1060
			1292	1061
			1292	1062
			1292	1063
			1291	1064
			1291	1065
			1291	1066
			1291	1067
			1291	1068
			1291	1069
			1290	1070
			1290	1071
			1290	1072
			1290	1073
			1290	1074
			1290	1075
			1289	1076
			1289	1077
			1289	1078
			1289	1079
			1289	1080
			1288	1081
			1288	1082
			1288	1083
			1288	1084
			1287	1085
			1287	1086
			1287	1087
			1287	1088
			1287	1089
			1286	1090
			1286	1091
			1286	1092
			1286	1093
			1286	1094
			1285	1094
			1285	1095
			1285	1096
			1285	1097
			1285	1098
			1284	1099
			1284	1100
			1284	1101
			1284	1102
			1284	1103
			1284	1104
			1283	1105
			1283	1106
			1283	1107
			1283	1108
			1283	1109
			1283	1110
			1282	1111
			1282	1112
			1282	1113
			1282	1114
			1282	1115
			1281	1115
			1281	1116
			1281	1117
			1281	1118
			1280	1119
			1280	1120
			1280	1121
			1279	1122
			1279	1123
			1278	1124
			1278	1125
		</Preopercle>
	</curves.pixel>
	<curves.scaled type=list>
		<Eye type=matrix rownames=FALSE colnames=FALSE nrow=183 ncol=2 as.numeric=TRUE >
			49.8827941810875	-38.7756117576849
			49.9226048707771	-38.7756117576849
			49.9624155604667	-38.7756117576849
			50.0022262501563	-38.7756117576849
			50.0420369398459	-38.7756117576849
			50.0420369398459	-38.8154224473745
			50.0818476295356	-38.8154224473745
			50.1216583192252	-38.8154224473745
			50.1614690089148	-38.8154224473745
			50.2012796986044	-38.8154224473745
			50.241090388294	-38.8552331370642
			50.2809010779836	-38.8552331370642
			50.3207117676732	-38.8552331370642
			50.3605224573629	-38.8950438267538
			50.4003331470525	-38.8950438267538
			50.4401438367421	-38.9348545164434
			50.4799545264317	-38.9348545164434
			50.5197652161213	-38.974665206133
			50.5595759058109	-38.974665206133
			50.5595759058109	-39.0144758958226
			50.5993865955005	-39.0144758958226
			50.6391972851902	-39.0542865855122
			50.6790079748798	-39.0940972752018
			50.7188186645694	-39.1339079648915
			50.758629354259	-39.1737186545811
			50.758629354259	-39.2135293442707
			50.7984400439486	-39.2533400339603
			50.7984400439486	-39.2931507236499
			50.8382507336382	-39.3329614133395
			50.8382507336382	-39.3727721030291
			50.8780614233279	-39.3727721030291
			50.8780614233279	-39.4125827927188
			50.8780614233279	-39.4523934824084
			50.9178721130175	-39.492204172098
			50.9178721130175	-39.5320148617876
			50.9178721130175	-39.5718255514772
			50.9178721130175	-39.6116362411668
			50.9178721130175	-39.6514469308565
			50.9178721130175	-39.6912576205461
			50.9178721130175	-39.7310683102357
			50.9576828027071	-39.7708789999253
			50.9576828027071	-39.8106896896149
			50.9576828027071	-39.8505003793045
			50.9576828027071	-39.8903110689941
			50.9576828027071	-39.9301217586838
			50.9178721130175	-39.9699324483734
			50.9178721130175	-40.009743138063
			50.9178721130175	-40.0495538277526
			50.9178721130175	-40.0893645174422
			50.9178721130175	-40.1291752071318
			50.9178721130175	-40.1689858968214
			50.9178721130175	-40.2087965865111
			50.9178721130175	-40.2486072762007
			50.8780614233279	-40.2884179658903
			50.8780614233279	-40.3282286555799
			50.8780614233279	-40.3680393452695
			50.8382507336382	-40.4078500349591
			50.8382507336382	-40.4476607246487
			50.7984400439486	-40.4874714143384
			50.7984400439486	-40.527282104028
			50.758629354259	-40.5670927937176
			50.758629354259	-40.6069034834072
			50.7188186645694	-40.6467141730968
			50.6790079748798	-40.6865248627864
			50.6391972851902	-40.7263355524761
			50.6391972851902	-40.7661462421657
			50.5993865955005	-40.7661462421657
			50.5993865955005	-40.8059569318553
			50.5595759058109	-40.8457676215449
			50.5197652161213	-40.8855783112345
			50.4799545264317	-40.9253890009241
			50.4401438367421	-40.9651996906137
			50.4003331470525	-41.0050103803034
			50.3605224573629	-41.0050103803034
			50.3207117676732	-41.044821069993
			50.2809010779836	-41.044821069993
			50.2809010779836	-41.0846317596826
			50.241090388294	-41.0846317596826
			50.2012796986044	-41.1244424493722
			50.1614690089148	-41.1244424493722
			50.1216583192252	-41.1244424493722
			50.1216583192252	-41.1642531390618
			50.0818476295356	-41.1642531390618
			50.0420369398459	-41.1642531390618
			50.0022262501563	-41.1642531390618
			49.9624155604667	-41.2040638287514
			49.9226048707771	-41.2040638287514
			49.8827941810875	-41.2040638287514
			49.8429834913979	-41.2040638287514
			49.8031728017083	-41.2040638287514
			49.7633621120186	-41.2040638287514
			49.723551422329	-41.2040638287514
			49.6837407326394	-41.2040638287514
			49.6439300429498	-41.2040638287514
			49.6041193532602	-41.2040638287514
			49.5643086635706	-41.1642531390618
			49.5244979738809	-41.1642531390618
			49.4846872841913	-41.1642531390618
			49.4448765945017	-41.1642531390618
			49.4050659048121	-41.1642531390618
			49.4050659048121	-41.1244424493722
			49.3652552151225	-41.1244424493722
			49.3254445254329	-41.1244424493722
			49.2856338357433	-41.0846317596826
			49.2458231460536	-41.0846317596826
			49.206012456364	-41.044821069993
			49.1662017666744	-41.044821069993
			49.1263910769848	-41.0050103803034
			49.0865803872952	-41.0050103803034
			49.0467696976056	-40.9651996906137
			49.006959007916	-40.9253890009241
			48.9671483182263	-40.8855783112345
			48.9273376285367	-40.8457676215449
			48.8875269388471	-40.8457676215449
			48.8477162491575	-40.8059569318553
			48.8079055594679	-40.7661462421657
			48.8079055594679	-40.7263355524761
			48.7680948697783	-40.7263355524761
			48.7282841800887	-40.6865248627864
			48.688473490399	-40.6467141730968
			48.688473490399	-40.6069034834072
			48.6486628007094	-40.5670927937176
			48.6088521110198	-40.527282104028
			48.6088521110198	-40.4874714143384
			48.5690414213302	-40.4476607246487
			48.5690414213302	-40.4078500349591
			48.5292307316406	-40.3680393452695
			48.5292307316406	-40.3282286555799
			48.5292307316406	-40.2884179658903
			48.489420041951	-40.2486072762007
			48.489420041951	-40.2087965865111
			48.489420041951	-40.1689858968214
			48.489420041951	-40.1291752071318
			48.489420041951	-40.0893645174422
			48.489420041951	-40.0495538277526
			48.489420041951	-40.009743138063
			48.489420041951	-39.9699324483734
			48.489420041951	-39.9301217586838
			48.489420041951	-39.8903110689941
			48.5292307316406	-39.8505003793045
			48.5292307316406	-39.8106896896149
			48.5292307316406	-39.7708789999253
			48.5690414213302	-39.7310683102357
			48.5690414213302	-39.6912576205461
			48.5690414213302	-39.6514469308565
			48.6088521110198	-39.6116362411668
			48.6088521110198	-39.5718255514772
			48.6486628007094	-39.5320148617876
			48.688473490399	-39.492204172098
			48.688473490399	-39.4523934824084
			48.7282841800887	-39.4125827927188
			48.7282841800887	-39.3727721030291
			48.7680948697783	-39.3329614133395
			48.8079055594679	-39.2931507236499
			48.8079055594679	-39.2533400339603
			48.8477162491575	-39.2135293442707
			48.8875269388471	-39.1737186545811
			48.9273376285367	-39.1339079648915
			48.9671483182263	-39.0940972752018
			49.006959007916	-39.0542865855122
			49.0467696976056	-39.0144758958226
			49.0865803872952	-39.0144758958226
			49.0865803872952	-38.974665206133
			49.1263910769848	-38.9348545164434
			49.1662017666744	-38.9348545164434
			49.206012456364	-38.8950438267538
			49.2458231460536	-38.8950438267538
			49.2856338357433	-38.8552331370642
			49.3254445254329	-38.8552331370642
			49.3652552151225	-38.8552331370642
			49.4050659048121	-38.8154224473745
			49.4448765945017	-38.8154224473745
			49.4846872841913	-38.8154224473745
			49.5244979738809	-38.8154224473745
			49.5643086635706	-38.7756117576849
			49.6041193532602	-38.7756117576849
			49.6439300429498	-38.7756117576849
			49.6837407326394	-38.7756117576849
			49.723551422329	-38.7756117576849
			49.7633621120186	-38.7756117576849
			49.8031728017083	-38.7756117576849
			49.8429834913979	-38.7756117576849
			49.8827941810875	-38.7756117576849
		</Eye>
		<Head type=matrix rownames=FALSE colnames=FALSE nrow=422 ncol=2 as.numeric=TRUE >
			46.5785069368494	-39.492204172098
			46.6183176265391	-39.4523934824084
			46.6581283162287	-39.4125827927188
			46.6979390059183	-39.4125827927188
			46.7377496956079	-39.3727721030291
			46.7775603852975	-39.3727721030291
			46.7775603852975	-39.3329614133395
			46.8173710749871	-39.3329614133395
			46.8571817646767	-39.2931507236499
			46.8969924543664	-39.2931507236499
			46.936803144056	-39.2931507236499
			46.936803144056	-39.2533400339603
			46.9766138337456	-39.2533400339603
			47.0164245234352	-39.2135293442707
			47.0562352131248	-39.2135293442707
			47.0562352131248	-39.1737186545811
			47.0960459028144	-39.1737186545811
			47.1358565925041	-39.1339079648915
			47.1756672821937	-39.1339079648915
			47.1756672821937	-39.0940972752018
			47.2154779718833	-39.0940972752018
			47.2552886615729	-39.0542865855122
			47.2950993512625	-39.0542865855122
			47.3349100409521	-39.0144758958226
			47.3747207306417	-38.974665206133
			47.4145314203314	-38.974665206133
			47.454342110021	-38.9348545164434
			47.4941527997106	-38.9348545164434
			47.5339634894002	-38.8950438267538
			47.5737741790898	-38.8950438267538
			47.6135848687794	-38.8552331370642
			47.6533955584691	-38.8552331370642
			47.6932062481587	-38.8154224473745
			47.7330169378483	-38.8154224473745
			47.7728276275379	-38.7756117576849
			47.8126383172275	-38.7358010679953
			47.8524490069171	-38.7358010679953
			47.8922596966067	-38.6959903783057
			47.9320703862964	-38.6959903783057
			47.971881075986	-38.6561796886161
			48.0116917656756	-38.6561796886161
			48.0515024553652	-38.6163689989265
			48.0913131450548	-38.6163689989265
			48.1311238347444	-38.5765583092368
			48.170934524434	-38.5765583092368
			48.2107452141237	-38.5367476195472
			48.2505559038133	-38.5367476195472
			48.2903665935029	-38.4969369298576
			48.3301772831925	-38.457126240168
			48.3699879728821	-38.457126240168
			48.4097986625717	-38.4173155504784
			48.4496093522613	-38.4173155504784
			48.489420041951	-38.3775048607888
			48.5292307316406	-38.3775048607888
			48.5690414213302	-38.3376941710992
			48.6088521110198	-38.3376941710992
			48.6486628007094	-38.2978834814095
			48.688473490399	-38.2978834814095
			48.7282841800887	-38.2580727917199
			48.7680948697783	-38.2580727917199
			48.8079055594679	-38.2182621020303
			48.8477162491575	-38.2182621020303
			48.8875269388471	-38.1784514123407
			48.9273376285367	-38.1784514123407
			48.9671483182263	-38.1386407226511
			49.006959007916	-38.1386407226511
			49.0467696976056	-38.0988300329615
			49.0865803872952	-38.0988300329615
			49.1263910769848	-38.0590193432719
			49.1662017666744	-38.0590193432719
			49.206012456364	-38.0192086535822
			49.2458231460536	-38.0192086535822
			49.2856338357433	-38.0192086535822
			49.3254445254329	-37.9793979638926
			49.3652552151225	-37.9793979638926
			49.3652552151225	-37.939587274203
			49.4050659048121	-37.939587274203
			49.4448765945017	-37.939587274203
			49.4846872841913	-37.8997765845134
			49.5244979738809	-37.8997765845134
			49.5643086635706	-37.8599658948238
			49.6041193532602	-37.8599658948238
			49.6439300429498	-37.8201552051342
			49.6837407326394	-37.8201552051342
			49.723551422329	-37.8201552051342
			49.7633621120186	-37.7803445154445
			49.8031728017083	-37.7803445154445
			49.8429834913979	-37.7405338257549
			49.8827941810875	-37.7405338257549
			49.9226048707771	-37.7405338257549
			49.9624155604667	-37.7007231360653
			50.0022262501563	-37.7007231360653
			50.0420369398459	-37.6609124463757
			50.0818476295356	-37.6609124463757
			50.1216583192252	-37.6211017566861
			50.1614690089148	-37.6211017566861
			50.2012796986044	-37.6211017566861
			50.2012796986044	-37.5812910669965
			50.241090388294	-37.5812910669965
			50.2809010779836	-37.5414803773069
			50.3207117676732	-37.5414803773069
			50.3605224573629	-37.5414803773069
			50.4003331470525	-37.5016696876172
			50.4401438367421	-37.5016696876172
			50.4799545264317	-37.4618589979276
			50.5197652161213	-37.4618589979276
			50.5595759058109	-37.4618589979276
			50.5993865955005	-37.422048308238
			50.6391972851902	-37.422048308238
			50.6790079748798	-37.3822376185484
			50.7188186645694	-37.3822376185484
			50.758629354259	-37.3822376185484
			50.7984400439486	-37.3424269288588
			50.8382507336382	-37.3424269288588
			50.8780614233279	-37.3026162391692
			50.9178721130175	-37.3026162391692
			50.9576828027071	-37.3026162391692
			50.9974934923967	-37.2628055494796
			51.0373041820863	-37.2628055494796
			51.0771148717759	-37.2628055494796
			51.1169255614655	-37.2229948597899
			51.1567362511552	-37.2229948597899
			51.1965469408448	-37.2229948597899
			51.2363576305344	-37.1831841701003
			51.276168320224	-37.1831841701003
			51.3159790099136	-37.1433734804107
			51.3557896996032	-37.1433734804107
			51.3956003892929	-37.1433734804107
			51.4354110789825	-37.1035627907211
			51.4752217686721	-37.1035627907211
			51.5150324583617	-37.1035627907211
			51.5548431480513	-37.0637521010315
			51.5946538377409	-37.0637521010315
			51.6344645274305	-37.0239414113419
			51.6742752171202	-37.0239414113419
			51.7140859068098	-37.0239414113419
			51.7538965964994	-36.9841307216522
			51.793707286189	-36.9841307216522
			51.8335179758786	-36.9841307216522
			51.8733286655682	-36.9443200319626
			51.9131393552578	-36.9443200319626
			51.9529500449475	-36.9443200319626
			51.9927607346371	-36.904509342273
			52.0325714243267	-36.904509342273
			52.0723821140163	-36.904509342273
			52.1121928037059	-36.8646986525834
			52.1520034933955	-36.8646986525834
			52.1918141830851	-36.8646986525834
			52.2316248727748	-36.8248879628938
			52.2714355624644	-36.8248879628938
			52.311246252154	-36.8248879628938
			52.3510569418436	-36.7850772732042
			52.3908676315332	-36.7850772732042
			52.4306783212228	-36.7850772732042
			52.4704890109125	-36.7452665835146
			52.5102997006021	-36.7452665835146
			52.5501103902917	-36.7452665835146
			52.5899210799813	-36.7452665835146
			52.6297317696709	-36.7054558938249
			52.6695424593605	-36.7054558938249
			52.7093531490501	-36.7054558938249
			52.7491638387398	-36.6656452041353
			52.7889745284294	-36.6656452041353
			52.828785218119	-36.6656452041353
			52.8685959078086	-36.6258345144457
			52.9084065974982	-36.6258345144457
			52.9482172871878	-36.6258345144457
			52.9880279768774	-36.5860238247561
			53.0278386665671	-36.5860238247561
			53.0676493562567	-36.5860238247561
			53.1074600459463	-36.5462131350665
			53.1472707356359	-36.5462131350665
			53.1870814253255	-36.5462131350665
			53.2268921150151	-36.5064024453769
			53.2667028047047	-36.5064024453769
			53.3065134943944	-36.5064024453769
			53.346324184084	-36.4665917556873
			53.3861348737736	-36.4665917556873
			53.4259455634632	-36.4665917556873
			53.4657562531528	-36.4267810659976
			53.5055669428424	-36.4267810659976
			53.5453776325321	-36.4267810659976
			53.5851883222217	-36.386970376308
			53.6249990119113	-36.386970376308
			53.6648097016009	-36.386970376308
			53.7046203912905	-36.3471596866184
			53.7444310809801	-36.3471596866184
			53.7842417706697	-36.3471596866184
			53.8240524603594	-36.3073489969288
			53.863863150049	-36.3073489969288
			53.9036738397386	-36.3073489969288
			53.9434845294282	-36.2675383072392
			53.9832952191178	-36.2675383072392
			54.0231059088074	-36.2675383072392
			54.062916598497	-36.2277276175496
			54.1027272881867	-36.2277276175496
			54.1425379778763	-36.2277276175496
			54.1823486675659	-36.18791692786
			54.2221593572555	-36.18791692786
			54.2619700469451	-36.18791692786
			54.3017807366347	-36.18791692786
			54.3415914263243	-36.1481062381703
			54.381402116014	-36.1481062381703
			54.4212128057036	-36.1481062381703
			54.4610234953932	-36.1082955484807
			54.5008341850828	-36.1082955484807
			54.5406448747724	-36.1082955484807
			54.580455564462	-36.1082955484807
			54.6202662541517	-36.0684848587911
			54.6600769438413	-36.0684848587911
			54.6998876335309	-36.0684848587911
			54.7396983232205	-36.0286741691015
			54.7795090129101	-36.0286741691015
			54.8193197025997	-36.0286741691015
			54.8591303922893	-36.0286741691015
			54.898941081979	-35.9888634794119
			54.9387517716686	-35.9888634794119
			54.9785624613582	-35.9888634794119
			55.0183731510478	-35.9490527897223
			55.0581838407374	-35.9490527897223
			55.097994530427	-35.9490527897223
			55.1378052201167	-35.9490527897223
			55.1776159098063	-35.9092421000326
			55.2174265994959	-35.9092421000326
			55.2572372891855	-35.9092421000326
			55.2970479788751	-35.869431410343
			55.3368586685647	-35.869431410343
			55.3766693582543	-35.869431410343
			55.416480047944	-35.8296207206534
			55.4562907376336	-35.8296207206534
			55.4961014273232	-35.8296207206534
			55.5359121170128	-35.8296207206534
			55.5757228067024	-35.8296207206534
			55.5757228067024	-35.7898100309638
			55.615533496392	-35.7898100309638
			55.6553441860816	-35.7898100309638
			55.6951548757713	-35.7898100309638
			55.7349655654609	-35.7499993412742
			55.7747762551505	-35.7499993412742
			55.8145869448401	-35.7499993412742
			55.8543976345297	-35.7499993412742
			55.8942083242193	-35.7101886515846
			55.934019013909	-35.7101886515846
			55.9738297035986	-35.7101886515846
			56.0136403932882	-35.7101886515846
			56.0534510829778	-35.670377961895
			56.0932617726674	-35.670377961895
			56.133072462357	-35.670377961895
			56.1728831520466	-35.670377961895
			56.2126938417363	-35.6305672722053
			56.2525045314259	-35.6305672722053
			56.2923152211155	-35.6305672722053
			56.3321259108051	-35.6305672722053
			56.3719366004947	-35.5907565825157
			56.4117472901843	-35.5907565825157
			56.4515579798739	-35.5907565825157
			56.4913686695636	-35.5907565825157
			56.5311793592532	-35.5509458928261
			56.5709900489428	-35.5509458928261
			56.6108007386324	-35.5509458928261
			56.650611428322	-35.5509458928261
			56.6904221180116	-35.5509458928261
			56.7302328077012	-35.5111352031365
			56.7700434973909	-35.5111352031365
			56.8098541870805	-35.5111352031365
			56.8496648767701	-35.5111352031365
			56.8894755664597	-35.5111352031365
			56.9292862561493	-35.4713245134469
			56.9690969458389	-35.4713245134469
			57.0089076355286	-35.4713245134469
			57.0487183252182	-35.4713245134469
			57.0885290149078	-35.4713245134469
			57.1283397045974	-35.4713245134469
			57.168150394287	-35.4713245134469
			57.2079610839766	-35.4713245134469
			57.2477717736662	-35.4713245134469
			57.2477717736662	-35.4315138237573
			57.2875824633559	-35.4315138237573
			57.3273931530455	-35.4315138237573
			57.3672038427351	-35.4315138237573
			57.4070145324247	-35.4315138237573
			57.4468252221143	-35.4315138237573
			57.4866359118039	-35.4315138237573
			57.5264466014935	-35.4315138237573
			57.5662572911832	-35.4315138237573
			57.6060679808728	-35.4315138237573
			57.6458786705624	-35.4315138237573
			57.685689360252	-35.3917031340677
			57.7255000499416	-35.3917031340677
			57.7653107396312	-35.3917031340677
			57.8051214293208	-35.3917031340677
			57.8449321190105	-35.3917031340677
			57.8847428087001	-35.3917031340677
			57.9245534983897	-35.3917031340677
			57.9643641880793	-35.3917031340677
			58.0041748777689	-35.3917031340677
			58.0439855674585	-35.3917031340677
			58.0837962571482	-35.3917031340677
			58.1236069468378	-35.3917031340677
			58.1634176365274	-35.3917031340677
			58.203228326217	-35.3917031340677
			58.2430390159066	-35.3917031340677
			58.2828497055962	-35.3917031340677
			58.3226603952858	-35.3917031340677
			58.3624710849755	-35.3917031340677
			58.4022817746651	-35.3917031340677
			58.4420924643547	-35.351892444378
			58.4819031540443	-35.351892444378
			58.5217138437339	-35.351892444378
			58.5615245334235	-35.351892444378
			58.6013352231131	-35.351892444378
			58.6411459128028	-35.351892444378
			58.6809566024924	-35.351892444378
			58.720767292182	-35.351892444378
			58.7605779818716	-35.351892444378
			58.8003886715612	-35.351892444378
			58.8401993612508	-35.351892444378
			58.8800100509404	-35.351892444378
			58.9198207406301	-35.351892444378
			58.9596314303197	-35.351892444378
			58.9994421200093	-35.351892444378
			59.0392528096989	-35.351892444378
			59.0790634993885	-35.351892444378
			59.1188741890781	-35.3917031340677
			59.1586848787678	-35.3917031340677
			59.1984955684574	-35.3917031340677
			59.238306258147	-35.3917031340677
			59.2781169478366	-35.3917031340677
			59.3179276375262	-35.3917031340677
			59.3577383272158	-35.3917031340677
			59.3975490169054	-35.3917031340677
			59.4373597065951	-35.3917031340677
			59.4771703962847	-35.3917031340677
			59.5169810859743	-35.3917031340677
			59.5567917756639	-35.3917031340677
			59.5966024653535	-35.3917031340677
			59.6364131550431	-35.3917031340677
			59.6762238447328	-35.3917031340677
			59.7160345344224	-35.3917031340677
			59.755845224112	-35.3917031340677
			59.7956559138016	-35.3917031340677
			59.8354666034912	-35.3917031340677
			59.8752772931808	-35.3917031340677
			59.9150879828704	-35.4315138237573
			59.9548986725601	-35.4315138237573
			59.9947093622497	-35.4315138237573
			60.0345200519393	-35.4315138237573
			60.0743307416289	-35.4315138237573
			60.1141414313185	-35.4315138237573
			60.1539521210081	-35.4315138237573
			60.1937628106977	-35.4315138237573
			60.2335735003874	-35.4315138237573
			60.273384190077	-35.4315138237573
			60.3131948797666	-35.4713245134469
			60.3530055694562	-35.4713245134469
			60.3928162591458	-35.4713245134469
			60.4326269488354	-35.4713245134469
			60.4724376385251	-35.4713245134469
			60.5122483282147	-35.4713245134469
			60.5520590179043	-35.4713245134469
			60.5918697075939	-35.5111352031365
			60.6316803972835	-35.5111352031365
			60.6714910869731	-35.5111352031365
			60.7113017766627	-35.5111352031365
			60.7511124663524	-35.5111352031365
			60.790923156042	-35.5111352031365
			60.8307338457316	-35.5111352031365
			60.8705445354212	-35.5509458928261
			60.9103552251108	-35.5509458928261
			60.9501659148004	-35.5509458928261
			60.98997660449	-35.5509458928261
			61.0297872941797	-35.5509458928261
			61.0695979838693	-35.5509458928261
			61.1094086735589	-35.5509458928261
			61.1492193632485	-35.5907565825157
			61.1890300529381	-35.5907565825157
			61.2288407426277	-35.5907565825157
			61.2686514323173	-35.5907565825157
			61.308462122007	-35.5907565825157
			61.3482728116966	-35.5907565825157
			61.3880835013862	-35.6305672722053
			61.4278941910758	-35.6305672722053
			61.4677048807654	-35.6305672722053
			61.507515570455	-35.6305672722053
			61.5473262601447	-35.6305672722053
			61.5871369498343	-35.6305672722053
			61.6269476395239	-35.670377961895
			61.6667583292135	-35.670377961895
			61.7065690189031	-35.670377961895
			61.7463797085927	-35.670377961895
			61.7861903982823	-35.670377961895
			61.826001087972	-35.670377961895
			61.8658117776616	-35.7101886515846
			61.9056224673512	-35.7101886515846
			61.9454331570408	-35.7101886515846
			61.9852438467304	-35.7101886515846
			62.02505453642	-35.7101886515846
			62.0648652261096	-35.7101886515846
			62.1046759157993	-35.7499993412742
			62.1444866054889	-35.7499993412742
			62.1842972951785	-35.7499993412742
			62.2241079848681	-35.7499993412742
			62.2639186745577	-35.7499993412742
			62.3037293642473	-35.7898100309638
			62.3435400539369	-35.7898100309638
			62.3833507436266	-35.7898100309638
			62.4231614333162	-35.7898100309638
			62.4629721230058	-35.7898100309638
			62.5027828126954	-35.7898100309638
			62.542593502385	-35.8296207206534
			62.5824041920746	-35.8296207206534
			62.6222148817643	-35.8296207206534
			62.6620255714539	-35.8296207206534
			62.7018362611435	-35.8296207206534
			62.7416469508331	-35.869431410343
			62.7814576405227	-35.869431410343
			62.8212683302123	-35.869431410343
			62.8610790199019	-35.869431410343
			62.9008897095916	-35.869431410343
			62.9407003992812	-35.9092421000326
			62.9805110889708	-35.9092421000326
			63.0203217786604	-35.9092421000326
		</Head>
		<Tail1 type=matrix rownames=FALSE colnames=FALSE nrow=341 ncol=2 as.numeric=TRUE >
			63.0203217786604	-35.9092421000326
			63.06013246835	-35.9092421000326
			63.0999431580396	-35.9490527897223
			63.1397538477292	-35.9490527897223
			63.1795645374189	-35.9888634794119
			63.2193752271085	-35.9888634794119
			63.2591859167981	-36.0286741691015
			63.2989966064877	-36.0286741691015
			63.3388072961773	-36.0286741691015
			63.3786179858669	-36.0684848587911
			63.4184286755566	-36.0684848587911
			63.4582393652462	-36.1082955484807
			63.4980500549358	-36.1082955484807
			63.5378607446254	-36.1082955484807
			63.577671434315	-36.1481062381703
			63.6174821240046	-36.1481062381703
			63.6572928136942	-36.18791692786
			63.6971035033839	-36.18791692786
			63.7369141930735	-36.18791692786
			63.7767248827631	-36.2277276175496
			63.8165355724527	-36.2277276175496
			63.8563462621423	-36.2277276175496
			63.8961569518319	-36.2675383072392
			63.9359676415215	-36.2675383072392
			63.9757783312112	-36.3073489969288
			64.0155890209008	-36.3073489969288
			64.0553997105904	-36.3073489969288
			64.09521040028	-36.3471596866184
			64.1350210899696	-36.3471596866184
			64.1748317796592	-36.386970376308
			64.2146424693488	-36.386970376308
			64.2544531590385	-36.386970376308
			64.2942638487281	-36.4267810659976
			64.3340745384177	-36.4267810659976
			64.3738852281073	-36.4665917556873
			64.4136959177969	-36.4665917556873
			64.4535066074865	-36.4665917556873
			64.4933172971761	-36.4665917556873
			64.5331279868658	-36.5064024453769
			64.5729386765554	-36.5064024453769
			64.612749366245	-36.5462131350665
			64.6525600559346	-36.5462131350665
			64.6923707456242	-36.5860238247561
			64.7321814353138	-36.5860238247561
			64.7719921250035	-36.5860238247561
			64.8118028146931	-36.6258345144457
			64.8516135043827	-36.6258345144457
			64.8914241940723	-36.6258345144457
			64.9312348837619	-36.6656452041353
			64.9710455734515	-36.6656452041353
			65.0108562631412	-36.6656452041353
			65.0506669528308	-36.7054558938249
			65.0904776425204	-36.7054558938249
			65.13028833221	-36.7054558938249
			65.1700990218996	-36.7452665835146
			65.2099097115892	-36.7452665835146
			65.2497204012788	-36.7452665835146
			65.2895310909685	-36.7850772732042
			65.3293417806581	-36.7850772732042
			65.3691524703477	-36.8248879628938
			65.4089631600373	-36.8248879628938
			65.4487738497269	-36.8248879628938
			65.4885845394165	-36.8248879628938
			65.5283952291061	-36.8646986525834
			65.5682059187958	-36.8646986525834
			65.6080166084854	-36.8646986525834
			65.647827298175	-36.904509342273
			65.6876379878646	-36.904509342273
			65.7274486775542	-36.9443200319626
			65.7672593672438	-36.9443200319626
			65.8070700569334	-36.9443200319626
			65.8468807466231	-36.9841307216522
			65.8866914363127	-36.9841307216522
			65.9265021260023	-36.9841307216522
			65.9663128156919	-37.0239414113419
			66.0061235053815	-37.0239414113419
			66.0459341950711	-37.0239414113419
			66.0857448847608	-37.0637521010315
			66.1255555744504	-37.0637521010315
			66.16536626414	-37.0637521010315
			66.2051769538296	-37.1035627907211
			66.2449876435192	-37.1035627907211
			66.2847983332088	-37.1035627907211
			66.3246090228984	-37.1433734804107
			66.3644197125881	-37.1433734804107
			66.4042304022777	-37.1433734804107
			66.4042304022777	-37.1831841701003
			66.4440410919673	-37.1831841701003
			66.4838517816569	-37.1831841701003
			66.5236624713465	-37.2229948597899
			66.5634731610361	-37.2229948597899
			66.6032838507257	-37.2229948597899
			66.6430945404154	-37.2628055494796
			66.682905230105	-37.2628055494796
			66.7227159197946	-37.2628055494796
			66.7625266094842	-37.3026162391692
			66.8023372991738	-37.3026162391692
			66.8421479888634	-37.3026162391692
			66.881958678553	-37.3424269288588
			66.9217693682427	-37.3424269288588
			66.9615800579323	-37.3424269288588
			67.0013907476219	-37.3822376185484
			67.0412014373115	-37.3822376185484
			67.0810121270011	-37.3822376185484
			67.1208228166907	-37.422048308238
			67.1606335063803	-37.422048308238
			67.20044419607	-37.422048308238
			67.2402548857596	-37.4618589979276
			67.2800655754492	-37.4618589979276
			67.3198762651388	-37.4618589979276
			67.3596869548284	-37.5016696876172
			67.399497644518	-37.5016696876172
			67.4393083342077	-37.5016696876172
			67.4791190238973	-37.5414803773069
			67.5189297135869	-37.5414803773069
			67.5587404032765	-37.5414803773069
			67.5985510929661	-37.5812910669965
			67.6383617826557	-37.5812910669965
			67.6781724723454	-37.5812910669965
			67.717983162035	-37.6211017566861
			67.7577938517246	-37.6211017566861
			67.7976045414142	-37.6211017566861
			67.8374152311038	-37.6609124463757
			67.8772259207934	-37.6609124463757
			67.917036610483	-37.6609124463757
			67.9568473001727	-37.7007231360653
			67.9966579898623	-37.7007231360653
			68.0364686795519	-37.7007231360653
			68.0762793692415	-37.7405338257549
			68.1160900589311	-37.7405338257549
			68.1559007486207	-37.7405338257549
			68.1957114383103	-37.7803445154445
			68.235522128	-37.7803445154445
			68.2753328176896	-37.7803445154445
			68.3151435073792	-37.7803445154445
			68.3549541970688	-37.8201552051342
			68.3947648867584	-37.8201552051342
			68.434575576448	-37.8201552051342
			68.4743862661376	-37.8599658948238
			68.5141969558273	-37.8599658948238
			68.5540076455169	-37.8599658948238
			68.5938183352065	-37.8997765845134
			68.6336290248961	-37.8997765845134
			68.6734397145857	-37.8997765845134
			68.7132504042753	-37.939587274203
			68.7530610939649	-37.939587274203
			68.7928717836546	-37.939587274203
			68.8326824733442	-37.9793979638926
			68.8724931630338	-37.9793979638926
			68.9123038527234	-37.9793979638926
			68.952114542413	-37.9793979638926
			68.9919252321026	-38.0192086535822
			69.0317359217922	-38.0192086535822
			69.0715466114819	-38.0192086535822
			69.1113573011715	-38.0590193432719
			69.1511679908611	-38.0590193432719
			69.1909786805507	-38.0590193432719
			69.2307893702403	-38.0988300329615
			69.2706000599299	-38.0988300329615
			69.3104107496196	-38.0988300329615
			69.3502214393092	-38.1386407226511
			69.3900321289988	-38.1386407226511
			69.4298428186884	-38.1386407226511
			69.469653508378	-38.1784514123407
			69.5094641980676	-38.1784514123407
			69.5492748877572	-38.1784514123407
			69.5890855774469	-38.1784514123407
			69.6288962671365	-38.2182621020303
			69.6687069568261	-38.2182621020303
			69.7085176465157	-38.2182621020303
			69.7483283362053	-38.2182621020303
			69.7881390258949	-38.2580727917199
			69.8279497155846	-38.2580727917199
			69.8677604052742	-38.2580727917199
			69.9075710949638	-38.2978834814095
			69.9473817846534	-38.2978834814095
			69.987192474343	-38.2978834814095
			70.0270031640326	-38.3376941710992
			70.0668138537222	-38.3376941710992
			70.1066245434119	-38.3376941710992
			70.1464352331015	-38.3376941710992
			70.1862459227911	-38.3775048607888
			70.2260566124807	-38.3775048607888
			70.2658673021703	-38.3775048607888
			70.3056779918599	-38.4173155504784
			70.3454886815495	-38.4173155504784
			70.3852993712392	-38.4173155504784
			70.4251100609288	-38.457126240168
			70.4649207506184	-38.457126240168
			70.504731440308	-38.457126240168
			70.5445421299976	-38.457126240168
			70.5843528196872	-38.4969369298576
			70.6241635093769	-38.4969369298576
			70.6639741990665	-38.4969369298576
			70.7037848887561	-38.4969369298576
			70.7435955784457	-38.5367476195472
			70.7834062681353	-38.5367476195472
			70.8232169578249	-38.5367476195472
			70.8630276475145	-38.5367476195472
			70.9028383372042	-38.5367476195472
			70.9426490268938	-38.5367476195472
			70.9824597165834	-38.5765583092368
			71.022270406273	-38.5765583092368
			71.0620810959626	-38.5765583092368
			71.1018917856522	-38.5765583092368
			71.1417024753418	-38.5765583092368
			71.1815131650315	-38.6163689989265
			71.2213238547211	-38.6163689989265
			71.2611345444107	-38.6163689989265
			71.3009452341003	-38.6163689989265
			71.3407559237899	-38.6163689989265
			71.3805666134795	-38.6163689989265
			71.4203773031691	-38.6163689989265
			71.4601879928588	-38.6561796886161
			71.4999986825484	-38.6561796886161
			71.539809372238	-38.6561796886161
			71.5796200619276	-38.6561796886161
			71.6194307516172	-38.6561796886161
			71.6592414413068	-38.6561796886161
			71.6592414413068	-38.6959903783057
			71.6990521309964	-38.6959903783057
			71.7388628206861	-38.6959903783057
			71.7786735103757	-38.6959903783057
			71.8184842000653	-38.6959903783057
			71.8582948897549	-38.6959903783057
			71.8981055794445	-38.7358010679953
			71.9379162691341	-38.7358010679953
			71.9777269588238	-38.7358010679953
			72.0175376485134	-38.7358010679953
			72.057348338203	-38.7358010679953
			72.0971590278926	-38.7358010679953
			72.1369697175822	-38.7756117576849
			72.1767804072718	-38.7756117576849
			72.2165910969615	-38.7756117576849
			72.2564017866511	-38.7756117576849
			72.2962124763407	-38.7756117576849
			72.3360231660303	-38.7756117576849
			72.3360231660303	-38.8154224473745
			72.3758338557199	-38.8154224473745
			72.4156445454095	-38.8154224473745
			72.4554552350991	-38.8154224473745
			72.4952659247888	-38.8154224473745
			72.5350766144784	-38.8154224473745
			72.574887304168	-38.8154224473745
			72.574887304168	-38.8552331370642
			72.6146979938576	-38.8552331370642
			72.6545086835472	-38.8552331370642
			72.6943193732368	-38.8552331370642
			72.7341300629264	-38.8552331370642
			72.7739407526161	-38.8552331370642
			72.8137514423057	-38.8552331370642
			72.8535621319953	-38.8950438267538
			72.8933728216849	-38.8950438267538
			72.9331835113745	-38.8950438267538
			72.9729942010641	-38.8950438267538
			73.0128048907537	-38.8950438267538
			73.0526155804434	-38.8950438267538
			73.092426270133	-38.9348545164434
			73.1322369598226	-38.9348545164434
			73.1720476495122	-38.9348545164434
			73.2118583392018	-38.9348545164434
			73.2516690288914	-38.9348545164434
			73.291479718581	-38.9348545164434
			73.3312904082707	-38.974665206133
			73.3711010979603	-38.974665206133
			73.4109117876499	-38.974665206133
			73.4507224773395	-38.974665206133
			73.4905331670291	-38.974665206133
			73.5303438567187	-38.974665206133
			73.5701545464084	-39.0144758958226
			73.609965236098	-39.0144758958226
			73.6497759257876	-39.0144758958226
			73.6895866154772	-39.0144758958226
			73.7293973051668	-39.0144758958226
			73.7692079948564	-39.0144758958226
			73.809018684546	-39.0542865855122
			73.8488293742357	-39.0542865855122
			73.8886400639253	-39.0542865855122
			73.9284507536149	-39.0542865855122
			73.9682614433045	-39.0542865855122
			74.0080721329941	-39.0542865855122
			74.0478828226837	-39.0940972752018
			74.0876935123733	-39.0940972752018
			74.127504202063	-39.0940972752018
			74.1673148917526	-39.0940972752018
			74.2071255814422	-39.0940972752018
			74.2469362711318	-39.0940972752018
			74.2867469608214	-39.1339079648915
			74.326557650511	-39.1339079648915
			74.3663683402007	-39.1339079648915
			74.4061790298903	-39.1339079648915
			74.4459897195799	-39.1339079648915
			74.4858004092695	-39.1339079648915
			74.5256110989591	-39.1737186545811
			74.5654217886487	-39.1737186545811
			74.6052324783383	-39.1737186545811
			74.645043168028	-39.1737186545811
			74.6848538577176	-39.1737186545811
			74.7246645474072	-39.1737186545811
			74.7644752370968	-39.2135293442707
			74.8042859267864	-39.2135293442707
			74.844096616476	-39.2135293442707
			74.8839073061656	-39.2135293442707
			74.9237179958553	-39.2135293442707
			74.9635286855449	-39.2533400339603
			75.0033393752345	-39.2533400339603
			75.0431500649241	-39.2533400339603
			75.0829607546137	-39.2533400339603
			75.0829607546137	-39.2931507236499
			75.1227714443033	-39.2931507236499
			75.162582133993	-39.2931507236499
			75.2023928236826	-39.2931507236499
			75.2422035133722	-39.3329614133395
			75.2820142030618	-39.3329614133395
			75.3218248927514	-39.3329614133395
			75.361635582441	-39.3329614133395
			75.4014462721306	-39.3329614133395
			75.4412569618203	-39.3727721030291
			75.4810676515099	-39.3727721030291
			75.5208783411995	-39.3727721030291
			75.5606890308891	-39.3727721030291
			75.6004997205787	-39.3727721030291
			75.6403104102683	-39.3727721030291
			75.6801210999579	-39.4125827927188
			75.7199317896476	-39.4125827927188
			75.7597424793372	-39.4125827927188
			75.7995531690268	-39.4125827927188
			75.8393638587164	-39.4125827927188
			75.879174548406	-39.4125827927188
			75.9189852380956	-39.4125827927188
			75.9587959277852	-39.4125827927188
			75.9986066174749	-39.4125827927188
			76.0384173071645	-39.4125827927188
			76.0782279968541	-39.4125827927188
			76.1180386865437	-39.4125827927188
			76.1578493762333	-39.4125827927188
			76.1976600659229	-39.4125827927188
			76.2374707556125	-39.4125827927188
			76.2772814453022	-39.4125827927188
			76.3170921349918	-39.4125827927188
			76.3569028246814	-39.4125827927188
		</Tail1>
		<End type=matrix rownames=FALSE colnames=FALSE nrow=207 ncol=2 as.numeric=TRUE >
			76.3569028246814	-39.4125827927188
			76.396713514371	-39.4125827927188
			76.4365242040606	-39.4125827927188
			76.4763348937502	-39.4125827927188
			76.5161455834399	-39.4125827927188
			76.5559562731295	-39.4125827927188
			76.5957669628191	-39.4125827927188
			76.6355776525087	-39.4125827927188
			76.6753883421983	-39.4125827927188
			76.7151990318879	-39.4125827927188
			76.7550097215776	-39.4125827927188
			76.7948204112672	-39.4125827927188
			76.8346311009568	-39.4523934824084
			76.8744417906464	-39.4523934824084
			76.914252480336	-39.4523934824084
			76.9540631700256	-39.4523934824084
			76.9938738597152	-39.4523934824084
			77.0336845494049	-39.4523934824084
			77.0734952390945	-39.4523934824084
			77.1133059287841	-39.4523934824084
			77.1531166184737	-39.4523934824084
			77.1929273081633	-39.4523934824084
			77.2327379978529	-39.492204172098
			77.2725486875425	-39.492204172098
			77.3123593772322	-39.492204172098
			77.3521700669218	-39.492204172098
			77.3919807566114	-39.492204172098
			77.431791446301	-39.492204172098
			77.4716021359906	-39.5320148617876
			77.5114128256802	-39.5320148617876
			77.5512235153698	-39.5320148617876
			77.5910342050595	-39.5320148617876
			77.6308448947491	-39.5320148617876
			77.6706555844387	-39.5320148617876
			77.7104662741283	-39.5718255514772
			77.7502769638179	-39.5718255514772
			77.7900876535075	-39.5718255514772
			77.8298983431971	-39.6116362411668
			77.8697090328868	-39.6116362411668
			77.9095197225764	-39.6116362411668
			77.949330412266	-39.6514469308565
			77.9891411019556	-39.6514469308565
			78.0289517916452	-39.6514469308565
			78.0687624813348	-39.6912576205461
			78.1085731710245	-39.6912576205461
			78.1483838607141	-39.7310683102357
			78.1881945504037	-39.7310683102357
			78.2280052400933	-39.7708789999253
			78.2678159297829	-39.7708789999253
			78.3076266194725	-39.8106896896149
			78.3474373091621	-39.8505003793045
			78.3872479988518	-39.8505003793045
			78.4270586885414	-39.8903110689941
			78.466869378231	-39.9301217586838
			78.5066800679206	-39.9301217586838
			78.5066800679206	-39.9699324483734
			78.5464907576102	-40.009743138063
			78.5863014472998	-40.009743138063
			78.5863014472998	-40.0495538277526
			78.6261121369894	-40.0893645174422
			78.6659228266791	-40.1291752071318
			78.6659228266791	-40.1689858968214
			78.7057335163687	-40.1689858968214
			78.7057335163687	-40.2087965865111
			78.7057335163687	-40.2486072762007
			78.7455442060583	-40.2884179658903
			78.7455442060583	-40.3282286555799
			78.7455442060583	-40.3680393452695
			78.7853548957479	-40.4078500349591
			78.7853548957479	-40.4476607246487
			78.7853548957479	-40.4874714143384
			78.7853548957479	-40.527282104028
			78.7853548957479	-40.5670927937176
			78.7853548957479	-40.6069034834072
			78.7853548957479	-40.6467141730968
			78.7853548957479	-40.6865248627864
			78.7853548957479	-40.7263355524761
			78.7853548957479	-40.7661462421657
			78.8251655854375	-40.8059569318553
			78.8251655854375	-40.8457676215449
			78.8251655854375	-40.8855783112345
			78.8251655854375	-40.9253890009241
			78.8251655854375	-40.9651996906137
			78.8251655854375	-41.0050103803034
			78.8251655854375	-41.044821069993
			78.8251655854375	-41.0846317596826
			78.8251655854375	-41.1244424493722
			78.8649762751271	-41.1642531390618
			78.8649762751271	-41.2040638287514
			78.8649762751271	-41.243874518441
			78.8649762751271	-41.2836852081307
			78.8649762751271	-41.3234958978203
			78.8649762751271	-41.3633065875099
			78.8649762751271	-41.4031172771995
			78.8649762751271	-41.4429279668891
			78.8649762751271	-41.4827386565787
			78.8649762751271	-41.5225493462683
			78.8649762751271	-41.562360035958
			78.8649762751271	-41.6021707256476
			78.8649762751271	-41.6419814153372
			78.8649762751271	-41.6817921050268
			78.8649762751271	-41.7216027947164
			78.8649762751271	-41.761413484406
			78.8649762751271	-41.8012241740957
			78.8649762751271	-41.8410348637853
			78.8649762751271	-41.8808455534749
			78.8649762751271	-41.9206562431645
			78.8649762751271	-41.9604669328541
			78.8251655854375	-42.0002776225437
			78.8251655854375	-42.0400883122333
			78.8251655854375	-42.079899001923
			78.8251655854375	-42.1197096916126
			78.8251655854375	-42.1595203813022
			78.8251655854375	-42.1993310709918
			78.8251655854375	-42.2391417606814
			78.8251655854375	-42.278952450371
			78.8251655854375	-42.3187631400606
			78.8251655854375	-42.3585738297503
			78.8251655854375	-42.3983845194399
			78.8251655854375	-42.4381952091295
			78.8251655854375	-42.4780058988191
			78.8251655854375	-42.5178165885087
			78.8251655854375	-42.5576272781983
			78.8251655854375	-42.597437967888
			78.7853548957479	-42.6372486575776
			78.7853548957479	-42.6770593472672
			78.7853548957479	-42.7168700369568
			78.7853548957479	-42.7566807266464
			78.7853548957479	-42.796491416336
			78.7853548957479	-42.8363021060256
			78.7853548957479	-42.8761127957153
			78.7853548957479	-42.9159234854049
			78.7853548957479	-42.9557341750945
			78.7853548957479	-42.9955448647841
			78.7455442060583	-43.0353555544737
			78.7455442060583	-43.0751662441633
			78.7455442060583	-43.114976933853
			78.7455442060583	-43.1547876235426
			78.7455442060583	-43.1945983132322
			78.7455442060583	-43.2344090029218
			78.7455442060583	-43.2742196926114
			78.7455442060583	-43.314030382301
			78.7455442060583	-43.3538410719906
			78.7455442060583	-43.3936517616803
			78.7455442060583	-43.4334624513699
			78.7455442060583	-43.4732731410595
			78.7455442060583	-43.5130838307491
			78.7455442060583	-43.5528945204387
			78.7057335163687	-43.5927052101283
			78.7057335163687	-43.6325158998179
			78.7057335163687	-43.6723265895076
			78.7057335163687	-43.7121372791972
			78.7057335163687	-43.7519479688868
			78.6659228266791	-43.7519479688868
			78.6659228266791	-43.7917586585764
			78.6659228266791	-43.831569348266
			78.6261121369894	-43.8713800379556
			78.6261121369894	-43.9111907276452
			78.5863014472998	-43.9510014173349
			78.5863014472998	-43.9908121070245
			78.5464907576102	-44.0306227967141
			78.5066800679206	-44.0704334864037
			78.466869378231	-44.1102441760933
			78.466869378231	-44.1500548657829
			78.4270586885414	-44.1898655554726
			78.3872479988518	-44.2296762451622
			78.3474373091621	-44.2694869348518
			78.3076266194725	-44.2694869348518
			78.2678159297829	-44.3092976245414
			78.2280052400933	-44.349108314231
			78.1881945504037	-44.3889190039206
			78.1483838607141	-44.3889190039206
			78.1085731710245	-44.4287296936102
			78.0687624813348	-44.4685403832999
			78.0289517916452	-44.4685403832999
			77.9891411019556	-44.5083510729895
			77.949330412266	-44.5083510729895
			77.9095197225764	-44.5481617626791
			77.8697090328868	-44.5481617626791
			77.8298983431971	-44.5481617626791
			77.7900876535075	-44.5879724523687
			77.7502769638179	-44.5879724523687
			77.7104662741283	-44.6277831420583
			77.6706555844387	-44.6277831420583
			77.6308448947491	-44.6277831420583
			77.5910342050595	-44.6675938317479
			77.5512235153698	-44.6675938317479
			77.5114128256802	-44.6675938317479
			77.4716021359906	-44.6675938317479
			77.431791446301	-44.7074045214375
			77.3919807566114	-44.7074045214375
			77.3521700669218	-44.7074045214375
			77.3123593772322	-44.7074045214375
			77.2725486875425	-44.7074045214375
			77.2327379978529	-44.7472152111272
			77.1929273081633	-44.7472152111272
			77.1531166184737	-44.7472152111272
			77.1133059287841	-44.7472152111272
			77.0734952390945	-44.7472152111272
			77.0336845494049	-44.7472152111272
			76.9938738597152	-44.7472152111272
			76.9540631700256	-44.7870259008168
			76.914252480336	-44.7870259008168
			76.8744417906464	-44.7870259008168
			76.8346311009568	-44.7870259008168
			76.7948204112672	-44.7870259008168
			76.7550097215776	-44.7870259008168
		</End>
		<Tail2 type=matrix rownames=FALSE colnames=FALSE nrow=177 ncol=2 as.numeric=TRUE >
			76.7550097215776	-44.7870259008168
			76.7151990318879	-44.7870259008168
			76.6753883421983	-44.7870259008168
			76.6355776525087	-44.7472152111272
			76.5957669628191	-44.7472152111272
			76.5559562731295	-44.7472152111272
			76.5161455834399	-44.7472152111272
			76.4763348937502	-44.7472152111272
			76.4365242040606	-44.7074045214375
			76.396713514371	-44.7074045214375
			76.3569028246814	-44.7074045214375
			76.3170921349918	-44.7074045214375
			76.2772814453022	-44.7074045214375
			76.2374707556125	-44.7074045214375
			76.1976600659229	-44.7074045214375
			76.1578493762333	-44.6675938317479
			76.1180386865437	-44.6675938317479
			76.0782279968541	-44.6675938317479
			76.0384173071645	-44.6675938317479
			75.9986066174749	-44.6675938317479
			75.9587959277852	-44.6675938317479
			75.9189852380956	-44.6675938317479
			75.879174548406	-44.6675938317479
			75.8393638587164	-44.6277831420583
			75.7995531690268	-44.6277831420583
			75.7597424793372	-44.6277831420583
			75.7199317896476	-44.6277831420583
			75.6801210999579	-44.6277831420583
			75.6403104102683	-44.6277831420583
			75.6004997205787	-44.6277831420583
			75.5606890308891	-44.6277831420583
			75.5208783411995	-44.6277831420583
			75.4810676515099	-44.6277831420583
			75.4412569618203	-44.6277831420583
			75.4014462721306	-44.6277831420583
			75.361635582441	-44.6277831420583
			75.3218248927514	-44.5879724523687
			75.2820142030618	-44.5879724523687
			75.2422035133722	-44.5879724523687
			75.2023928236826	-44.5879724523687
			75.162582133993	-44.5879724523687
			75.1227714443033	-44.5879724523687
			75.0829607546137	-44.5879724523687
			75.0431500649241	-44.5879724523687
			75.0033393752345	-44.5879724523687
			74.9635286855449	-44.5879724523687
			74.9237179958553	-44.5879724523687
			74.8839073061656	-44.5879724523687
			74.844096616476	-44.5879724523687
			74.8042859267864	-44.5879724523687
			74.7644752370968	-44.5879724523687
			74.7246645474072	-44.5879724523687
			74.6848538577176	-44.5879724523687
			74.645043168028	-44.5879724523687
			74.6052324783383	-44.5879724523687
			74.5654217886487	-44.5879724523687
			74.5256110989591	-44.5879724523687
			74.4858004092695	-44.5879724523687
			74.4459897195799	-44.5879724523687
			74.4061790298903	-44.5879724523687
			74.3663683402007	-44.5879724523687
			74.326557650511	-44.5879724523687
			74.2867469608214	-44.5879724523687
			74.2469362711318	-44.5879724523687
			74.2071255814422	-44.6277831420583
			74.1673148917526	-44.6277831420583
			74.127504202063	-44.6277831420583
			74.0876935123733	-44.6277831420583
			74.0478828226837	-44.6277831420583
			74.0080721329941	-44.6277831420583
			73.9682614433045	-44.6277831420583
			73.9284507536149	-44.6277831420583
			73.8886400639253	-44.6277831420583
			73.8488293742357	-44.6277831420583
			73.809018684546	-44.6277831420583
			73.7692079948564	-44.6277831420583
			73.7293973051668	-44.6277831420583
			73.6895866154772	-44.6277831420583
			73.6497759257876	-44.6277831420583
			73.609965236098	-44.6277831420583
			73.5701545464084	-44.6277831420583
			73.5303438567187	-44.6277831420583
			73.4905331670291	-44.6277831420583
			73.4507224773395	-44.6277831420583
			73.4109117876499	-44.6277831420583
			73.3711010979603	-44.6277831420583
			73.3312904082707	-44.6277831420583
			73.291479718581	-44.6277831420583
			73.2516690288914	-44.6277831420583
			73.2118583392018	-44.6277831420583
			73.1720476495122	-44.6277831420583
			73.1322369598226	-44.6277831420583
			73.092426270133	-44.6277831420583
			73.0526155804434	-44.6277831420583
			73.0128048907537	-44.6277831420583
			72.9729942010641	-44.6277831420583
			72.9331835113745	-44.6277831420583
			72.8933728216849	-44.6277831420583
			72.8535621319953	-44.6277831420583
			72.8137514423057	-44.6277831420583
			72.7739407526161	-44.6277831420583
			72.7341300629264	-44.6277831420583
			72.6943193732368	-44.6277831420583
			72.6545086835472	-44.6277831420583
			72.6146979938576	-44.6277831420583
			72.574887304168	-44.6277831420583
			72.5350766144784	-44.6277831420583
			72.4952659247888	-44.6277831420583
			72.4554552350991	-44.6277831420583
			72.4156445454095	-44.6277831420583
			72.3758338557199	-44.6277831420583
			72.3360231660303	-44.6675938317479
			72.2962124763407	-44.6675938317479
			72.2564017866511	-44.6675938317479
			72.2165910969615	-44.6675938317479
			72.1767804072718	-44.6675938317479
			72.1369697175822	-44.6675938317479
			72.0971590278926	-44.6675938317479
			72.057348338203	-44.6675938317479
			72.0175376485134	-44.6675938317479
			71.9777269588238	-44.6675938317479
			71.9379162691341	-44.6675938317479
			71.8981055794445	-44.6675938317479
			71.8582948897549	-44.6675938317479
			71.8184842000653	-44.6675938317479
			71.7786735103757	-44.6675938317479
			71.7388628206861	-44.6675938317479
			71.6990521309964	-44.6675938317479
			71.6592414413068	-44.6675938317479
			71.6194307516172	-44.6675938317479
			71.5796200619276	-44.6675938317479
			71.539809372238	-44.6675938317479
			71.4999986825484	-44.6675938317479
			71.4601879928588	-44.6675938317479
			71.4203773031691	-44.6675938317479
			71.3805666134795	-44.6675938317479
			71.3407559237899	-44.6675938317479
			71.3009452341003	-44.6675938317479
			71.2611345444107	-44.6675938317479
			71.2213238547211	-44.6675938317479
			71.1815131650315	-44.6675938317479
			71.1417024753418	-44.6675938317479
			71.1018917856522	-44.6675938317479
			71.1018917856522	-44.7074045214375
			71.0620810959626	-44.7074045214375
			71.022270406273	-44.7074045214375
			70.9824597165834	-44.7074045214375
			70.9426490268938	-44.7074045214375
			70.9028383372042	-44.7074045214375
			70.8630276475145	-44.7074045214375
			70.8232169578249	-44.7074045214375
			70.7834062681353	-44.7074045214375
			70.7435955784457	-44.7074045214375
			70.7037848887561	-44.7074045214375
			70.6639741990665	-44.7074045214375
			70.6241635093769	-44.7074045214375
			70.6241635093769	-44.7472152111272
			70.5843528196872	-44.7472152111272
			70.5445421299976	-44.7472152111272
			70.504731440308	-44.7472152111272
			70.4649207506184	-44.7472152111272
			70.4251100609288	-44.7472152111272
			70.3852993712392	-44.7472152111272
			70.3454886815495	-44.7472152111272
			70.3056779918599	-44.7472152111272
			70.2658673021703	-44.7870259008168
			70.2260566124807	-44.7870259008168
			70.1862459227911	-44.7870259008168
			70.1464352331015	-44.7870259008168
			70.1066245434119	-44.7870259008168
			70.0668138537222	-44.7870259008168
			70.0270031640326	-44.7870259008168
			69.987192474343	-44.7870259008168
			69.9473817846534	-44.8268365905064
			69.9075710949638	-44.8268365905064
			69.8677604052742	-44.8268365905064
			69.8279497155846	-44.8268365905064
		</Tail2>
		<AnalFin type=matrix rownames=FALSE colnames=FALSE nrow=91 ncol=2 as.numeric=TRUE >
			69.8279497155846	-44.8268365905064
			69.7881390258949	-44.8268365905064
			69.7483283362053	-44.8268365905064
			69.7085176465157	-44.866647280196
			69.6687069568261	-44.866647280196
			69.6288962671365	-44.866647280196
			69.5890855774469	-44.866647280196
			69.5492748877572	-44.866647280196
			69.5094641980676	-44.9064579698856
			69.469653508378	-44.9064579698856
			69.4298428186884	-44.9064579698856
			69.3900321289988	-44.9462686595752
			69.3502214393092	-44.9462686595752
			69.3104107496196	-44.9462686595752
			69.2706000599299	-44.9462686595752
			69.2307893702403	-44.9860793492648
			69.1909786805507	-44.9860793492648
			69.1511679908611	-44.9860793492648
			69.1113573011715	-44.9860793492648
			69.0715466114819	-45.0258900389545
			69.0317359217922	-45.0258900389545
			68.9919252321026	-45.0657007286441
			68.952114542413	-45.0657007286441
			68.9123038527234	-45.0657007286441
			68.8724931630338	-45.1055114183337
			68.8326824733442	-45.1055114183337
			68.7928717836546	-45.1453221080233
			68.7530610939649	-45.1453221080233
			68.7132504042753	-45.1453221080233
			68.6734397145857	-45.1851327977129
			68.6336290248961	-45.1851327977129
			68.6336290248961	-45.2249434874025
			68.5938183352065	-45.2249434874025
			68.5540076455169	-45.2249434874025
			68.5141969558273	-45.2647541770922
			68.4743862661376	-45.3045648667818
			68.434575576448	-45.3045648667818
			68.3947648867584	-45.3443755564714
			68.3549541970688	-45.3443755564714
			68.3549541970688	-45.384186246161
			68.3151435073792	-45.384186246161
			68.2753328176896	-45.4239969358506
			68.235522128	-45.4239969358506
			68.1957114383103	-45.4638076255402
			68.1559007486207	-45.5036183152298
			68.1160900589311	-45.5036183152298
			68.0762793692415	-45.5434290049195
			68.0364686795519	-45.5434290049195
			67.9966579898623	-45.5832396946091
			67.9568473001727	-45.6230503842987
			67.917036610483	-45.6628610739883
			67.8772259207934	-45.6628610739883
			67.8374152311038	-45.7026717636779
			67.7976045414142	-45.7026717636779
			67.7976045414142	-45.7424824533675
			67.7577938517246	-45.7424824533675
			67.717983162035	-45.7822931430571
			67.6781724723454	-45.8221038327468
			67.6383617826557	-45.8619145224364
			67.5985510929661	-45.901725212126
			67.5587404032765	-45.901725212126
			67.5189297135869	-45.9415359018156
			67.5189297135869	-45.9813465915052
			67.4791190238973	-46.0211572811948
			67.4393083342077	-46.0609679708844
			67.399497644518	-46.1007786605741
			67.3596869548284	-46.1405893502637
			67.3198762651388	-46.1405893502637
			67.2800655754492	-46.1804000399533
			67.2402548857596	-46.2202107296429
			67.20044419607	-46.2202107296429
			67.1606335063803	-46.2600214193325
			67.1208228166907	-46.2600214193325
			67.0810121270011	-46.2600214193325
			67.0412014373115	-46.2600214193325
			67.0013907476219	-46.2998321090221
			66.9615800579323	-46.2998321090221
			66.9217693682427	-46.2998321090221
			66.881958678553	-46.2998321090221
			66.8421479888634	-46.2998321090221
			66.8023372991738	-46.2998321090221
			66.7625266094842	-46.2998321090221
			66.7227159197946	-46.2600214193325
			66.682905230105	-46.2600214193325
			66.6430945404154	-46.2600214193325
			66.6032838507257	-46.2202107296429
			66.5634731610361	-46.2202107296429
			66.5236624713465	-46.1804000399533
			66.4838517816569	-46.1804000399533
			66.4440410919673	-46.1405893502637
			66.4042304022777	-46.1405893502637
		</AnalFin>
		<Pectfin type=matrix rownames=FALSE colnames=FALSE nrow=68 ncol=2 as.numeric=TRUE >
			55.416480047944	-43.5528945204387
			55.416480047944	-43.5927052101283
			55.416480047944	-43.6325158998179
			55.416480047944	-43.6723265895076
			55.416480047944	-43.7121372791972
			55.416480047944	-43.7519479688868
			55.416480047944	-43.7917586585764
			55.4562907376336	-43.831569348266
			55.4562907376336	-43.8713800379556
			55.4562907376336	-43.9111907276452
			55.4562907376336	-43.9510014173349
			55.4562907376336	-43.9908121070245
			55.4562907376336	-44.0306227967141
			55.4562907376336	-44.0704334864037
			55.4562907376336	-44.1102441760933
			55.4562907376336	-44.1500548657829
			55.4562907376336	-44.1898655554726
			55.4562907376336	-44.2296762451622
			55.4562907376336	-44.2694869348518
			55.4562907376336	-44.3092976245414
			55.416480047944	-44.349108314231
			55.416480047944	-44.3889190039206
			55.416480047944	-44.4287296936102
			55.416480047944	-44.4685403832999
			55.416480047944	-44.5083510729895
			55.416480047944	-44.5481617626791
			55.416480047944	-44.5879724523687
			55.416480047944	-44.6277831420583
			55.416480047944	-44.6675938317479
			55.416480047944	-44.7074045214375
			55.416480047944	-44.7472152111272
			55.3766693582543	-44.7472152111272
			55.3766693582543	-44.7870259008168
			55.3766693582543	-44.8268365905064
			55.3766693582543	-44.866647280196
			55.3766693582543	-44.9064579698856
			55.3766693582543	-44.9462686595752
			55.3766693582543	-44.9860793492648
			55.3368586685647	-45.0258900389545
			55.3368586685647	-45.0657007286441
			55.3368586685647	-45.1055114183337
			55.3368586685647	-45.1453221080233
			55.2970479788751	-45.1851327977129
			55.2970479788751	-45.2249434874025
			55.2970479788751	-45.2647541770922
			55.2970479788751	-45.3045648667818
			55.2572372891855	-45.3045648667818
			55.2572372891855	-45.3443755564714
			55.2572372891855	-45.384186246161
			55.2572372891855	-45.4239969358506
			55.2174265994959	-45.4638076255402
			55.2174265994959	-45.5036183152298
			55.2174265994959	-45.5434290049195
			55.1776159098063	-45.5832396946091
			55.1776159098063	-45.6230503842987
			55.1378052201167	-45.6628610739883
			55.1378052201167	-45.7026717636779
			55.1378052201167	-45.7424824533675
			55.097994530427	-45.7822931430571
			55.097994530427	-45.8221038327468
			55.097994530427	-45.8619145224364
			55.097994530427	-45.901725212126
			55.0581838407374	-45.901725212126
			55.0581838407374	-45.9415359018156
			55.0581838407374	-45.9813465915052
			55.0581838407374	-46.0211572811948
			55.0183731510478	-46.0211572811948
			55.0183731510478	-46.0609679708844
		</Pectfin>
		<Opercle type=matrix rownames=FALSE colnames=FALSE nrow=158 ncol=2 as.numeric=TRUE >
			54.6202662541517	-40.9651996906137
			54.6600769438413	-41.0050103803034
			54.6998876335309	-41.044821069993
			54.7396983232205	-41.0846317596826
			54.7795090129101	-41.1244424493722
			54.8193197025997	-41.1642531390618
			54.8591303922893	-41.2040638287514
			54.8591303922893	-41.243874518441
			54.898941081979	-41.2836852081307
			54.898941081979	-41.3234958978203
			54.9387517716686	-41.3234958978203
			54.9387517716686	-41.3633065875099
			54.9785624613582	-41.4031172771995
			54.9785624613582	-41.4429279668891
			54.9785624613582	-41.4827386565787
			55.0183731510478	-41.5225493462683
			55.0183731510478	-41.562360035958
			55.0581838407374	-41.6021707256476
			55.0581838407374	-41.6419814153372
			55.0581838407374	-41.6817921050268
			55.097994530427	-41.7216027947164
			55.097994530427	-41.761413484406
			55.097994530427	-41.8012241740957
			55.097994530427	-41.8410348637853
			55.097994530427	-41.8808455534749
			55.097994530427	-41.9206562431645
			55.1378052201167	-41.9604669328541
			55.1378052201167	-42.0002776225437
			55.1378052201167	-42.0400883122333
			55.1378052201167	-42.079899001923
			55.1378052201167	-42.1197096916126
			55.1378052201167	-42.1595203813022
			55.1378052201167	-42.1993310709918
			55.1378052201167	-42.2391417606814
			55.1378052201167	-42.278952450371
			55.097994530427	-42.3187631400606
			55.097994530427	-42.3585738297503
			55.097994530427	-42.3983845194399
			55.0581838407374	-42.4381952091295
			55.0581838407374	-42.4780058988191
			55.0183731510478	-42.5178165885087
			55.0183731510478	-42.5576272781983
			55.0183731510478	-42.597437967888
			54.9785624613582	-42.6372486575776
			54.9785624613582	-42.6770593472672
			54.9387517716686	-42.7168700369568
			54.9387517716686	-42.7566807266464
			54.898941081979	-42.796491416336
			54.898941081979	-42.8363021060256
			54.8591303922893	-42.8761127957153
			54.8591303922893	-42.9159234854049
			54.8193197025997	-42.9159234854049
			54.8193197025997	-42.9557341750945
			54.7795090129101	-42.9955448647841
			54.7795090129101	-43.0353555544737
			54.7396983232205	-43.0751662441633
			54.7396983232205	-43.114976933853
			54.6998876335309	-43.1547876235426
			54.6998876335309	-43.1945983132322
			54.6600769438413	-43.1945983132322
			54.6600769438413	-43.2344090029218
			54.6202662541517	-43.2742196926114
			54.6202662541517	-43.314030382301
			54.580455564462	-43.3538410719906
			54.5406448747724	-43.3936517616803
			54.5008341850828	-43.4334624513699
			54.5008341850828	-43.4732731410595
			54.4610234953932	-43.5130838307491
			54.4212128057036	-43.5528945204387
			54.381402116014	-43.5927052101283
			54.3415914263243	-43.6325158998179
			54.3017807366347	-43.6723265895076
			54.2619700469451	-43.7121372791972
			54.2221593572555	-43.7519479688868
			54.1823486675659	-43.7917586585764
			54.1425379778763	-43.831569348266
			54.1027272881867	-43.8713800379556
			54.062916598497	-43.9111907276452
			54.0231059088074	-43.9510014173349
			53.9832952191178	-43.9510014173349
			53.9434845294282	-43.9908121070245
			53.9036738397386	-44.0306227967141
			53.863863150049	-44.0704334864037
			53.8240524603594	-44.1102441760933
			53.7842417706697	-44.1102441760933
			53.7444310809801	-44.1500548657829
			53.7046203912905	-44.1898655554726
			53.6648097016009	-44.1898655554726
			53.6249990119113	-44.2296762451622
			53.5851883222217	-44.2694869348518
			53.5453776325321	-44.2694869348518
			53.5055669428424	-44.3092976245414
			53.4657562531528	-44.349108314231
			53.4259455634632	-44.349108314231
			53.3861348737736	-44.3889190039206
			53.346324184084	-44.3889190039206
			53.3065134943944	-44.4287296936102
			53.2667028047047	-44.4287296936102
			53.2268921150151	-44.4685403832999
			53.1870814253255	-44.5083510729895
			53.1472707356359	-44.5083510729895
			53.1074600459463	-44.5481617626791
			53.0676493562567	-44.5481617626791
			53.0278386665671	-44.5879724523687
			52.9880279768774	-44.5879724523687
			52.9482172871878	-44.5879724523687
			52.9084065974982	-44.6277831420583
			52.8685959078086	-44.6277831420583
			52.828785218119	-44.6675938317479
			52.7889745284294	-44.6675938317479
			52.7491638387398	-44.7074045214375
			52.7093531490501	-44.7074045214375
			52.6695424593605	-44.7074045214375
			52.6297317696709	-44.7472152111272
			52.5899210799813	-44.7472152111272
			52.5501103902917	-44.7472152111272
			52.5102997006021	-44.7870259008168
			52.4704890109125	-44.7870259008168
			52.4306783212228	-44.7870259008168
			52.3908676315332	-44.8268365905064
			52.3510569418436	-44.8268365905064
			52.311246252154	-44.8268365905064
			52.2714355624644	-44.8268365905064
			52.2316248727748	-44.8268365905064
			52.1918141830851	-44.8268365905064
			52.1520034933955	-44.8268365905064
			52.1121928037059	-44.8268365905064
			52.0723821140163	-44.866647280196
			52.0325714243267	-44.866647280196
			51.9927607346371	-44.866647280196
			51.9529500449475	-44.866647280196
			51.9131393552578	-44.866647280196
			51.8733286655682	-44.866647280196
			51.8335179758786	-44.866647280196
			51.793707286189	-44.866647280196
			51.7538965964994	-44.866647280196
			51.7140859068098	-44.866647280196
			51.6742752171202	-44.866647280196
			51.6344645274305	-44.866647280196
			51.5946538377409	-44.866647280196
			51.5548431480513	-44.866647280196
			51.5150324583617	-44.866647280196
			51.4752217686721	-44.866647280196
			51.4354110789825	-44.866647280196
			51.3956003892929	-44.8268365905064
			51.3557896996032	-44.8268365905064
			51.3159790099136	-44.8268365905064
			51.276168320224	-44.8268365905064
			51.2363576305344	-44.8268365905064
			51.1965469408448	-44.8268365905064
			51.1567362511552	-44.8268365905064
			51.1169255614655	-44.8268365905064
			51.0771148717759	-44.8268365905064
			51.0373041820863	-44.8268365905064
			50.9974934923967	-44.7870259008168
			50.9576828027071	-44.7870259008168
			50.9178721130175	-44.7870259008168
			50.8780614233279	-44.7870259008168
		</Opercle>
		<Preopercle type=matrix rownames=FALSE colnames=FALSE nrow=68 ncol=2 as.numeric=TRUE >
			51.4354110789825	-42.1993310709918
			51.4354110789825	-42.2391417606814
			51.4354110789825	-42.278952450371
			51.4354110789825	-42.3187631400606
			51.3956003892929	-42.3585738297503
			51.3956003892929	-42.3983845194399
			51.3956003892929	-42.4381952091295
			51.3956003892929	-42.4780058988191
			51.3956003892929	-42.5178165885087
			51.3956003892929	-42.5576272781983
			51.3557896996032	-42.597437967888
			51.3557896996032	-42.6372486575776
			51.3557896996032	-42.6770593472672
			51.3557896996032	-42.7168700369568
			51.3557896996032	-42.7566807266464
			51.3557896996032	-42.796491416336
			51.3159790099136	-42.8363021060256
			51.3159790099136	-42.8761127957153
			51.3159790099136	-42.9159234854049
			51.3159790099136	-42.9557341750945
			51.3159790099136	-42.9955448647841
			51.276168320224	-43.0353555544737
			51.276168320224	-43.0751662441633
			51.276168320224	-43.114976933853
			51.276168320224	-43.1547876235426
			51.2363576305344	-43.1945983132322
			51.2363576305344	-43.2344090029218
			51.2363576305344	-43.2742196926114
			51.2363576305344	-43.314030382301
			51.2363576305344	-43.3538410719906
			51.1965469408448	-43.3936517616803
			51.1965469408448	-43.4334624513699
			51.1965469408448	-43.4732731410595
			51.1965469408448	-43.5130838307491
			51.1965469408448	-43.5528945204387
			51.1567362511552	-43.5528945204387
			51.1567362511552	-43.5927052101283
			51.1567362511552	-43.6325158998179
			51.1567362511552	-43.6723265895076
			51.1567362511552	-43.7121372791972
			51.1169255614655	-43.7519479688868
			51.1169255614655	-43.7917586585764
			51.1169255614655	-43.831569348266
			51.1169255614655	-43.8713800379556
			51.1169255614655	-43.9111907276452
			51.1169255614655	-43.9510014173349
			51.0771148717759	-43.9908121070245
			51.0771148717759	-44.0306227967141
			51.0771148717759	-44.0704334864037
			51.0771148717759	-44.1102441760933
			51.0771148717759	-44.1500548657829
			51.0771148717759	-44.1898655554726
			51.0373041820863	-44.2296762451622
			51.0373041820863	-44.2694869348518
			51.0373041820863	-44.3092976245414
			51.0373041820863	-44.349108314231
			51.0373041820863	-44.3889190039206
			50.9974934923967	-44.3889190039206
			50.9974934923967	-44.4287296936102
			50.9974934923967	-44.4685403832999
			50.9974934923967	-44.5083510729895
			50.9576828027071	-44.5481617626791
			50.9576828027071	-44.5879724523687
			50.9576828027071	-44.6277831420583
			50.9178721130175	-44.6675938317479
			50.9178721130175	-44.7074045214375
			50.8780614233279	-44.7472152111272
			50.8780614233279	-44.7870259008168
		</Preopercle>
	</curves.scaled>
	<ruler.points type=matrix rownames=TRUE colnames=FALSE nrow=2 ncol=2 as.numeric=TRUE >
		Ruler point 1	1025	468
		Ruler point 2	1030	1106
	</ruler.points>
</shapes>

