<shapes type=list>
	<ruler.pixel type=vector names=FALSE length=1 as.numeric=TRUE >639.063377138762</ruler.pixel>
	<ruler.interval type=vector names=FALSE length=1 as.numeric=TRUE >25.4</ruler.interval>
	<scaling.units type=vector names=FALSE length=1 as.numeric=FALSE >mm</scaling.units>
	<scaling type=vector names=FALSE length=1 as.numeric=TRUE >0.0397456667188813</scaling>
	<landmarks.pixel type=matrix rownames=TRUE colnames=FALSE nrow=12 ncol=2 as.numeric=TRUE >
		LM1	1497	997
		LM2	1895	917
		LM3	2205	1020
		LM4	2195	1141
		LM5	2034	1149
		LM6	1964	1170
		LM7	1714	1082
		LM8	1694	1136
		LM9	1713	1013
		LM10	1595	1117
		LM11	1628	1033
		LM12	1591	967
	</landmarks.pixel>
	<landmarks.scaled type=matrix rownames=TRUE colnames=FALSE nrow=12 ncol=2 as.numeric=TRUE >
		LM1	59.4992630781653	-39.6264297187247
		LM2	75.3180384322801	-36.4467763812142
		LM3	87.6391951151333	-40.5405800532589
		LM4	87.2417384479445	-45.3498057262436
		LM5	80.8426861062046	-45.6677710599946
		LM6	78.0604894358829	-46.5024300610911
		LM7	68.1240727561626	-43.0048113898296
		LM8	67.3291594217849	-45.1510773926492
		LM9	68.0843270894437	-40.2623603862268
		LM10	63.3943384166157	-44.3959097249904
		LM11	64.7059454183388	-41.0572737206044
		LM12	63.2353557497402	-38.4340597171582
	</landmarks.scaled>
	<curves.control type=list>
		<Eye type=matrix rownames=FALSE colnames=FALSE nrow=9 ncol=2 as.numeric=TRUE >
			1591	967
			1614	983
			1600	1006
			1565	1031
			1546	1004
			1543	987
			1555	975
			1564	964
			1591	967
		</Eye>
		<Head type=matrix rownames=FALSE colnames=FALSE nrow=9 ncol=2 as.numeric=TRUE >
			1497	997
			1520	977
			1614	942
			1657	926
			1704	910
			1736	903
			1788	902
			1842	904
			1895	917
		</Head>
		<Tail1 type=matrix rownames=FALSE colnames=FALSE nrow=9 ncol=2 as.numeric=TRUE >
			1895	917
			1929	931
			1968	944
			2008	959
			2047	973
			2091	985
			2125	996
			2165	1009
			2205	1020
		</Tail1>
		<End type=matrix rownames=FALSE colnames=FALSE nrow=5 ncol=2 as.numeric=TRUE >
			2205	1020
			2260	1022
			2264	1070
			2276	1162
			2195	1141
		</End>
		<Tail2 type=matrix rownames=FALSE colnames=FALSE nrow=7 ncol=2 as.numeric=TRUE >
			2195	1141
			2157	1138
			2134	1134
			2084	1132
			2060	1135
			2045	1139
			2034	1149
		</Tail2>
		<AnalFin type=matrix rownames=FALSE colnames=FALSE nrow=5 ncol=2 as.numeric=TRUE >
			2034	1149
			2025	1159
			2006	1165
			1987	1174
			1964	1170
		</AnalFin>
		<Pectfin type=matrix rownames=FALSE colnames=FALSE nrow=5 ncol=2 as.numeric=TRUE >
			1714	1082
			1714	1099
			1708	1114
			1701	1127
			1694	1136
		</Pectfin>
		<Opercle type=matrix rownames=FALSE colnames=FALSE nrow=9 ncol=2 as.numeric=TRUE >
			1713	1013
			1714	1032
			1696	1056
			1690	1074
			1679	1092
			1657	1109
			1629	1120
			1612	1124
			1595	1117
		</Opercle>
		<Preopercle type=matrix rownames=FALSE colnames=FALSE nrow=5 ncol=2 as.numeric=TRUE >
			1628	1033
			1619	1058
			1611	1079
			1601	1099
			1595	1117
		</Preopercle>
	</curves.control>
	<curves.pixel type=list>
		<Eye type=matrix rownames=FALSE colnames=FALSE nrow=165 ncol=2 as.numeric=TRUE >
			1591	967
			1592	968
			1593	968
			1594	969
			1595	970
			1596	971
			1597	971
			1597	972
			1598	973
			1599	974
			1600	975
			1601	976
			1601	977
			1602	978
			1603	979
			1603	980
			1604	981
			1604	982
			1604	983
			1605	984
			1605	985
			1605	986
			1605	987
			1605	988
			1605	989
			1605	990
			1605	991
			1605	992
			1605	993
			1605	994
			1605	995
			1605	996
			1604	996
			1604	997
			1604	998
			1603	999
			1603	1000
			1603	1001
			1602	1002
			1602	1003
			1601	1004
			1600	1005
			1600	1006
			1599	1007
			1598	1007
			1597	1008
			1596	1009
			1595	1009
			1594	1010
			1593	1010
			1592	1011
			1591	1012
			1590	1012
			1589	1013
			1588	1013
			1587	1014
			1586	1014
			1585	1015
			1584	1015
			1583	1015
			1582	1016
			1581	1016
			1580	1017
			1579	1017
			1578	1017
			1577	1017
			1576	1018
			1575	1018
			1574	1018
			1573	1018
			1572	1018
			1571	1018
			1570	1018
			1569	1018
			1568	1018
			1567	1018
			1566	1018
			1565	1018
			1564	1017
			1563	1017
			1562	1017
			1561	1016
			1560	1016
			1559	1015
			1558	1015
			1557	1014
			1556	1014
			1555	1013
			1554	1012
			1553	1012
			1552	1011
			1551	1010
			1550	1009
			1549	1008
			1549	1007
			1548	1006
			1547	1005
			1546	1004
			1546	1003
			1546	1002
			1546	1001
			1545	1000
			1545	999
			1545	998
			1545	997
			1545	996
			1546	995
			1546	994
			1546	993
			1546	992
			1546	991
			1546	990
			1546	989
			1547	988
			1547	987
			1548	986
			1548	985
			1549	984
			1549	983
			1550	982
			1550	981
			1551	980
			1552	979
			1552	978
			1553	977
			1554	976
			1555	975
			1555	974
			1556	974
			1557	973
			1558	972
			1559	972
			1559	971
			1560	970
			1561	970
			1562	969
			1563	969
			1564	969
			1565	968
			1566	968
			1567	968
			1568	968
			1569	967
			1570	967
			1571	967
			1572	967
			1573	967
			1574	967
			1575	967
			1576	966
			1577	966
			1578	966
			1579	966
			1580	966
			1581	966
			1582	966
			1583	966
			1584	966
			1585	966
			1586	967
			1587	967
			1588	967
			1589	967
			1590	967
			1591	967
		</Eye>
		<Head type=matrix rownames=FALSE colnames=FALSE nrow=408 ncol=2 as.numeric=TRUE >
			1497	997
			1498	996
			1499	995
			1500	995
			1501	994
			1502	993
			1503	992
			1504	991
			1505	991
			1506	990
			1507	990
			1508	989
			1509	988
			1510	988
			1511	987
			1512	986
			1513	986
			1514	986
			1515	985
			1516	984
			1517	984
			1518	983
			1519	983
			1520	982
			1521	982
			1522	981
			1523	981
			1524	980
			1525	980
			1526	979
			1527	979
			1528	978
			1529	977
			1530	977
			1531	976
			1532	976
			1533	975
			1534	975
			1535	975
			1536	974
			1537	974
			1538	973
			1539	973
			1540	972
			1541	972
			1542	971
			1543	971
			1544	970
			1545	970
			1546	969
			1547	969
			1548	968
			1549	968
			1550	968
			1551	967
			1552	967
			1553	966
			1554	966
			1555	965
			1556	965
			1557	965
			1558	964
			1559	964
			1560	963
			1561	963
			1562	962
			1563	962
			1564	962
			1564	961
			1565	961
			1566	961
			1567	960
			1568	960
			1569	960
			1570	959
			1571	959
			1572	959
			1572	958
			1573	958
			1574	958
			1575	957
			1576	957
			1577	956
			1578	956
			1579	955
			1580	955
			1581	955
			1582	954
			1583	954
			1584	953
			1585	953
			1586	953
			1587	952
			1588	952
			1589	951
			1590	951
			1591	951
			1592	951
			1592	950
			1593	950
			1594	950
			1595	949
			1596	949
			1597	948
			1598	948
			1599	948
			1600	947
			1601	947
			1602	946
			1603	946
			1604	946
			1605	945
			1606	945
			1607	945
			1608	944
			1609	944
			1610	943
			1611	943
			1612	943
			1613	942
			1614	942
			1615	942
			1616	941
			1617	941
			1618	940
			1619	940
			1620	940
			1621	939
			1622	939
			1623	939
			1624	938
			1625	938
			1626	938
			1626	937
			1627	937
			1628	937
			1629	936
			1630	936
			1631	936
			1632	935
			1633	935
			1634	935
			1635	934
			1636	934
			1637	933
			1638	933
			1639	933
			1640	932
			1641	932
			1642	932
			1643	931
			1644	931
			1645	930
			1646	930
			1647	930
			1648	929
			1649	929
			1650	929
			1651	929
			1652	928
			1653	928
			1654	927
			1655	927
			1656	927
			1657	926
			1658	926
			1659	926
			1660	925
			1661	925
			1662	925
			1662	924
			1663	924
			1664	924
			1665	923
			1666	923
			1667	923
			1668	923
			1669	922
			1670	922
			1671	922
			1671	921
			1672	921
			1673	921
			1674	920
			1675	920
			1676	920
			1677	919
			1678	919
			1679	919
			1680	918
			1681	918
			1682	917
			1683	917
			1684	917
			1685	917
			1685	916
			1686	916
			1687	916
			1688	915
			1689	915
			1690	915
			1691	914
			1692	914
			1693	914
			1694	913
			1695	913
			1696	913
			1697	912
			1698	912
			1699	912
			1700	911
			1701	911
			1702	911
			1703	910
			1704	910
			1705	910
			1706	910
			1707	909
			1708	909
			1709	909
			1710	909
			1711	909
			1712	908
			1713	908
			1714	908
			1715	908
			1716	908
			1717	908
			1718	907
			1719	907
			1720	907
			1721	907
			1722	907
			1723	907
			1724	907
			1724	906
			1725	906
			1726	906
			1727	906
			1728	906
			1729	906
			1730	906
			1731	906
			1732	905
			1733	905
			1734	905
			1735	905
			1736	905
			1737	905
			1738	905
			1739	905
			1740	905
			1741	904
			1742	904
			1743	904
			1744	904
			1745	904
			1746	904
			1747	904
			1748	904
			1749	904
			1750	904
			1751	904
			1752	904
			1753	904
			1754	903
			1755	903
			1756	903
			1757	903
			1758	903
			1759	903
			1760	903
			1761	903
			1762	903
			1763	903
			1764	903
			1765	903
			1766	903
			1767	903
			1768	903
			1769	903
			1770	903
			1771	903
			1772	902
			1773	902
			1774	902
			1775	902
			1776	902
			1777	902
			1778	902
			1779	902
			1780	902
			1781	902
			1782	902
			1783	902
			1784	902
			1785	902
			1786	902
			1787	902
			1788	902
			1789	902
			1790	902
			1791	902
			1792	902
			1793	902
			1794	902
			1795	902
			1796	902
			1797	902
			1798	902
			1799	903
			1800	903
			1801	903
			1802	903
			1803	903
			1804	903
			1805	903
			1806	903
			1807	903
			1808	903
			1809	903
			1810	903
			1811	903
			1812	903
			1813	904
			1814	904
			1815	904
			1816	904
			1817	904
			1818	904
			1819	904
			1820	904
			1821	904
			1822	904
			1823	904
			1824	905
			1825	905
			1826	905
			1827	905
			1828	905
			1829	905
			1830	905
			1831	905
			1832	906
			1833	906
			1834	906
			1835	906
			1836	906
			1837	906
			1838	906
			1839	906
			1840	906
			1841	907
			1842	907
			1843	907
			1844	907
			1845	907
			1846	907
			1847	907
			1847	908
			1848	908
			1849	908
			1850	908
			1851	908
			1852	908
			1853	908
			1854	909
			1855	909
			1856	909
			1857	909
			1858	909
			1859	909
			1860	910
			1861	910
			1862	910
			1863	910
			1864	910
			1865	910
			1866	911
			1867	911
			1868	911
			1869	911
			1870	912
			1871	912
			1872	912
			1873	912
			1874	912
			1875	913
			1876	913
			1877	913
			1878	913
			1879	913
			1880	914
			1881	914
			1882	914
			1883	914
			1884	914
			1885	915
			1886	915
			1887	915
			1888	915
			1889	916
			1890	916
			1891	916
			1892	916
			1893	916
			1894	917
			1895	917
		</Head>
		<Tail1 type=matrix rownames=FALSE colnames=FALSE nrow=322 ncol=2 as.numeric=TRUE >
			1895	917
			1896	917
			1897	918
			1898	918
			1899	919
			1900	919
			1901	920
			1902	920
			1903	920
			1904	921
			1905	921
			1906	922
			1907	922
			1908	922
			1909	923
			1910	923
			1911	924
			1912	924
			1913	924
			1914	925
			1915	925
			1916	925
			1917	926
			1918	926
			1919	926
			1920	927
			1921	927
			1922	928
			1923	928
			1924	928
			1925	929
			1926	929
			1927	929
			1927	930
			1928	930
			1929	930
			1930	931
			1931	931
			1932	931
			1933	932
			1934	932
			1935	932
			1936	933
			1937	933
			1938	933
			1939	934
			1940	934
			1941	935
			1942	935
			1943	935
			1943	936
			1944	936
			1945	936
			1946	936
			1946	937
			1947	937
			1948	937
			1949	937
			1950	938
			1951	938
			1952	939
			1953	939
			1954	939
			1955	939
			1955	940
			1956	940
			1957	940
			1958	941
			1959	941
			1960	941
			1961	942
			1962	942
			1963	942
			1964	943
			1965	943
			1966	943
			1967	944
			1968	944
			1969	945
			1970	945
			1971	945
			1972	945
			1973	946
			1974	946
			1975	947
			1976	947
			1977	947
			1978	948
			1979	948
			1980	948
			1981	949
			1982	949
			1983	949
			1984	950
			1985	950
			1986	951
			1987	951
			1988	951
			1988	952
			1989	952
			1990	952
			1991	953
			1992	953
			1993	953
			1994	954
			1995	954
			1996	954
			1997	955
			1998	955
			1999	956
			2000	956
			2001	956
			2002	957
			2003	957
			2004	957
			2005	958
			2006	958
			2007	959
			2008	959
			2009	959
			2010	960
			2011	960
			2012	960
			2013	961
			2014	961
			2015	961
			2015	962
			2016	962
			2017	962
			2018	962
			2019	963
			2020	963
			2021	964
			2022	964
			2023	964
			2024	965
			2025	965
			2026	965
			2027	966
			2028	966
			2029	966
			2030	967
			2031	967
			2032	968
			2033	968
			2034	968
			2035	969
			2036	969
			2037	969
			2037	970
			2038	970
			2039	970
			2040	971
			2041	971
			2042	971
			2043	972
			2044	972
			2045	972
			2046	973
			2047	973
			2048	973
			2049	974
			2050	974
			2051	974
			2052	974
			2053	975
			2054	975
			2055	975
			2056	975
			2056	976
			2057	976
			2058	976
			2059	976
			2060	977
			2061	977
			2062	977
			2063	977
			2064	978
			2065	978
			2066	978
			2067	979
			2068	979
			2069	979
			2070	980
			2071	980
			2072	980
			2073	980
			2074	981
			2075	981
			2076	981
			2077	981
			2078	982
			2079	982
			2080	982
			2081	982
			2081	983
			2082	983
			2083	983
			2084	983
			2085	984
			2086	984
			2087	984
			2088	985
			2089	985
			2090	985
			2091	985
			2092	986
			2093	986
			2094	986
			2095	987
			2096	987
			2097	987
			2098	988
			2099	988
			2100	988
			2101	989
			2102	989
			2103	989
			2104	989
			2105	990
			2106	990
			2107	990
			2108	991
			2109	991
			2110	991
			2111	991
			2112	992
			2113	992
			2114	992
			2115	993
			2116	993
			2117	993
			2118	994
			2119	994
			2120	995
			2121	995
			2122	995
			2123	995
			2123	996
			2124	996
			2125	996
			2126	996
			2127	997
			2128	997
			2129	997
			2130	997
			2131	998
			2132	998
			2133	999
			2134	999
			2135	999
			2136	999
			2136	1000
			2137	1000
			2138	1000
			2139	1001
			2140	1001
			2141	1001
			2142	1001
			2143	1002
			2144	1002
			2145	1002
			2146	1003
			2147	1003
			2148	1003
			2149	1004
			2150	1004
			2151	1004
			2152	1004
			2153	1005
			2154	1005
			2155	1006
			2156	1006
			2157	1006
			2158	1006
			2159	1007
			2160	1007
			2161	1007
			2162	1008
			2163	1008
			2164	1008
			2165	1009
			2166	1009
			2167	1009
			2168	1009
			2169	1010
			2170	1010
			2171	1010
			2172	1011
			2173	1011
			2174	1011
			2175	1011
			2176	1012
			2177	1012
			2178	1012
			2179	1013
			2180	1013
			2181	1013
			2182	1013
			2183	1014
			2184	1014
			2185	1014
			2186	1015
			2187	1015
			2188	1015
			2189	1015
			2190	1016
			2191	1016
			2192	1017
			2193	1017
			2194	1017
			2195	1017
			2196	1017
			2197	1018
			2198	1018
			2199	1018
			2200	1019
			2201	1019
			2202	1019
			2203	1020
			2204	1020
			2205	1020
		</Tail1>
		<End type=matrix rownames=FALSE colnames=FALSE nrow=208 ncol=2 as.numeric=TRUE >
			2205	1020
			2206	1020
			2207	1020
			2208	1020
			2209	1020
			2210	1020
			2211	1020
			2212	1020
			2213	1021
			2214	1021
			2215	1021
			2216	1021
			2217	1021
			2218	1021
			2219	1021
			2220	1022
			2221	1022
			2222	1022
			2223	1022
			2224	1023
			2225	1023
			2226	1023
			2227	1023
			2228	1024
			2229	1024
			2230	1024
			2231	1025
			2232	1025
			2233	1025
			2234	1026
			2235	1026
			2236	1026
			2237	1027
			2238	1027
			2239	1028
			2240	1029
			2241	1029
			2242	1030
			2243	1030
			2244	1031
			2245	1031
			2245	1032
			2246	1033
			2247	1033
			2248	1034
			2249	1035
			2250	1036
			2251	1037
			2252	1038
			2253	1039
			2253	1040
			2254	1041
			2255	1042
			2256	1043
			2256	1044
			2257	1045
			2257	1046
			2258	1047
			2259	1048
			2259	1049
			2259	1050
			2260	1051
			2260	1052
			2260	1053
			2261	1054
			2261	1055
			2261	1056
			2262	1057
			2262	1058
			2262	1059
			2262	1060
			2263	1061
			2263	1062
			2263	1063
			2263	1064
			2263	1065
			2264	1066
			2264	1067
			2264	1068
			2264	1069
			2264	1070
			2264	1071
			2264	1072
			2264	1073
			2265	1074
			2265	1075
			2265	1076
			2265	1077
			2265	1078
			2265	1079
			2265	1080
			2265	1081
			2265	1082
			2265	1083
			2265	1084
			2265	1085
			2265	1086
			2265	1087
			2266	1088
			2266	1089
			2266	1090
			2266	1091
			2266	1092
			2266	1093
			2266	1094
			2266	1095
			2265	1096
			2265	1097
			2265	1098
			2265	1099
			2265	1100
			2265	1101
			2265	1102
			2265	1103
			2265	1104
			2265	1105
			2265	1106
			2264	1107
			2264	1108
			2264	1109
			2264	1110
			2264	1111
			2264	1112
			2263	1113
			2263	1114
			2263	1115
			2262	1116
			2262	1117
			2262	1118
			2262	1119
			2261	1120
			2261	1121
			2260	1122
			2260	1123
			2260	1124
			2259	1124
			2259	1125
			2258	1126
			2258	1127
			2258	1128
			2257	1128
			2257	1129
			2256	1130
			2256	1131
			2255	1131
			2254	1132
			2254	1133
			2253	1133
			2253	1134
			2252	1134
			2251	1135
			2251	1136
			2250	1136
			2249	1137
			2248	1138
			2247	1139
			2246	1139
			2245	1140
			2244	1140
			2243	1141
			2242	1141
			2241	1142
			2240	1142
			2239	1142
			2238	1143
			2237	1143
			2236	1143
			2235	1144
			2234	1144
			2233	1144
			2232	1144
			2231	1144
			2230	1144
			2229	1145
			2228	1145
			2227	1145
			2226	1145
			2225	1145
			2224	1145
			2223	1145
			2222	1145
			2221	1145
			2220	1145
			2219	1145
			2218	1145
			2217	1145
			2216	1145
			2215	1145
			2214	1145
			2213	1144
			2212	1144
			2211	1144
			2210	1144
			2209	1144
			2208	1144
			2207	1144
			2206	1143
			2205	1143
			2204	1143
			2203	1143
			2202	1143
			2201	1142
			2200	1142
			2199	1142
			2198	1142
			2197	1141
			2196	1141
			2195	1141
		</End>
		<Tail2 type=matrix rownames=FALSE colnames=FALSE nrow=162 ncol=2 as.numeric=TRUE >
			2195	1141
			2194	1141
			2193	1141
			2192	1141
			2191	1141
			2190	1141
			2189	1140
			2188	1140
			2187	1140
			2186	1140
			2185	1140
			2184	1140
			2183	1140
			2182	1140
			2181	1140
			2180	1140
			2179	1140
			2178	1140
			2177	1139
			2176	1139
			2175	1139
			2174	1139
			2173	1139
			2172	1139
			2171	1139
			2170	1139
			2169	1139
			2168	1138
			2167	1138
			2166	1138
			2165	1138
			2164	1138
			2163	1138
			2162	1138
			2161	1138
			2160	1138
			2159	1138
			2158	1137
			2157	1137
			2156	1137
			2155	1137
			2154	1137
			2153	1137
			2152	1137
			2151	1137
			2150	1136
			2149	1136
			2148	1136
			2147	1136
			2146	1136
			2145	1136
			2144	1136
			2143	1135
			2142	1135
			2141	1135
			2140	1135
			2139	1135
			2138	1135
			2137	1134
			2136	1134
			2135	1134
			2134	1134
			2133	1134
			2132	1134
			2131	1134
			2130	1134
			2129	1134
			2128	1134
			2127	1134
			2126	1134
			2125	1134
			2124	1134
			2123	1134
			2122	1134
			2121	1134
			2120	1134
			2119	1133
			2118	1133
			2117	1133
			2116	1133
			2115	1133
			2114	1133
			2113	1133
			2112	1133
			2111	1133
			2110	1133
			2109	1133
			2108	1133
			2107	1133
			2106	1133
			2105	1133
			2104	1133
			2103	1133
			2102	1133
			2101	1133
			2100	1133
			2099	1133
			2098	1133
			2097	1133
			2096	1133
			2095	1133
			2094	1133
			2093	1133
			2092	1133
			2091	1133
			2090	1133
			2089	1133
			2088	1133
			2087	1133
			2086	1133
			2085	1133
			2084	1133
			2083	1133
			2082	1133
			2081	1133
			2080	1134
			2079	1134
			2078	1134
			2077	1134
			2076	1134
			2075	1134
			2074	1134
			2073	1134
			2072	1134
			2071	1134
			2070	1134
			2069	1134
			2068	1134
			2067	1134
			2066	1134
			2065	1134
			2064	1135
			2063	1135
			2062	1135
			2061	1135
			2060	1135
			2059	1135
			2058	1136
			2057	1136
			2056	1136
			2055	1137
			2054	1137
			2053	1137
			2052	1138
			2051	1138
			2050	1139
			2049	1139
			2048	1140
			2047	1140
			2046	1141
			2045	1141
			2044	1142
			2043	1142
			2042	1143
			2041	1143
			2040	1144
			2039	1145
			2038	1146
			2037	1147
			2036	1147
			2035	1148
			2034	1149
		</Tail2>
		<AnalFin type=matrix rownames=FALSE colnames=FALSE nrow=78 ncol=2 as.numeric=TRUE >
			2034	1149
			2034	1150
			2033	1150
			2033	1151
			2032	1151
			2031	1152
			2030	1153
			2029	1154
			2028	1154
			2027	1155
			2026	1156
			2025	1156
			2024	1157
			2023	1158
			2022	1158
			2022	1159
			2021	1159
			2020	1160
			2019	1160
			2018	1160
			2017	1161
			2016	1161
			2015	1162
			2014	1162
			2013	1163
			2012	1163
			2011	1163
			2010	1164
			2009	1164
			2008	1164
			2007	1165
			2006	1165
			2005	1166
			2004	1166
			2003	1166
			2002	1167
			2001	1167
			2000	1167
			2000	1168
			1999	1168
			1998	1168
			1997	1168
			1996	1169
			1995	1169
			1994	1169
			1993	1169
			1993	1170
			1992	1170
			1991	1170
			1990	1170
			1989	1170
			1988	1170
			1988	1171
			1987	1171
			1986	1171
			1985	1171
			1984	1171
			1983	1171
			1982	1171
			1981	1171
			1980	1171
			1979	1171
			1978	1171
			1977	1171
			1976	1171
			1975	1171
			1974	1171
			1973	1171
			1972	1171
			1971	1171
			1970	1171
			1969	1171
			1968	1171
			1967	1171
			1967	1170
			1966	1170
			1965	1170
			1964	1170
		</AnalFin>
		<Pectfin type=matrix rownames=FALSE colnames=FALSE nrow=58 ncol=2 as.numeric=TRUE >
			1714	1082
			1714	1083
			1714	1084
			1714	1085
			1714	1086
			1714	1087
			1714	1088
			1714	1089
			1714	1090
			1714	1091
			1713	1092
			1713	1093
			1713	1094
			1713	1095
			1713	1096
			1713	1097
			1713	1098
			1712	1099
			1712	1100
			1712	1101
			1712	1102
			1712	1103
			1711	1104
			1711	1105
			1711	1106
			1710	1107
			1710	1108
			1710	1109
			1709	1110
			1709	1111
			1709	1112
			1709	1113
			1708	1113
			1708	1114
			1708	1115
			1707	1115
			1707	1116
			1707	1117
			1706	1117
			1706	1118
			1705	1119
			1705	1120
			1704	1121
			1703	1122
			1703	1123
			1702	1124
			1702	1125
			1701	1126
			1700	1127
			1700	1128
			1699	1129
			1698	1130
			1698	1131
			1697	1132
			1696	1133
			1695	1134
			1695	1135
			1694	1136
		</Pectfin>
		<Opercle type=matrix rownames=FALSE colnames=FALSE nrow=171 ncol=2 as.numeric=TRUE >
			1713	1013
			1713	1014
			1713	1015
			1713	1016
			1713	1017
			1713	1018
			1713	1019
			1713	1020
			1713	1021
			1712	1022
			1712	1023
			1712	1024
			1712	1025
			1712	1026
			1711	1027
			1711	1028
			1711	1029
			1710	1030
			1710	1031
			1710	1032
			1709	1033
			1709	1034
			1708	1035
			1708	1036
			1708	1037
			1707	1038
			1707	1039
			1706	1040
			1706	1041
			1705	1042
			1704	1043
			1704	1044
			1703	1045
			1703	1046
			1702	1047
			1702	1048
			1701	1048
			1701	1049
			1700	1050
			1700	1051
			1699	1052
			1698	1053
			1698	1054
			1697	1055
			1696	1055
			1696	1056
			1696	1057
			1695	1058
			1695	1059
			1694	1060
			1694	1061
			1694	1062
			1694	1063
			1693	1063
			1693	1064
			1693	1065
			1692	1066
			1692	1067
			1691	1068
			1691	1069
			1691	1070
			1690	1070
			1690	1071
			1690	1072
			1689	1073
			1689	1074
			1688	1075
			1688	1076
			1688	1077
			1687	1077
			1687	1078
			1686	1079
			1686	1080
			1685	1081
			1685	1082
			1684	1083
			1683	1084
			1683	1085
			1682	1086
			1682	1087
			1681	1088
			1681	1089
			1680	1090
			1680	1091
			1679	1091
			1679	1092
			1678	1093
			1677	1094
			1676	1094
			1675	1095
			1674	1096
			1673	1096
			1672	1097
			1671	1098
			1670	1098
			1669	1099
			1668	1100
			1667	1100
			1666	1101
			1665	1102
			1664	1102
			1663	1103
			1662	1104
			1661	1104
			1660	1105
			1659	1105
			1658	1106
			1657	1107
			1656	1107
			1655	1108
			1654	1108
			1653	1109
			1652	1109
			1651	1110
			1650	1111
			1649	1111
			1648	1112
			1647	1112
			1646	1113
			1645	1113
			1644	1114
			1643	1114
			1642	1114
			1641	1115
			1640	1115
			1639	1116
			1638	1116
			1637	1117
			1636	1117
			1635	1118
			1634	1118
			1633	1118
			1632	1119
			1631	1119
			1630	1120
			1629	1120
			1628	1120
			1627	1120
			1626	1121
			1625	1121
			1624	1121
			1623	1121
			1622	1121
			1621	1121
			1620	1121
			1619	1121
			1618	1121
			1617	1121
			1616	1121
			1615	1121
			1614	1121
			1613	1121
			1612	1121
			1611	1121
			1610	1121
			1609	1121
			1608	1121
			1607	1121
			1606	1120
			1605	1120
			1604	1120
			1603	1120
			1602	1119
			1601	1119
			1600	1119
			1599	1119
			1598	1118
			1597	1118
			1596	1118
			1596	1117
			1595	1117
		</Opercle>
		<Preopercle type=matrix rownames=FALSE colnames=FALSE nrow=89 ncol=2 as.numeric=TRUE >
			1628	1033
			1628	1034
			1627	1035
			1627	1036
			1626	1037
			1626	1038
			1626	1039
			1626	1040
			1625	1040
			1625	1041
			1625	1042
			1624	1043
			1624	1044
			1624	1045
			1623	1046
			1623	1047
			1623	1048
			1622	1049
			1622	1050
			1622	1051
			1621	1052
			1621	1053
			1621	1054
			1620	1054
			1620	1055
			1620	1056
			1619	1057
			1619	1058
			1619	1059
			1618	1060
			1618	1061
			1617	1062
			1617	1063
			1617	1064
			1616	1065
			1616	1066
			1615	1067
			1615	1068
			1615	1069
			1614	1070
			1614	1071
			1613	1072
			1613	1073
			1613	1074
			1612	1075
			1612	1076
			1612	1077
			1611	1078
			1611	1079
			1610	1080
			1610	1081
			1610	1082
			1609	1083
			1609	1084
			1608	1085
			1608	1086
			1607	1087
			1606	1088
			1606	1089
			1606	1090
			1605	1091
			1605	1092
			1604	1093
			1604	1094
			1603	1095
			1603	1096
			1603	1097
			1602	1097
			1602	1098
			1602	1099
			1602	1100
			1601	1100
			1601	1101
			1601	1102
			1600	1103
			1600	1104
			1599	1105
			1599	1106
			1599	1107
			1598	1108
			1598	1109
			1597	1110
			1597	1111
			1597	1112
			1596	1113
			1596	1114
			1596	1115
			1595	1116
			1595	1117
		</Preopercle>
	</curves.pixel>
	<curves.scaled type=list>
		<Eye type=matrix rownames=FALSE colnames=FALSE nrow=165 ncol=2 as.numeric=TRUE >
			63.2353557497402	-38.4340597171582
			63.275101416459	-38.4738053838771
			63.3148470831779	-38.4738053838771
			63.3545927498968	-38.513551050596
			63.3943384166157	-38.5532967173149
			63.4340840833346	-38.5930423840338
			63.4738297500534	-38.5930423840338
			63.4738297500534	-38.6327880507526
			63.5135754167723	-38.6725337174715
			63.5533210834912	-38.7122793841904
			63.5930667502101	-38.7520250509093
			63.632812416929	-38.7917707176282
			63.632812416929	-38.831516384347
			63.6725580836479	-38.8712620510659
			63.7123037503667	-38.9110077177848
			63.7123037503667	-38.9507533845037
			63.7520494170856	-38.9904990512226
			63.7520494170856	-39.0302447179414
			63.7520494170856	-39.0699903846603
			63.7917950838045	-39.1097360513792
			63.7917950838045	-39.1494817180981
			63.7917950838045	-39.189227384817
			63.7917950838045	-39.2289730515359
			63.7917950838045	-39.2687187182547
			63.7917950838045	-39.3084643849736
			63.7917950838045	-39.3482100516925
			63.7917950838045	-39.3879557184114
			63.7917950838045	-39.4277013851303
			63.7917950838045	-39.4674470518491
			63.7917950838045	-39.507192718568
			63.7917950838045	-39.5469383852869
			63.7917950838045	-39.5866840520058
			63.7520494170856	-39.5866840520058
			63.7520494170856	-39.6264297187247
			63.7520494170856	-39.6661753854435
			63.7123037503667	-39.7059210521624
			63.7123037503667	-39.7456667188813
			63.7123037503667	-39.7854123856002
			63.6725580836479	-39.8251580523191
			63.6725580836479	-39.864903719038
			63.632812416929	-39.9046493857568
			63.5930667502101	-39.9443950524757
			63.5930667502101	-39.9841407191946
			63.5533210834912	-40.0238863859135
			63.5135754167723	-40.0238863859135
			63.4738297500534	-40.0636320526324
			63.4340840833346	-40.1033777193512
			63.3943384166157	-40.1033777193512
			63.3545927498968	-40.1431233860701
			63.3148470831779	-40.1431233860701
			63.275101416459	-40.182869052789
			63.2353557497402	-40.2226147195079
			63.1956100830213	-40.2226147195079
			63.1558644163024	-40.2623603862268
			63.1161187495835	-40.2623603862268
			63.0763730828646	-40.3021060529456
			63.0366274161458	-40.3021060529456
			62.9968817494269	-40.3418517196645
			62.957136082708	-40.3418517196645
			62.9173904159891	-40.3418517196645
			62.8776447492702	-40.3815973863834
			62.8378990825513	-40.3815973863834
			62.7981534158325	-40.4213430531023
			62.7584077491136	-40.4213430531023
			62.7186620823947	-40.4213430531023
			62.6789164156758	-40.4213430531023
			62.6391707489569	-40.4610887198212
			62.5994250822381	-40.4610887198212
			62.5596794155192	-40.4610887198212
			62.5199337488003	-40.4610887198212
			62.4801880820814	-40.4610887198212
			62.4404424153625	-40.4610887198212
			62.4006967486437	-40.4610887198212
			62.3609510819248	-40.4610887198212
			62.3212054152059	-40.4610887198212
			62.281459748487	-40.4610887198212
			62.2417140817681	-40.4610887198212
			62.2019684150492	-40.4610887198212
			62.1622227483304	-40.4213430531023
			62.1224770816115	-40.4213430531023
			62.0827314148926	-40.4213430531023
			62.0429857481737	-40.3815973863834
			62.0032400814548	-40.3815973863834
			61.963494414736	-40.3418517196645
			61.9237487480171	-40.3418517196645
			61.8840030812982	-40.3021060529456
			61.8442574145793	-40.3021060529456
			61.8045117478604	-40.2623603862268
			61.7647660811416	-40.2226147195079
			61.7250204144227	-40.2226147195079
			61.6852747477038	-40.182869052789
			61.6455290809849	-40.1431233860701
			61.605783414266	-40.1033777193512
			61.5660377475471	-40.0636320526324
			61.5660377475471	-40.0238863859135
			61.5262920808283	-39.9841407191946
			61.4865464141094	-39.9443950524757
			61.4468007473905	-39.9046493857568
			61.4468007473905	-39.864903719038
			61.4468007473905	-39.8251580523191
			61.4468007473905	-39.7854123856002
			61.4070550806716	-39.7456667188813
			61.4070550806716	-39.7059210521624
			61.4070550806716	-39.6661753854435
			61.4070550806716	-39.6264297187247
			61.4070550806716	-39.5866840520058
			61.4468007473905	-39.5469383852869
			61.4468007473905	-39.507192718568
			61.4468007473905	-39.4674470518491
			61.4468007473905	-39.4277013851303
			61.4468007473905	-39.3879557184114
			61.4468007473905	-39.3482100516925
			61.4468007473905	-39.3084643849736
			61.4865464141094	-39.2687187182547
			61.4865464141094	-39.2289730515359
			61.5262920808283	-39.189227384817
			61.5262920808283	-39.1494817180981
			61.5660377475471	-39.1097360513792
			61.5660377475471	-39.0699903846603
			61.605783414266	-39.0302447179414
			61.605783414266	-38.9904990512226
			61.6455290809849	-38.9507533845037
			61.6852747477038	-38.9110077177848
			61.6852747477038	-38.8712620510659
			61.7250204144227	-38.831516384347
			61.7647660811416	-38.7917707176282
			61.8045117478604	-38.7520250509093
			61.8045117478604	-38.7122793841904
			61.8442574145793	-38.7122793841904
			61.8840030812982	-38.6725337174715
			61.9237487480171	-38.6327880507526
			61.963494414736	-38.6327880507526
			61.963494414736	-38.5930423840338
			62.0032400814548	-38.5532967173149
			62.0429857481737	-38.5532967173149
			62.0827314148926	-38.513551050596
			62.1224770816115	-38.513551050596
			62.1622227483304	-38.513551050596
			62.2019684150492	-38.4738053838771
			62.2417140817681	-38.4738053838771
			62.281459748487	-38.4738053838771
			62.3212054152059	-38.4738053838771
			62.3609510819248	-38.4340597171582
			62.4006967486437	-38.4340597171582
			62.4404424153625	-38.4340597171582
			62.4801880820814	-38.4340597171582
			62.5199337488003	-38.4340597171582
			62.5596794155192	-38.4340597171582
			62.5994250822381	-38.4340597171582
			62.6391707489569	-38.3943140504393
			62.6789164156758	-38.3943140504393
			62.7186620823947	-38.3943140504393
			62.7584077491136	-38.3943140504393
			62.7981534158325	-38.3943140504393
			62.8378990825513	-38.3943140504393
			62.8776447492702	-38.3943140504393
			62.9173904159891	-38.3943140504393
			62.957136082708	-38.3943140504393
			62.9968817494269	-38.3943140504393
			63.0366274161458	-38.4340597171582
			63.0763730828646	-38.4340597171582
			63.1161187495835	-38.4340597171582
			63.1558644163024	-38.4340597171582
			63.1956100830213	-38.4340597171582
			63.2353557497402	-38.4340597171582
		</Eye>
		<Head type=matrix rownames=FALSE colnames=FALSE nrow=408 ncol=2 as.numeric=TRUE >
			59.4992630781653	-39.6264297187247
			59.5390087448842	-39.5866840520058
			59.5787544116031	-39.5469383852869
			59.618500078322	-39.5469383852869
			59.6582457450408	-39.507192718568
			59.6979914117597	-39.4674470518491
			59.7377370784786	-39.4277013851303
			59.7774827451975	-39.3879557184114
			59.8172284119164	-39.3879557184114
			59.8569740786352	-39.3482100516925
			59.8967197453541	-39.3482100516925
			59.936465412073	-39.3084643849736
			59.9762110787919	-39.2687187182547
			60.0159567455108	-39.2687187182547
			60.0557024122297	-39.2289730515359
			60.0954480789485	-39.189227384817
			60.1351937456674	-39.189227384817
			60.1749394123863	-39.189227384817
			60.2146850791052	-39.1494817180981
			60.2544307458241	-39.1097360513792
			60.2941764125429	-39.1097360513792
			60.3339220792618	-39.0699903846603
			60.3736677459807	-39.0699903846603
			60.4134134126996	-39.0302447179414
			60.4531590794185	-39.0302447179414
			60.4929047461373	-38.9904990512226
			60.5326504128562	-38.9904990512226
			60.5723960795751	-38.9507533845037
			60.612141746294	-38.9507533845037
			60.6518874130129	-38.9110077177848
			60.6916330797318	-38.9110077177848
			60.7313787464506	-38.8712620510659
			60.7711244131695	-38.831516384347
			60.8108700798884	-38.831516384347
			60.8506157466073	-38.7917707176282
			60.8903614133262	-38.7917707176282
			60.930107080045	-38.7520250509093
			60.9698527467639	-38.7520250509093
			61.0095984134828	-38.7520250509093
			61.0493440802017	-38.7122793841904
			61.0890897469206	-38.7122793841904
			61.1288354136395	-38.6725337174715
			61.1685810803583	-38.6725337174715
			61.2083267470772	-38.6327880507526
			61.2480724137961	-38.6327880507526
			61.287818080515	-38.5930423840338
			61.3275637472339	-38.5930423840338
			61.3673094139527	-38.5532967173149
			61.4070550806716	-38.5532967173149
			61.4468007473905	-38.513551050596
			61.4865464141094	-38.513551050596
			61.5262920808283	-38.4738053838771
			61.5660377475471	-38.4738053838771
			61.605783414266	-38.4738053838771
			61.6455290809849	-38.4340597171582
			61.6852747477038	-38.4340597171582
			61.7250204144227	-38.3943140504393
			61.7647660811416	-38.3943140504393
			61.8045117478604	-38.3545683837205
			61.8442574145793	-38.3545683837205
			61.8840030812982	-38.3545683837205
			61.9237487480171	-38.3148227170016
			61.963494414736	-38.3148227170016
			62.0032400814548	-38.2750770502827
			62.0429857481737	-38.2750770502827
			62.0827314148926	-38.2353313835638
			62.1224770816115	-38.2353313835638
			62.1622227483304	-38.2353313835638
			62.1622227483304	-38.1955857168449
			62.2019684150492	-38.1955857168449
			62.2417140817681	-38.1955857168449
			62.281459748487	-38.1558400501261
			62.3212054152059	-38.1558400501261
			62.3609510819248	-38.1558400501261
			62.4006967486437	-38.1160943834072
			62.4404424153625	-38.1160943834072
			62.4801880820814	-38.1160943834072
			62.4801880820814	-38.0763487166883
			62.5199337488003	-38.0763487166883
			62.5596794155192	-38.0763487166883
			62.5994250822381	-38.0366030499694
			62.6391707489569	-38.0366030499694
			62.6789164156758	-37.9968573832505
			62.7186620823947	-37.9968573832505
			62.7584077491136	-37.9571117165316
			62.7981534158325	-37.9571117165316
			62.8378990825513	-37.9571117165316
			62.8776447492702	-37.9173660498128
			62.9173904159891	-37.9173660498128
			62.957136082708	-37.8776203830939
			62.9968817494269	-37.8776203830939
			63.0366274161458	-37.8776203830939
			63.0763730828646	-37.837874716375
			63.1161187495835	-37.837874716375
			63.1558644163024	-37.7981290496561
			63.1956100830213	-37.7981290496561
			63.2353557497402	-37.7981290496561
			63.275101416459	-37.7981290496561
			63.275101416459	-37.7583833829372
			63.3148470831779	-37.7583833829372
			63.3545927498968	-37.7583833829372
			63.3943384166157	-37.7186377162184
			63.4340840833346	-37.7186377162184
			63.4738297500534	-37.6788920494995
			63.5135754167723	-37.6788920494995
			63.5533210834912	-37.6788920494995
			63.5930667502101	-37.6391463827806
			63.632812416929	-37.6391463827806
			63.6725580836479	-37.5994007160617
			63.7123037503667	-37.5994007160617
			63.7520494170856	-37.5994007160617
			63.7917950838045	-37.5596550493428
			63.8315407505234	-37.5596550493428
			63.8712864172423	-37.5596550493428
			63.9110320839611	-37.519909382624
			63.95077775068	-37.519909382624
			63.9905234173989	-37.4801637159051
			64.0302690841178	-37.4801637159051
			64.0700147508367	-37.4801637159051
			64.1097604175555	-37.4404180491862
			64.1495060842744	-37.4404180491862
			64.1892517509933	-37.4404180491862
			64.2289974177122	-37.4006723824673
			64.2687430844311	-37.4006723824673
			64.30848875115	-37.3609267157484
			64.3482344178688	-37.3609267157484
			64.3879800845877	-37.3609267157484
			64.4277257513066	-37.3211810490295
			64.4674714180255	-37.3211810490295
			64.5072170847444	-37.3211810490295
			64.5469627514632	-37.2814353823107
			64.5867084181821	-37.2814353823107
			64.626454084901	-37.2814353823107
			64.626454084901	-37.2416897155918
			64.6661997516199	-37.2416897155918
			64.7059454183388	-37.2416897155918
			64.7456910850576	-37.2019440488729
			64.7854367517765	-37.2019440488729
			64.8251824184954	-37.2019440488729
			64.8649280852143	-37.162198382154
			64.9046737519332	-37.162198382154
			64.9444194186521	-37.162198382154
			64.9841650853709	-37.1224527154351
			65.0239107520898	-37.1224527154351
			65.0636564188087	-37.0827070487163
			65.1034020855276	-37.0827070487163
			65.1431477522465	-37.0827070487163
			65.1828934189653	-37.0429613819974
			65.2226390856842	-37.0429613819974
			65.2623847524031	-37.0429613819974
			65.302130419122	-37.0032157152785
			65.3418760858409	-37.0032157152785
			65.3816217525598	-36.9634700485596
			65.4213674192786	-36.9634700485596
			65.4611130859975	-36.9634700485596
			65.5008587527164	-36.9237243818407
			65.5406044194353	-36.9237243818407
			65.5803500861542	-36.9237243818407
			65.620095752873	-36.9237243818407
			65.6598414195919	-36.8839787151219
			65.6995870863108	-36.8839787151219
			65.7393327530297	-36.844233048403
			65.7790784197486	-36.844233048403
			65.8188240864674	-36.844233048403
			65.8585697531863	-36.8044873816841
			65.8983154199052	-36.8044873816841
			65.9380610866241	-36.8044873816841
			65.977806753343	-36.7647417149652
			66.0175524200618	-36.7647417149652
			66.0572980867807	-36.7647417149652
			66.0572980867807	-36.7249960482463
			66.0970437534996	-36.7249960482463
			66.1367894202185	-36.7249960482463
			66.1765350869374	-36.6852503815274
			66.2162807536563	-36.6852503815274
			66.2560264203751	-36.6852503815274
			66.295772087094	-36.6852503815274
			66.3355177538129	-36.6455047148086
			66.3752634205318	-36.6455047148086
			66.4150090872507	-36.6455047148086
			66.4150090872507	-36.6057590480897
			66.4547547539696	-36.6057590480897
			66.4945004206884	-36.6057590480897
			66.5342460874073	-36.5660133813708
			66.5739917541262	-36.5660133813708
			66.6137374208451	-36.5660133813708
			66.653483087564	-36.5262677146519
			66.6932287542828	-36.5262677146519
			66.7329744210017	-36.5262677146519
			66.7727200877206	-36.486522047933
			66.8124657544395	-36.486522047933
			66.8522114211584	-36.4467763812142
			66.8919570878772	-36.4467763812142
			66.9317027545961	-36.4467763812142
			66.971448421315	-36.4467763812142
			66.971448421315	-36.4070307144953
			67.0111940880339	-36.4070307144953
			67.0509397547528	-36.4070307144953
			67.0906854214716	-36.3672850477764
			67.1304310881905	-36.3672850477764
			67.1701767549094	-36.3672850477764
			67.2099224216283	-36.3275393810575
			67.2496680883472	-36.3275393810575
			67.2894137550661	-36.3275393810575
			67.3291594217849	-36.2877937143386
			67.3689050885038	-36.2877937143386
			67.4086507552227	-36.2877937143386
			67.4483964219416	-36.2480480476198
			67.4881420886605	-36.2480480476198
			67.5278877553793	-36.2480480476198
			67.5676334220982	-36.2083023809009
			67.6073790888171	-36.2083023809009
			67.647124755536	-36.2083023809009
			67.6868704222549	-36.168556714182
			67.7266160889737	-36.168556714182
			67.7663617556926	-36.168556714182
			67.8061074224115	-36.168556714182
			67.8458530891304	-36.1288110474631
			67.8855987558493	-36.1288110474631
			67.9253444225682	-36.1288110474631
			67.965090089287	-36.1288110474631
			68.0048357560059	-36.1288110474631
			68.0445814227248	-36.0890653807442
			68.0843270894437	-36.0890653807442
			68.1240727561626	-36.0890653807442
			68.1638184228814	-36.0890653807442
			68.2035640896003	-36.0890653807442
			68.2433097563192	-36.0890653807442
			68.2830554230381	-36.0493197140253
			68.322801089757	-36.0493197140253
			68.3625467564759	-36.0493197140253
			68.4022924231947	-36.0493197140253
			68.4420380899136	-36.0493197140253
			68.4817837566325	-36.0493197140253
			68.5215294233514	-36.0493197140253
			68.5215294233514	-36.0095740473065
			68.5612750900703	-36.0095740473065
			68.6010207567891	-36.0095740473065
			68.640766423508	-36.0095740473065
			68.6805120902269	-36.0095740473065
			68.7202577569458	-36.0095740473065
			68.7600034236647	-36.0095740473065
			68.7997490903835	-36.0095740473065
			68.8394947571024	-35.9698283805876
			68.8792404238213	-35.9698283805876
			68.9189860905402	-35.9698283805876
			68.9587317572591	-35.9698283805876
			68.9984774239779	-35.9698283805876
			69.0382230906968	-35.9698283805876
			69.0779687574157	-35.9698283805876
			69.1177144241346	-35.9698283805876
			69.1574600908535	-35.9698283805876
			69.1972057575724	-35.9300827138687
			69.2369514242912	-35.9300827138687
			69.2766970910101	-35.9300827138687
			69.316442757729	-35.9300827138687
			69.3561884244479	-35.9300827138687
			69.3959340911668	-35.9300827138687
			69.4356797578856	-35.9300827138687
			69.4754254246045	-35.9300827138687
			69.5151710913234	-35.9300827138687
			69.5549167580423	-35.9300827138687
			69.5946624247612	-35.9300827138687
			69.6344080914801	-35.9300827138687
			69.6741537581989	-35.9300827138687
			69.7138994249178	-35.8903370471498
			69.7536450916367	-35.8903370471498
			69.7933907583556	-35.8903370471498
			69.8331364250745	-35.8903370471498
			69.8728820917933	-35.8903370471498
			69.9126277585122	-35.8903370471498
			69.9523734252311	-35.8903370471498
			69.99211909195	-35.8903370471498
			70.0318647586689	-35.8903370471498
			70.0716104253877	-35.8903370471498
			70.1113560921066	-35.8903370471498
			70.1511017588255	-35.8903370471498
			70.1908474255444	-35.8903370471498
			70.2305930922633	-35.8903370471498
			70.2703387589821	-35.8903370471498
			70.310084425701	-35.8903370471498
			70.3498300924199	-35.8903370471498
			70.3895757591388	-35.8903370471498
			70.4293214258577	-35.8505913804309
			70.4690670925766	-35.8505913804309
			70.5088127592954	-35.8505913804309
			70.5485584260143	-35.8505913804309
			70.5883040927332	-35.8505913804309
			70.6280497594521	-35.8505913804309
			70.667795426171	-35.8505913804309
			70.7075410928898	-35.8505913804309
			70.7472867596087	-35.8505913804309
			70.7870324263276	-35.8505913804309
			70.8267780930465	-35.8505913804309
			70.8665237597654	-35.8505913804309
			70.9062694264843	-35.8505913804309
			70.9460150932031	-35.8505913804309
			70.985760759922	-35.8505913804309
			71.0255064266409	-35.8505913804309
			71.0652520933598	-35.8505913804309
			71.1049977600787	-35.8505913804309
			71.1447434267975	-35.8505913804309
			71.1844890935164	-35.8505913804309
			71.2242347602353	-35.8505913804309
			71.2639804269542	-35.8505913804309
			71.3037260936731	-35.8505913804309
			71.3434717603919	-35.8505913804309
			71.3832174271108	-35.8505913804309
			71.4229630938297	-35.8505913804309
			71.4627087605486	-35.8505913804309
			71.5024544272675	-35.8903370471498
			71.5422000939864	-35.8903370471498
			71.5819457607052	-35.8903370471498
			71.6216914274241	-35.8903370471498
			71.661437094143	-35.8903370471498
			71.7011827608619	-35.8903370471498
			71.7409284275808	-35.8903370471498
			71.7806740942996	-35.8903370471498
			71.8204197610185	-35.8903370471498
			71.8601654277374	-35.8903370471498
			71.8999110944563	-35.8903370471498
			71.9396567611752	-35.8903370471498
			71.979402427894	-35.8903370471498
			72.0191480946129	-35.8903370471498
			72.0588937613318	-35.9300827138687
			72.0986394280507	-35.9300827138687
			72.1383850947696	-35.9300827138687
			72.1781307614885	-35.9300827138687
			72.2178764282073	-35.9300827138687
			72.2576220949262	-35.9300827138687
			72.2973677616451	-35.9300827138687
			72.337113428364	-35.9300827138687
			72.3768590950829	-35.9300827138687
			72.4166047618017	-35.9300827138687
			72.4563504285206	-35.9300827138687
			72.4960960952395	-35.9698283805876
			72.5358417619584	-35.9698283805876
			72.5755874286773	-35.9698283805876
			72.6153330953962	-35.9698283805876
			72.655078762115	-35.9698283805876
			72.6948244288339	-35.9698283805876
			72.7345700955528	-35.9698283805876
			72.7743157622717	-35.9698283805876
			72.8140614289906	-36.0095740473065
			72.8538070957094	-36.0095740473065
			72.8935527624283	-36.0095740473065
			72.9332984291472	-36.0095740473065
			72.9730440958661	-36.0095740473065
			73.012789762585	-36.0095740473065
			73.0525354293038	-36.0095740473065
			73.0922810960227	-36.0095740473065
			73.1320267627416	-36.0095740473065
			73.1717724294605	-36.0493197140253
			73.2115180961794	-36.0493197140253
			73.2512637628982	-36.0493197140253
			73.2910094296171	-36.0493197140253
			73.330755096336	-36.0493197140253
			73.3705007630549	-36.0493197140253
			73.4102464297738	-36.0493197140253
			73.4102464297738	-36.0890653807442
			73.4499920964927	-36.0890653807442
			73.4897377632115	-36.0890653807442
			73.5294834299304	-36.0890653807442
			73.5692290966493	-36.0890653807442
			73.6089747633682	-36.0890653807442
			73.6487204300871	-36.0890653807442
			73.6884660968059	-36.1288110474631
			73.7282117635248	-36.1288110474631
			73.7679574302437	-36.1288110474631
			73.8077030969626	-36.1288110474631
			73.8474487636815	-36.1288110474631
			73.8871944304004	-36.1288110474631
			73.9269400971192	-36.168556714182
			73.9666857638381	-36.168556714182
			74.006431430557	-36.168556714182
			74.0461770972759	-36.168556714182
			74.0859227639948	-36.168556714182
			74.1256684307136	-36.168556714182
			74.1654140974325	-36.2083023809009
			74.2051597641514	-36.2083023809009
			74.2449054308703	-36.2083023809009
			74.2846510975892	-36.2083023809009
			74.324396764308	-36.2480480476198
			74.3641424310269	-36.2480480476198
			74.4038880977458	-36.2480480476198
			74.4436337644647	-36.2480480476198
			74.4833794311836	-36.2480480476198
			74.5231250979025	-36.2877937143386
			74.5628707646213	-36.2877937143386
			74.6026164313402	-36.2877937143386
			74.6423620980591	-36.2877937143386
			74.682107764778	-36.2877937143386
			74.7218534314969	-36.3275393810575
			74.7615990982157	-36.3275393810575
			74.8013447649346	-36.3275393810575
			74.8410904316535	-36.3275393810575
			74.8808360983724	-36.3275393810575
			74.9205817650913	-36.3672850477764
			74.9603274318101	-36.3672850477764
			75.000073098529	-36.3672850477764
			75.0398187652479	-36.3672850477764
			75.0795644319668	-36.4070307144953
			75.1193100986857	-36.4070307144953
			75.1590557654046	-36.4070307144953
			75.1988014321234	-36.4070307144953
			75.2385470988423	-36.4070307144953
			75.2782927655612	-36.4467763812142
			75.3180384322801	-36.4467763812142
		</Head>
		<Tail1 type=matrix rownames=FALSE colnames=FALSE nrow=322 ncol=2 as.numeric=TRUE >
			75.3180384322801	-36.4467763812142
			75.357784098999	-36.4467763812142
			75.3975297657178	-36.486522047933
			75.4372754324367	-36.486522047933
			75.4770210991556	-36.5262677146519
			75.5167667658745	-36.5262677146519
			75.5565124325934	-36.5660133813708
			75.5962580993123	-36.5660133813708
			75.6360037660311	-36.5660133813708
			75.67574943275	-36.6057590480897
			75.7154950994689	-36.6057590480897
			75.7552407661878	-36.6455047148086
			75.7949864329067	-36.6455047148086
			75.8347320996255	-36.6455047148086
			75.8744777663444	-36.6852503815274
			75.9142234330633	-36.6852503815274
			75.9539690997822	-36.7249960482463
			75.9937147665011	-36.7249960482463
			76.0334604332199	-36.7249960482463
			76.0732060999388	-36.7647417149652
			76.1129517666577	-36.7647417149652
			76.1526974333766	-36.7647417149652
			76.1924431000955	-36.8044873816841
			76.2321887668143	-36.8044873816841
			76.2719344335332	-36.8044873816841
			76.3116801002521	-36.844233048403
			76.351425766971	-36.844233048403
			76.3911714336899	-36.8839787151219
			76.4309171004087	-36.8839787151219
			76.4706627671276	-36.8839787151219
			76.5104084338465	-36.9237243818407
			76.5501541005654	-36.9237243818407
			76.5898997672843	-36.9237243818407
			76.5898997672843	-36.9634700485596
			76.6296454340032	-36.9634700485596
			76.669391100722	-36.9634700485596
			76.7091367674409	-37.0032157152785
			76.7488824341598	-37.0032157152785
			76.7886281008787	-37.0032157152785
			76.8283737675976	-37.0429613819974
			76.8681194343165	-37.0429613819974
			76.9078651010353	-37.0429613819974
			76.9476107677542	-37.0827070487163
			76.9873564344731	-37.0827070487163
			77.027102101192	-37.0827070487163
			77.0668477679109	-37.1224527154351
			77.1065934346297	-37.1224527154351
			77.1463391013486	-37.162198382154
			77.1860847680675	-37.162198382154
			77.2258304347864	-37.162198382154
			77.2258304347864	-37.2019440488729
			77.2655761015053	-37.2019440488729
			77.3053217682241	-37.2019440488729
			77.345067434943	-37.2019440488729
			77.345067434943	-37.2416897155918
			77.3848131016619	-37.2416897155918
			77.4245587683808	-37.2416897155918
			77.4643044350997	-37.2416897155918
			77.5040501018185	-37.2814353823107
			77.5437957685374	-37.2814353823107
			77.5835414352563	-37.3211810490295
			77.6232871019752	-37.3211810490295
			77.6630327686941	-37.3211810490295
			77.702778435413	-37.3211810490295
			77.702778435413	-37.3609267157484
			77.7425241021318	-37.3609267157484
			77.7822697688507	-37.3609267157484
			77.8220154355696	-37.4006723824673
			77.8617611022885	-37.4006723824673
			77.9015067690074	-37.4006723824673
			77.9412524357262	-37.4404180491862
			77.9809981024451	-37.4404180491862
			78.020743769164	-37.4404180491862
			78.0604894358829	-37.4801637159051
			78.1002351026018	-37.4801637159051
			78.1399807693206	-37.4801637159051
			78.1797264360395	-37.519909382624
			78.2194721027584	-37.519909382624
			78.2592177694773	-37.5596550493428
			78.2989634361962	-37.5596550493428
			78.3387091029151	-37.5596550493428
			78.3784547696339	-37.5596550493428
			78.4182004363528	-37.5994007160617
			78.4579461030717	-37.5994007160617
			78.4976917697906	-37.6391463827806
			78.5374374365095	-37.6391463827806
			78.5771831032284	-37.6391463827806
			78.6169287699472	-37.6788920494995
			78.6566744366661	-37.6788920494995
			78.696420103385	-37.6788920494995
			78.7361657701039	-37.7186377162184
			78.7759114368228	-37.7186377162184
			78.8156571035416	-37.7186377162184
			78.8554027702605	-37.7583833829372
			78.8951484369794	-37.7583833829372
			78.9348941036983	-37.7981290496561
			78.9746397704172	-37.7981290496561
			79.014385437136	-37.7981290496561
			79.014385437136	-37.837874716375
			79.0541311038549	-37.837874716375
			79.0938767705738	-37.837874716375
			79.1336224372927	-37.8776203830939
			79.1733681040116	-37.8776203830939
			79.2131137707304	-37.8776203830939
			79.2528594374493	-37.9173660498128
			79.2926051041682	-37.9173660498128
			79.3323507708871	-37.9173660498128
			79.372096437606	-37.9571117165316
			79.4118421043248	-37.9571117165316
			79.4515877710437	-37.9968573832505
			79.4913334377626	-37.9968573832505
			79.5310791044815	-37.9968573832505
			79.5708247712004	-38.0366030499694
			79.6105704379193	-38.0366030499694
			79.6503161046381	-38.0366030499694
			79.690061771357	-38.0763487166883
			79.7298074380759	-38.0763487166883
			79.7695531047948	-38.1160943834072
			79.8092987715137	-38.1160943834072
			79.8490444382326	-38.1160943834072
			79.8887901049514	-38.1558400501261
			79.9285357716703	-38.1558400501261
			79.9682814383892	-38.1558400501261
			80.0080271051081	-38.1955857168449
			80.047772771827	-38.1955857168449
			80.0875184385458	-38.1955857168449
			80.0875184385458	-38.2353313835638
			80.1272641052647	-38.2353313835638
			80.1670097719836	-38.2353313835638
			80.2067554387025	-38.2353313835638
			80.2465011054214	-38.2750770502827
			80.2862467721402	-38.2750770502827
			80.3259924388591	-38.3148227170016
			80.365738105578	-38.3148227170016
			80.4054837722969	-38.3148227170016
			80.4452294390158	-38.3545683837205
			80.4849751057346	-38.3545683837205
			80.5247207724535	-38.3545683837205
			80.5644664391724	-38.3943140504393
			80.6042121058913	-38.3943140504393
			80.6439577726102	-38.3943140504393
			80.6837034393291	-38.4340597171582
			80.7234491060479	-38.4340597171582
			80.7631947727668	-38.4738053838771
			80.8029404394857	-38.4738053838771
			80.8426861062046	-38.4738053838771
			80.8824317729235	-38.513551050596
			80.9221774396423	-38.513551050596
			80.9619231063612	-38.513551050596
			80.9619231063612	-38.5532967173149
			81.0016687730801	-38.5532967173149
			81.041414439799	-38.5532967173149
			81.0811601065179	-38.5930423840338
			81.1209057732367	-38.5930423840338
			81.1606514399556	-38.5930423840338
			81.2003971066745	-38.6327880507526
			81.2401427733934	-38.6327880507526
			81.2798884401123	-38.6327880507526
			81.3196341068312	-38.6725337174715
			81.35937977355	-38.6725337174715
			81.3991254402689	-38.6725337174715
			81.4388711069878	-38.7122793841904
			81.4786167737067	-38.7122793841904
			81.5183624404256	-38.7122793841904
			81.5581081071444	-38.7122793841904
			81.5978537738633	-38.7520250509093
			81.6375994405822	-38.7520250509093
			81.6773451073011	-38.7520250509093
			81.71709077402	-38.7520250509093
			81.71709077402	-38.7917707176282
			81.7568364407389	-38.7917707176282
			81.7965821074577	-38.7917707176282
			81.8363277741766	-38.7917707176282
			81.8760734408955	-38.831516384347
			81.9158191076144	-38.831516384347
			81.9555647743333	-38.831516384347
			81.9953104410521	-38.831516384347
			82.035056107771	-38.8712620510659
			82.0748017744899	-38.8712620510659
			82.1145474412088	-38.8712620510659
			82.1542931079277	-38.9110077177848
			82.1940387746465	-38.9110077177848
			82.2337844413654	-38.9110077177848
			82.2735301080843	-38.9507533845037
			82.3132757748032	-38.9507533845037
			82.3530214415221	-38.9507533845037
			82.3927671082409	-38.9507533845037
			82.4325127749598	-38.9904990512226
			82.4722584416787	-38.9904990512226
			82.5120041083976	-38.9904990512226
			82.5517497751165	-38.9904990512226
			82.5914954418354	-39.0302447179414
			82.6312411085542	-39.0302447179414
			82.6709867752731	-39.0302447179414
			82.710732441992	-39.0302447179414
			82.710732441992	-39.0699903846603
			82.7504781087109	-39.0699903846603
			82.7902237754298	-39.0699903846603
			82.8299694421487	-39.0699903846603
			82.8697151088675	-39.1097360513792
			82.9094607755864	-39.1097360513792
			82.9492064423053	-39.1097360513792
			82.9889521090242	-39.1494817180981
			83.0286977757431	-39.1494817180981
			83.0684434424619	-39.1494817180981
			83.1081891091808	-39.1494817180981
			83.1479347758997	-39.189227384817
			83.1876804426186	-39.189227384817
			83.2274261093375	-39.189227384817
			83.2671717760563	-39.2289730515359
			83.3069174427752	-39.2289730515359
			83.3466631094941	-39.2289730515359
			83.386408776213	-39.2687187182547
			83.4261544429319	-39.2687187182547
			83.4659001096507	-39.2687187182547
			83.5056457763696	-39.3084643849736
			83.5453914430885	-39.3084643849736
			83.5851371098074	-39.3084643849736
			83.6248827765263	-39.3084643849736
			83.6646284432451	-39.3482100516925
			83.704374109964	-39.3482100516925
			83.7441197766829	-39.3482100516925
			83.7838654434018	-39.3879557184114
			83.8236111101207	-39.3879557184114
			83.8633567768396	-39.3879557184114
			83.9031024435584	-39.3879557184114
			83.9428481102773	-39.4277013851303
			83.9825937769962	-39.4277013851303
			84.0223394437151	-39.4277013851303
			84.062085110434	-39.4674470518491
			84.1018307771528	-39.4674470518491
			84.1415764438717	-39.4674470518491
			84.1813221105906	-39.507192718568
			84.2210677773095	-39.507192718568
			84.2608134440284	-39.5469383852869
			84.3005591107473	-39.5469383852869
			84.3403047774661	-39.5469383852869
			84.380050444185	-39.5469383852869
			84.380050444185	-39.5866840520058
			84.4197961109039	-39.5866840520058
			84.4595417776228	-39.5866840520058
			84.4992874443417	-39.5866840520058
			84.5390331110605	-39.6264297187247
			84.5787787777794	-39.6264297187247
			84.6185244444983	-39.6264297187247
			84.6582701112172	-39.6264297187247
			84.6980157779361	-39.6661753854435
			84.737761444655	-39.6661753854435
			84.7775071113738	-39.7059210521624
			84.8172527780927	-39.7059210521624
			84.8569984448116	-39.7059210521624
			84.8967441115305	-39.7059210521624
			84.8967441115305	-39.7456667188813
			84.9364897782494	-39.7456667188813
			84.9762354449682	-39.7456667188813
			85.0159811116871	-39.7854123856002
			85.055726778406	-39.7854123856002
			85.0954724451249	-39.7854123856002
			85.1352181118438	-39.7854123856002
			85.1749637785626	-39.8251580523191
			85.2147094452815	-39.8251580523191
			85.2544551120004	-39.8251580523191
			85.2942007787193	-39.864903719038
			85.3339464454382	-39.864903719038
			85.373692112157	-39.864903719038
			85.4134377788759	-39.9046493857568
			85.4531834455948	-39.9046493857568
			85.4929291123137	-39.9046493857568
			85.5326747790326	-39.9046493857568
			85.5724204457515	-39.9443950524757
			85.6121661124703	-39.9443950524757
			85.6519117791892	-39.9841407191946
			85.6916574459081	-39.9841407191946
			85.731403112627	-39.9841407191946
			85.7711487793459	-39.9841407191946
			85.8108944460647	-40.0238863859135
			85.8506401127836	-40.0238863859135
			85.8903857795025	-40.0238863859135
			85.9301314462214	-40.0636320526324
			85.9698771129403	-40.0636320526324
			86.0096227796592	-40.0636320526324
			86.049368446378	-40.1033777193512
			86.0891141130969	-40.1033777193512
			86.1288597798158	-40.1033777193512
			86.1686054465347	-40.1033777193512
			86.2083511132536	-40.1431233860701
			86.2480967799724	-40.1431233860701
			86.2878424466913	-40.1431233860701
			86.3275881134102	-40.182869052789
			86.3673337801291	-40.182869052789
			86.407079446848	-40.182869052789
			86.4468251135668	-40.182869052789
			86.4865707802857	-40.2226147195079
			86.5263164470046	-40.2226147195079
			86.5660621137235	-40.2226147195079
			86.6058077804424	-40.2623603862268
			86.6455534471612	-40.2623603862268
			86.6852991138801	-40.2623603862268
			86.725044780599	-40.2623603862268
			86.7647904473179	-40.3021060529456
			86.8045361140368	-40.3021060529456
			86.8442817807557	-40.3021060529456
			86.8840274474745	-40.3418517196645
			86.9237731141934	-40.3418517196645
			86.9635187809123	-40.3418517196645
			87.0032644476312	-40.3418517196645
			87.0430101143501	-40.3815973863834
			87.0827557810689	-40.3815973863834
			87.1225014477878	-40.4213430531023
			87.1622471145067	-40.4213430531023
			87.2019927812256	-40.4213430531023
			87.2417384479445	-40.4213430531023
			87.2814841146634	-40.4213430531023
			87.3212297813822	-40.4610887198212
			87.3609754481011	-40.4610887198212
			87.40072111482	-40.4610887198212
			87.4404667815389	-40.50083438654
			87.4802124482578	-40.50083438654
			87.5199581149766	-40.50083438654
			87.5597037816955	-40.5405800532589
			87.5994494484144	-40.5405800532589
			87.6391951151333	-40.5405800532589
		</Tail1>
		<End type=matrix rownames=FALSE colnames=FALSE nrow=208 ncol=2 as.numeric=TRUE >
			87.6391951151333	-40.5405800532589
			87.6789407818522	-40.5405800532589
			87.718686448571	-40.5405800532589
			87.7584321152899	-40.5405800532589
			87.7981777820088	-40.5405800532589
			87.8379234487277	-40.5405800532589
			87.8776691154466	-40.5405800532589
			87.9174147821655	-40.5405800532589
			87.9571604488843	-40.5803257199778
			87.9969061156032	-40.5803257199778
			88.0366517823221	-40.5803257199778
			88.076397449041	-40.5803257199778
			88.1161431157599	-40.5803257199778
			88.1558887824787	-40.5803257199778
			88.1956344491976	-40.5803257199778
			88.2353801159165	-40.6200713866967
			88.2751257826354	-40.6200713866967
			88.3148714493543	-40.6200713866967
			88.3546171160731	-40.6200713866967
			88.394362782792	-40.6598170534156
			88.4341084495109	-40.6598170534156
			88.4738541162298	-40.6598170534156
			88.5135997829487	-40.6598170534156
			88.5533454496676	-40.6995627201345
			88.5930911163864	-40.6995627201345
			88.6328367831053	-40.6995627201345
			88.6725824498242	-40.7393083868533
			88.7123281165431	-40.7393083868533
			88.752073783262	-40.7393083868533
			88.7918194499808	-40.7790540535722
			88.8315651166997	-40.7790540535722
			88.8713107834186	-40.7790540535722
			88.9110564501375	-40.8187997202911
			88.9508021168564	-40.8187997202911
			88.9905477835753	-40.85854538701
			89.0302934502941	-40.8982910537289
			89.070039117013	-40.8982910537289
			89.1097847837319	-40.9380367204477
			89.1495304504508	-40.9380367204477
			89.1892761171697	-40.9777823871666
			89.2290217838885	-40.9777823871666
			89.2290217838885	-41.0175280538855
			89.2687674506074	-41.0572737206044
			89.3085131173263	-41.0572737206044
			89.3482587840452	-41.0970193873233
			89.3880044507641	-41.1367650540422
			89.4277501174829	-41.176510720761
			89.4674957842018	-41.2162563874799
			89.5072414509207	-41.2560020541988
			89.5469871176396	-41.2957477209177
			89.5469871176396	-41.3354933876366
			89.5867327843585	-41.3752390543554
			89.6264784510773	-41.4149847210743
			89.6662241177962	-41.4547303877932
			89.6662241177962	-41.4944760545121
			89.7059697845151	-41.534221721231
			89.7059697845151	-41.5739673879498
			89.745715451234	-41.6137130546687
			89.7854611179529	-41.6534587213876
			89.7854611179529	-41.6932043881065
			89.7854611179529	-41.7329500548254
			89.8252067846717	-41.7726957215443
			89.8252067846717	-41.8124413882631
			89.8252067846717	-41.852187054982
			89.8649524513906	-41.8919327217009
			89.8649524513906	-41.9316783884198
			89.8649524513906	-41.9714240551387
			89.9046981181095	-42.0111697218575
			89.9046981181095	-42.0509153885764
			89.9046981181095	-42.0906610552953
			89.9046981181095	-42.1304067220142
			89.9444437848284	-42.1701523887331
			89.9444437848284	-42.209898055452
			89.9444437848284	-42.2496437221708
			89.9444437848284	-42.2893893888897
			89.9444437848284	-42.3291350556086
			89.9841894515473	-42.3688807223275
			89.9841894515473	-42.4086263890464
			89.9841894515473	-42.4483720557652
			89.9841894515473	-42.4881177224841
			89.9841894515473	-42.527863389203
			89.9841894515473	-42.5676090559219
			89.9841894515473	-42.6073547226408
			89.9841894515473	-42.6471003893596
			90.0239351182662	-42.6868460560785
			90.0239351182662	-42.7265917227974
			90.0239351182662	-42.7663373895163
			90.0239351182662	-42.8060830562352
			90.0239351182662	-42.8458287229541
			90.0239351182662	-42.8855743896729
			90.0239351182662	-42.9253200563918
			90.0239351182662	-42.9650657231107
			90.0239351182662	-43.0048113898296
			90.0239351182662	-43.0445570565485
			90.0239351182662	-43.0843027232673
			90.0239351182662	-43.1240483899862
			90.0239351182662	-43.1637940567051
			90.0239351182662	-43.203539723424
			90.063680784985	-43.2432853901429
			90.063680784985	-43.2830310568617
			90.063680784985	-43.3227767235806
			90.063680784985	-43.3625223902995
			90.063680784985	-43.4022680570184
			90.063680784985	-43.4420137237373
			90.063680784985	-43.4817593904561
			90.063680784985	-43.521505057175
			90.0239351182662	-43.5612507238939
			90.0239351182662	-43.6009963906128
			90.0239351182662	-43.6407420573317
			90.0239351182662	-43.6804877240506
			90.0239351182662	-43.7202333907694
			90.0239351182662	-43.7599790574883
			90.0239351182662	-43.7997247242072
			90.0239351182662	-43.8394703909261
			90.0239351182662	-43.879216057645
			90.0239351182662	-43.9189617243638
			90.0239351182662	-43.9587073910827
			89.9841894515473	-43.9984530578016
			89.9841894515473	-44.0381987245205
			89.9841894515473	-44.0779443912394
			89.9841894515473	-44.1176900579582
			89.9841894515473	-44.1574357246771
			89.9841894515473	-44.197181391396
			89.9444437848284	-44.2369270581149
			89.9444437848284	-44.2766727248338
			89.9444437848284	-44.3164183915527
			89.9046981181095	-44.3561640582715
			89.9046981181095	-44.3959097249904
			89.9046981181095	-44.4356553917093
			89.9046981181095	-44.4754010584282
			89.8649524513906	-44.5151467251471
			89.8649524513906	-44.5548923918659
			89.8252067846717	-44.5946380585848
			89.8252067846717	-44.6343837253037
			89.8252067846717	-44.6741293920226
			89.7854611179529	-44.6741293920226
			89.7854611179529	-44.7138750587415
			89.745715451234	-44.7536207254604
			89.745715451234	-44.7933663921792
			89.745715451234	-44.8331120588981
			89.7059697845151	-44.8331120588981
			89.7059697845151	-44.872857725617
			89.6662241177962	-44.9126033923359
			89.6662241177962	-44.9523490590548
			89.6264784510773	-44.9523490590548
			89.5867327843585	-44.9920947257736
			89.5867327843585	-45.0318403924925
			89.5469871176396	-45.0318403924925
			89.5469871176396	-45.0715860592114
			89.5072414509207	-45.0715860592114
			89.4674957842018	-45.1113317259303
			89.4674957842018	-45.1510773926492
			89.4277501174829	-45.1510773926492
			89.3880044507641	-45.190823059368
			89.3482587840452	-45.2305687260869
			89.3085131173263	-45.2703143928058
			89.2687674506074	-45.2703143928058
			89.2290217838885	-45.3100600595247
			89.1892761171697	-45.3100600595247
			89.1495304504508	-45.3498057262436
			89.1097847837319	-45.3498057262436
			89.070039117013	-45.3895513929625
			89.0302934502941	-45.3895513929625
			88.9905477835753	-45.3895513929625
			88.9508021168564	-45.4292970596813
			88.9110564501375	-45.4292970596813
			88.8713107834186	-45.4292970596813
			88.8315651166997	-45.4690427264002
			88.7918194499808	-45.4690427264002
			88.752073783262	-45.4690427264002
			88.7123281165431	-45.4690427264002
			88.6725824498242	-45.4690427264002
			88.6328367831053	-45.4690427264002
			88.5930911163864	-45.5087883931191
			88.5533454496676	-45.5087883931191
			88.5135997829487	-45.5087883931191
			88.4738541162298	-45.5087883931191
			88.4341084495109	-45.5087883931191
			88.394362782792	-45.5087883931191
			88.3546171160731	-45.5087883931191
			88.3148714493543	-45.5087883931191
			88.2751257826354	-45.5087883931191
			88.2353801159165	-45.5087883931191
			88.1956344491976	-45.5087883931191
			88.1558887824787	-45.5087883931191
			88.1161431157599	-45.5087883931191
			88.076397449041	-45.5087883931191
			88.0366517823221	-45.5087883931191
			87.9969061156032	-45.5087883931191
			87.9571604488843	-45.4690427264002
			87.9174147821655	-45.4690427264002
			87.8776691154466	-45.4690427264002
			87.8379234487277	-45.4690427264002
			87.7981777820088	-45.4690427264002
			87.7584321152899	-45.4690427264002
			87.718686448571	-45.4690427264002
			87.6789407818522	-45.4292970596813
			87.6391951151333	-45.4292970596813
			87.5994494484144	-45.4292970596813
			87.5597037816955	-45.4292970596813
			87.5199581149766	-45.4292970596813
			87.4802124482578	-45.3895513929625
			87.4404667815389	-45.3895513929625
			87.40072111482	-45.3895513929625
			87.3609754481011	-45.3895513929625
			87.3212297813822	-45.3498057262436
			87.2814841146634	-45.3498057262436
			87.2417384479445	-45.3498057262436
		</End>
		<Tail2 type=matrix rownames=FALSE colnames=FALSE nrow=162 ncol=2 as.numeric=TRUE >
			87.2417384479445	-45.3498057262436
			87.2019927812256	-45.3498057262436
			87.1622471145067	-45.3498057262436
			87.1225014477878	-45.3498057262436
			87.0827557810689	-45.3498057262436
			87.0430101143501	-45.3498057262436
			87.0032644476312	-45.3100600595247
			86.9635187809123	-45.3100600595247
			86.9237731141934	-45.3100600595247
			86.8840274474745	-45.3100600595247
			86.8442817807557	-45.3100600595247
			86.8045361140368	-45.3100600595247
			86.7647904473179	-45.3100600595247
			86.725044780599	-45.3100600595247
			86.6852991138801	-45.3100600595247
			86.6455534471612	-45.3100600595247
			86.6058077804424	-45.3100600595247
			86.5660621137235	-45.3100600595247
			86.5263164470046	-45.2703143928058
			86.4865707802857	-45.2703143928058
			86.4468251135668	-45.2703143928058
			86.407079446848	-45.2703143928058
			86.3673337801291	-45.2703143928058
			86.3275881134102	-45.2703143928058
			86.2878424466913	-45.2703143928058
			86.2480967799724	-45.2703143928058
			86.2083511132536	-45.2703143928058
			86.1686054465347	-45.2305687260869
			86.1288597798158	-45.2305687260869
			86.0891141130969	-45.2305687260869
			86.049368446378	-45.2305687260869
			86.0096227796592	-45.2305687260869
			85.9698771129403	-45.2305687260869
			85.9301314462214	-45.2305687260869
			85.8903857795025	-45.2305687260869
			85.8506401127836	-45.2305687260869
			85.8108944460647	-45.2305687260869
			85.7711487793459	-45.190823059368
			85.731403112627	-45.190823059368
			85.6916574459081	-45.190823059368
			85.6519117791892	-45.190823059368
			85.6121661124703	-45.190823059368
			85.5724204457515	-45.190823059368
			85.5326747790326	-45.190823059368
			85.4929291123137	-45.190823059368
			85.4531834455948	-45.1510773926492
			85.4134377788759	-45.1510773926492
			85.373692112157	-45.1510773926492
			85.3339464454382	-45.1510773926492
			85.2942007787193	-45.1510773926492
			85.2544551120004	-45.1510773926492
			85.2147094452815	-45.1510773926492
			85.1749637785626	-45.1113317259303
			85.1352181118438	-45.1113317259303
			85.0954724451249	-45.1113317259303
			85.055726778406	-45.1113317259303
			85.0159811116871	-45.1113317259303
			84.9762354449682	-45.1113317259303
			84.9364897782494	-45.0715860592114
			84.8967441115305	-45.0715860592114
			84.8569984448116	-45.0715860592114
			84.8172527780927	-45.0715860592114
			84.7775071113738	-45.0715860592114
			84.737761444655	-45.0715860592114
			84.6980157779361	-45.0715860592114
			84.6582701112172	-45.0715860592114
			84.6185244444983	-45.0715860592114
			84.5787787777794	-45.0715860592114
			84.5390331110605	-45.0715860592114
			84.4992874443417	-45.0715860592114
			84.4595417776228	-45.0715860592114
			84.4197961109039	-45.0715860592114
			84.380050444185	-45.0715860592114
			84.3403047774661	-45.0715860592114
			84.3005591107473	-45.0715860592114
			84.2608134440284	-45.0715860592114
			84.2210677773095	-45.0318403924925
			84.1813221105906	-45.0318403924925
			84.1415764438717	-45.0318403924925
			84.1018307771528	-45.0318403924925
			84.062085110434	-45.0318403924925
			84.0223394437151	-45.0318403924925
			83.9825937769962	-45.0318403924925
			83.9428481102773	-45.0318403924925
			83.9031024435584	-45.0318403924925
			83.8633567768396	-45.0318403924925
			83.8236111101207	-45.0318403924925
			83.7838654434018	-45.0318403924925
			83.7441197766829	-45.0318403924925
			83.704374109964	-45.0318403924925
			83.6646284432451	-45.0318403924925
			83.6248827765263	-45.0318403924925
			83.5851371098074	-45.0318403924925
			83.5453914430885	-45.0318403924925
			83.5056457763696	-45.0318403924925
			83.4659001096507	-45.0318403924925
			83.4261544429319	-45.0318403924925
			83.386408776213	-45.0318403924925
			83.3466631094941	-45.0318403924925
			83.3069174427752	-45.0318403924925
			83.2671717760563	-45.0318403924925
			83.2274261093375	-45.0318403924925
			83.1876804426186	-45.0318403924925
			83.1479347758997	-45.0318403924925
			83.1081891091808	-45.0318403924925
			83.0684434424619	-45.0318403924925
			83.0286977757431	-45.0318403924925
			82.9889521090242	-45.0318403924925
			82.9492064423053	-45.0318403924925
			82.9094607755864	-45.0318403924925
			82.8697151088675	-45.0318403924925
			82.8299694421487	-45.0318403924925
			82.7902237754298	-45.0318403924925
			82.7504781087109	-45.0318403924925
			82.710732441992	-45.0318403924925
			82.6709867752731	-45.0715860592114
			82.6312411085542	-45.0715860592114
			82.5914954418354	-45.0715860592114
			82.5517497751165	-45.0715860592114
			82.5120041083976	-45.0715860592114
			82.4722584416787	-45.0715860592114
			82.4325127749598	-45.0715860592114
			82.3927671082409	-45.0715860592114
			82.3530214415221	-45.0715860592114
			82.3132757748032	-45.0715860592114
			82.2735301080843	-45.0715860592114
			82.2337844413654	-45.0715860592114
			82.1940387746465	-45.0715860592114
			82.1542931079277	-45.0715860592114
			82.1145474412088	-45.0715860592114
			82.0748017744899	-45.0715860592114
			82.035056107771	-45.1113317259303
			81.9953104410521	-45.1113317259303
			81.9555647743333	-45.1113317259303
			81.9158191076144	-45.1113317259303
			81.8760734408955	-45.1113317259303
			81.8363277741766	-45.1113317259303
			81.7965821074577	-45.1510773926492
			81.7568364407389	-45.1510773926492
			81.71709077402	-45.1510773926492
			81.6773451073011	-45.190823059368
			81.6375994405822	-45.190823059368
			81.5978537738633	-45.190823059368
			81.5581081071444	-45.2305687260869
			81.5183624404256	-45.2305687260869
			81.4786167737067	-45.2703143928058
			81.4388711069878	-45.2703143928058
			81.3991254402689	-45.3100600595247
			81.35937977355	-45.3100600595247
			81.3196341068312	-45.3498057262436
			81.2798884401123	-45.3498057262436
			81.2401427733934	-45.3895513929625
			81.2003971066745	-45.3895513929625
			81.1606514399556	-45.4292970596813
			81.1209057732367	-45.4292970596813
			81.0811601065179	-45.4690427264002
			81.041414439799	-45.5087883931191
			81.0016687730801	-45.548534059838
			80.9619231063612	-45.5882797265569
			80.9221774396423	-45.5882797265569
			80.8824317729235	-45.6280253932757
			80.8426861062046	-45.6677710599946
		</Tail2>
		<AnalFin type=matrix rownames=FALSE colnames=FALSE nrow=78 ncol=2 as.numeric=TRUE >
			80.8426861062046	-45.6677710599946
			80.8426861062046	-45.7075167267135
			80.8029404394857	-45.7075167267135
			80.8029404394857	-45.7472623934324
			80.7631947727668	-45.7472623934324
			80.7234491060479	-45.7870080601513
			80.6837034393291	-45.8267537268701
			80.6439577726102	-45.866499393589
			80.6042121058913	-45.866499393589
			80.5644664391724	-45.9062450603079
			80.5247207724535	-45.9459907270268
			80.4849751057346	-45.9459907270268
			80.4452294390158	-45.9857363937457
			80.4054837722969	-46.0254820604646
			80.365738105578	-46.0254820604646
			80.365738105578	-46.0652277271834
			80.3259924388591	-46.0652277271834
			80.2862467721402	-46.1049733939023
			80.2465011054214	-46.1049733939023
			80.2067554387025	-46.1049733939023
			80.1670097719836	-46.1447190606212
			80.1272641052647	-46.1447190606212
			80.0875184385458	-46.1844647273401
			80.047772771827	-46.1844647273401
			80.0080271051081	-46.224210394059
			79.9682814383892	-46.224210394059
			79.9285357716703	-46.224210394059
			79.8887901049514	-46.2639560607778
			79.8490444382326	-46.2639560607778
			79.8092987715137	-46.2639560607778
			79.7695531047948	-46.3037017274967
			79.7298074380759	-46.3037017274967
			79.690061771357	-46.3434473942156
			79.6503161046381	-46.3434473942156
			79.6105704379193	-46.3434473942156
			79.5708247712004	-46.3831930609345
			79.5310791044815	-46.3831930609345
			79.4913334377626	-46.3831930609345
			79.4913334377626	-46.4229387276534
			79.4515877710437	-46.4229387276534
			79.4118421043248	-46.4229387276534
			79.372096437606	-46.4229387276534
			79.3323507708871	-46.4626843943722
			79.2926051041682	-46.4626843943722
			79.2528594374493	-46.4626843943722
			79.2131137707304	-46.4626843943722
			79.2131137707304	-46.5024300610911
			79.1733681040116	-46.5024300610911
			79.1336224372927	-46.5024300610911
			79.0938767705738	-46.5024300610911
			79.0541311038549	-46.5024300610911
			79.014385437136	-46.5024300610911
			79.014385437136	-46.54217572781
			78.9746397704172	-46.54217572781
			78.9348941036983	-46.54217572781
			78.8951484369794	-46.54217572781
			78.8554027702605	-46.54217572781
			78.8156571035416	-46.54217572781
			78.7759114368228	-46.54217572781
			78.7361657701039	-46.54217572781
			78.696420103385	-46.54217572781
			78.6566744366661	-46.54217572781
			78.6169287699472	-46.54217572781
			78.5771831032284	-46.54217572781
			78.5374374365095	-46.54217572781
			78.4976917697906	-46.54217572781
			78.4579461030717	-46.54217572781
			78.4182004363528	-46.54217572781
			78.3784547696339	-46.54217572781
			78.3387091029151	-46.54217572781
			78.2989634361962	-46.54217572781
			78.2592177694773	-46.54217572781
			78.2194721027584	-46.54217572781
			78.1797264360395	-46.54217572781
			78.1797264360395	-46.5024300610911
			78.1399807693206	-46.5024300610911
			78.1002351026018	-46.5024300610911
			78.0604894358829	-46.5024300610911
		</AnalFin>
		<Pectfin type=matrix rownames=FALSE colnames=FALSE nrow=58 ncol=2 as.numeric=TRUE >
			68.1240727561626	-43.0048113898296
			68.1240727561626	-43.0445570565485
			68.1240727561626	-43.0843027232673
			68.1240727561626	-43.1240483899862
			68.1240727561626	-43.1637940567051
			68.1240727561626	-43.203539723424
			68.1240727561626	-43.2432853901429
			68.1240727561626	-43.2830310568617
			68.1240727561626	-43.3227767235806
			68.1240727561626	-43.3625223902995
			68.0843270894437	-43.4022680570184
			68.0843270894437	-43.4420137237373
			68.0843270894437	-43.4817593904561
			68.0843270894437	-43.521505057175
			68.0843270894437	-43.5612507238939
			68.0843270894437	-43.6009963906128
			68.0843270894437	-43.6407420573317
			68.0445814227248	-43.6804877240506
			68.0445814227248	-43.7202333907694
			68.0445814227248	-43.7599790574883
			68.0445814227248	-43.7997247242072
			68.0445814227248	-43.8394703909261
			68.0048357560059	-43.879216057645
			68.0048357560059	-43.9189617243638
			68.0048357560059	-43.9587073910827
			67.965090089287	-43.9984530578016
			67.965090089287	-44.0381987245205
			67.965090089287	-44.0779443912394
			67.9253444225682	-44.1176900579582
			67.9253444225682	-44.1574357246771
			67.9253444225682	-44.197181391396
			67.9253444225682	-44.2369270581149
			67.8855987558493	-44.2369270581149
			67.8855987558493	-44.2766727248338
			67.8855987558493	-44.3164183915527
			67.8458530891304	-44.3164183915527
			67.8458530891304	-44.3561640582715
			67.8458530891304	-44.3959097249904
			67.8061074224115	-44.3959097249904
			67.8061074224115	-44.4356553917093
			67.7663617556926	-44.4754010584282
			67.7663617556926	-44.5151467251471
			67.7266160889737	-44.5548923918659
			67.6868704222549	-44.5946380585848
			67.6868704222549	-44.6343837253037
			67.647124755536	-44.6741293920226
			67.647124755536	-44.7138750587415
			67.6073790888171	-44.7536207254604
			67.5676334220982	-44.7933663921792
			67.5676334220982	-44.8331120588981
			67.5278877553793	-44.872857725617
			67.4881420886605	-44.9126033923359
			67.4881420886605	-44.9523490590548
			67.4483964219416	-44.9920947257736
			67.4086507552227	-45.0318403924925
			67.3689050885038	-45.0715860592114
			67.3689050885038	-45.1113317259303
			67.3291594217849	-45.1510773926492
		</Pectfin>
		<Opercle type=matrix rownames=FALSE colnames=FALSE nrow=171 ncol=2 as.numeric=TRUE >
			68.0843270894437	-40.2623603862268
			68.0843270894437	-40.3021060529456
			68.0843270894437	-40.3418517196645
			68.0843270894437	-40.3815973863834
			68.0843270894437	-40.4213430531023
			68.0843270894437	-40.4610887198212
			68.0843270894437	-40.50083438654
			68.0843270894437	-40.5405800532589
			68.0843270894437	-40.5803257199778
			68.0445814227248	-40.6200713866967
			68.0445814227248	-40.6598170534156
			68.0445814227248	-40.6995627201345
			68.0445814227248	-40.7393083868533
			68.0445814227248	-40.7790540535722
			68.0048357560059	-40.8187997202911
			68.0048357560059	-40.85854538701
			68.0048357560059	-40.8982910537289
			67.965090089287	-40.9380367204477
			67.965090089287	-40.9777823871666
			67.965090089287	-41.0175280538855
			67.9253444225682	-41.0572737206044
			67.9253444225682	-41.0970193873233
			67.8855987558493	-41.1367650540422
			67.8855987558493	-41.176510720761
			67.8855987558493	-41.2162563874799
			67.8458530891304	-41.2560020541988
			67.8458530891304	-41.2957477209177
			67.8061074224115	-41.3354933876366
			67.8061074224115	-41.3752390543554
			67.7663617556926	-41.4149847210743
			67.7266160889737	-41.4547303877932
			67.7266160889737	-41.4944760545121
			67.6868704222549	-41.534221721231
			67.6868704222549	-41.5739673879498
			67.647124755536	-41.6137130546687
			67.647124755536	-41.6534587213876
			67.6073790888171	-41.6534587213876
			67.6073790888171	-41.6932043881065
			67.5676334220982	-41.7329500548254
			67.5676334220982	-41.7726957215443
			67.5278877553793	-41.8124413882631
			67.4881420886605	-41.852187054982
			67.4881420886605	-41.8919327217009
			67.4483964219416	-41.9316783884198
			67.4086507552227	-41.9316783884198
			67.4086507552227	-41.9714240551387
			67.4086507552227	-42.0111697218575
			67.3689050885038	-42.0509153885764
			67.3689050885038	-42.0906610552953
			67.3291594217849	-42.1304067220142
			67.3291594217849	-42.1701523887331
			67.3291594217849	-42.209898055452
			67.3291594217849	-42.2496437221708
			67.2894137550661	-42.2496437221708
			67.2894137550661	-42.2893893888897
			67.2894137550661	-42.3291350556086
			67.2496680883472	-42.3688807223275
			67.2496680883472	-42.4086263890464
			67.2099224216283	-42.4483720557652
			67.2099224216283	-42.4881177224841
			67.2099224216283	-42.527863389203
			67.1701767549094	-42.527863389203
			67.1701767549094	-42.5676090559219
			67.1701767549094	-42.6073547226408
			67.1304310881905	-42.6471003893596
			67.1304310881905	-42.6868460560785
			67.0906854214716	-42.7265917227974
			67.0906854214716	-42.7663373895163
			67.0906854214716	-42.8060830562352
			67.0509397547528	-42.8060830562352
			67.0509397547528	-42.8458287229541
			67.0111940880339	-42.8855743896729
			67.0111940880339	-42.9253200563918
			66.971448421315	-42.9650657231107
			66.971448421315	-43.0048113898296
			66.9317027545961	-43.0445570565485
			66.8919570878772	-43.0843027232673
			66.8919570878772	-43.1240483899862
			66.8522114211584	-43.1637940567051
			66.8522114211584	-43.203539723424
			66.8124657544395	-43.2432853901429
			66.8124657544395	-43.2830310568617
			66.7727200877206	-43.3227767235806
			66.7727200877206	-43.3625223902995
			66.7329744210017	-43.3625223902995
			66.7329744210017	-43.4022680570184
			66.6932287542828	-43.4420137237373
			66.653483087564	-43.4817593904561
			66.6137374208451	-43.4817593904561
			66.5739917541262	-43.521505057175
			66.5342460874073	-43.5612507238939
			66.4945004206884	-43.5612507238939
			66.4547547539696	-43.6009963906128
			66.4150090872507	-43.6407420573317
			66.3752634205318	-43.6407420573317
			66.3355177538129	-43.6804877240506
			66.295772087094	-43.7202333907694
			66.2560264203751	-43.7202333907694
			66.2162807536563	-43.7599790574883
			66.1765350869374	-43.7997247242072
			66.1367894202185	-43.7997247242072
			66.0970437534996	-43.8394703909261
			66.0572980867807	-43.879216057645
			66.0175524200618	-43.879216057645
			65.977806753343	-43.9189617243638
			65.9380610866241	-43.9189617243638
			65.8983154199052	-43.9587073910827
			65.8585697531863	-43.9984530578016
			65.8188240864674	-43.9984530578016
			65.7790784197486	-44.0381987245205
			65.7393327530297	-44.0381987245205
			65.6995870863108	-44.0779443912394
			65.6598414195919	-44.0779443912394
			65.620095752873	-44.1176900579582
			65.5803500861542	-44.1574357246771
			65.5406044194353	-44.1574357246771
			65.5008587527164	-44.197181391396
			65.4611130859975	-44.197181391396
			65.4213674192786	-44.2369270581149
			65.3816217525598	-44.2369270581149
			65.3418760858409	-44.2766727248338
			65.302130419122	-44.2766727248338
			65.2623847524031	-44.2766727248338
			65.2226390856842	-44.3164183915527
			65.1828934189653	-44.3164183915527
			65.1431477522465	-44.3561640582715
			65.1034020855276	-44.3561640582715
			65.0636564188087	-44.3959097249904
			65.0239107520898	-44.3959097249904
			64.9841650853709	-44.4356553917093
			64.9444194186521	-44.4356553917093
			64.9046737519332	-44.4356553917093
			64.8649280852143	-44.4754010584282
			64.8251824184954	-44.4754010584282
			64.7854367517765	-44.5151467251471
			64.7456910850576	-44.5151467251471
			64.7059454183388	-44.5151467251471
			64.6661997516199	-44.5151467251471
			64.626454084901	-44.5548923918659
			64.5867084181821	-44.5548923918659
			64.5469627514632	-44.5548923918659
			64.5072170847444	-44.5548923918659
			64.4674714180255	-44.5548923918659
			64.4277257513066	-44.5548923918659
			64.3879800845877	-44.5548923918659
			64.3482344178688	-44.5548923918659
			64.30848875115	-44.5548923918659
			64.2687430844311	-44.5548923918659
			64.2289974177122	-44.5548923918659
			64.1892517509933	-44.5548923918659
			64.1495060842744	-44.5548923918659
			64.1097604175555	-44.5548923918659
			64.0700147508367	-44.5548923918659
			64.0302690841178	-44.5548923918659
			63.9905234173989	-44.5548923918659
			63.95077775068	-44.5548923918659
			63.9110320839611	-44.5548923918659
			63.8712864172423	-44.5548923918659
			63.8315407505234	-44.5151467251471
			63.7917950838045	-44.5151467251471
			63.7520494170856	-44.5151467251471
			63.7123037503667	-44.5151467251471
			63.6725580836479	-44.4754010584282
			63.632812416929	-44.4754010584282
			63.5930667502101	-44.4754010584282
			63.5533210834912	-44.4754010584282
			63.5135754167723	-44.4356553917093
			63.4738297500534	-44.4356553917093
			63.4340840833346	-44.4356553917093
			63.4340840833346	-44.3959097249904
			63.3943384166157	-44.3959097249904
		</Opercle>
		<Preopercle type=matrix rownames=FALSE colnames=FALSE nrow=89 ncol=2 as.numeric=TRUE >
			64.7059454183388	-41.0572737206044
			64.7059454183388	-41.0970193873233
			64.6661997516199	-41.1367650540422
			64.6661997516199	-41.176510720761
			64.626454084901	-41.2162563874799
			64.626454084901	-41.2560020541988
			64.626454084901	-41.2957477209177
			64.626454084901	-41.3354933876366
			64.5867084181821	-41.3354933876366
			64.5867084181821	-41.3752390543554
			64.5867084181821	-41.4149847210743
			64.5469627514632	-41.4547303877932
			64.5469627514632	-41.4944760545121
			64.5469627514632	-41.534221721231
			64.5072170847444	-41.5739673879498
			64.5072170847444	-41.6137130546687
			64.5072170847444	-41.6534587213876
			64.4674714180255	-41.6932043881065
			64.4674714180255	-41.7329500548254
			64.4674714180255	-41.7726957215443
			64.4277257513066	-41.8124413882631
			64.4277257513066	-41.852187054982
			64.4277257513066	-41.8919327217009
			64.3879800845877	-41.8919327217009
			64.3879800845877	-41.9316783884198
			64.3879800845877	-41.9714240551387
			64.3482344178688	-42.0111697218575
			64.3482344178688	-42.0509153885764
			64.3482344178688	-42.0906610552953
			64.30848875115	-42.1304067220142
			64.30848875115	-42.1701523887331
			64.2687430844311	-42.209898055452
			64.2687430844311	-42.2496437221708
			64.2687430844311	-42.2893893888897
			64.2289974177122	-42.3291350556086
			64.2289974177122	-42.3688807223275
			64.1892517509933	-42.4086263890464
			64.1892517509933	-42.4483720557652
			64.1892517509933	-42.4881177224841
			64.1495060842744	-42.527863389203
			64.1495060842744	-42.5676090559219
			64.1097604175555	-42.6073547226408
			64.1097604175555	-42.6471003893596
			64.1097604175555	-42.6868460560785
			64.0700147508367	-42.7265917227974
			64.0700147508367	-42.7663373895163
			64.0700147508367	-42.8060830562352
			64.0302690841178	-42.8458287229541
			64.0302690841178	-42.8855743896729
			63.9905234173989	-42.9253200563918
			63.9905234173989	-42.9650657231107
			63.9905234173989	-43.0048113898296
			63.95077775068	-43.0445570565485
			63.95077775068	-43.0843027232673
			63.9110320839611	-43.1240483899862
			63.9110320839611	-43.1637940567051
			63.8712864172423	-43.203539723424
			63.8315407505234	-43.2432853901429
			63.8315407505234	-43.2830310568617
			63.8315407505234	-43.3227767235806
			63.7917950838045	-43.3625223902995
			63.7917950838045	-43.4022680570184
			63.7520494170856	-43.4420137237373
			63.7520494170856	-43.4817593904561
			63.7123037503667	-43.521505057175
			63.7123037503667	-43.5612507238939
			63.7123037503667	-43.6009963906128
			63.6725580836479	-43.6009963906128
			63.6725580836479	-43.6407420573317
			63.6725580836479	-43.6804877240506
			63.6725580836479	-43.7202333907694
			63.632812416929	-43.7202333907694
			63.632812416929	-43.7599790574883
			63.632812416929	-43.7997247242072
			63.5930667502101	-43.8394703909261
			63.5930667502101	-43.879216057645
			63.5533210834912	-43.9189617243638
			63.5533210834912	-43.9587073910827
			63.5533210834912	-43.9984530578016
			63.5135754167723	-44.0381987245205
			63.5135754167723	-44.0779443912394
			63.4738297500534	-44.1176900579582
			63.4738297500534	-44.1574357246771
			63.4738297500534	-44.197181391396
			63.4340840833346	-44.2369270581149
			63.4340840833346	-44.2766727248338
			63.4340840833346	-44.3164183915527
			63.3943384166157	-44.3561640582715
			63.3943384166157	-44.3959097249904
		</Preopercle>
	</curves.scaled>
	<ruler.points type=matrix rownames=TRUE colnames=FALSE nrow=2 ncol=2 as.numeric=TRUE >
		Ruler point 1	1341	460
		Ruler point 2	1332	1099
	</ruler.points>
</shapes>

