<shapes type=list>
	<ruler.pixel type=vector names=FALSE length=1 as.numeric=TRUE >638.012539061733</ruler.pixel>
	<ruler.interval type=vector names=FALSE length=1 as.numeric=TRUE >25.4</ruler.interval>
	<scaling.units type=vector names=FALSE length=1 as.numeric=FALSE >mm</scaling.units>
	<scaling type=vector names=FALSE length=1 as.numeric=TRUE >0.0398111297896331</scaling>
	<landmarks.pixel type=matrix rownames=TRUE colnames=FALSE nrow=12 ncol=2 as.numeric=TRUE >
		LM1	1427	768
		LM2	1892	735
		LM3	2216	863
		LM4	2201	994
		LM5	2014	981
		LM6	1950	1003
		LM7	1638	866
		LM8	1634	919
		LM9	1644	801
		LM10	1508	902
		LM11	1536	821
		LM12	1507	745
	</landmarks.pixel>
	<landmarks.scaled type=matrix rownames=TRUE colnames=FALSE nrow=12 ncol=2 as.numeric=TRUE >
		LM1	56.8104822098064	-30.5749476784382
		LM2	75.3226575619857	-29.2611803953803
		LM3	88.2214636138268	-34.3570050084533
		LM4	87.6242966669823	-39.5722630108953
		LM5	80.179615396321	-39.05471832363
		LM6	77.6317030897845	-39.930563179002
		LM7	65.2106305954189	-34.4764383978222
		LM8	65.0513860762604	-36.5864282766728
		LM9	65.4494973741567	-31.8887149614961
		LM10	60.0351837227666	-35.909639070249
		LM11	61.1498953568764	-32.6849375572887
		LM12	59.995372592977	-29.6592916932766
	</landmarks.scaled>
	<curves.control type=list>
		<Eye type=matrix rownames=FALSE colnames=FALSE nrow=7 ncol=2 as.numeric=TRUE >
			1507	745
			1548	766
			1504	791
			1467	795
			1477	758
			1486	743
			1507	745
		</Eye>
		<Head type=matrix rownames=FALSE colnames=FALSE nrow=19 ncol=2 as.numeric=TRUE >
			1427	768
			1426	760
			1440	759
			1455	748
			1471	749
			1484	740
			1497	739
			1507	729
			1541	724
			1578	718
			1627	709
			1672	706
			1717	706
			1763	710
			1792	712
			1829	718
			1861	725
			1867	726
			1892	735
		</Head>
		<Tail1 type=matrix rownames=FALSE colnames=FALSE nrow=9 ncol=2 as.numeric=TRUE >
			1892	735
			1937	755
			1970	773
			2002	787
			2042	804
			2081	815
			2129	836
			2192	861
			2216	863
		</Tail1>
		<End type=matrix rownames=FALSE colnames=FALSE nrow=9 ncol=2 as.numeric=TRUE >
			2216	863
			2267	863
			2272	904
			2255	930
			2259	971
			2247	997
			2219	990
			2209	997
			2201	994
		</End>
		<Tail2 type=matrix rownames=FALSE colnames=FALSE nrow=7 ncol=2 as.numeric=TRUE >
			2201	994
			2171	988
			2142	987
			2105	985
			2082	982
			2051	978
			2014	981
		</Tail2>
		<AnalFin type=matrix rownames=FALSE colnames=FALSE nrow=5 ncol=2 as.numeric=TRUE >
			2014	981
			1993	984
			1979	991
			1973	1001
			1950	1003
		</AnalFin>
		<Pectfin type=matrix rownames=FALSE colnames=FALSE nrow=5 ncol=2 as.numeric=TRUE >
			1638	866
			1644	877
			1643	894
			1640	912
			1634	919
		</Pectfin>
		<Opercle type=matrix rownames=FALSE colnames=FALSE nrow=9 ncol=2 as.numeric=TRUE >
			1644	801
			1640	825
			1624	847
			1610	861
			1589	882
			1564	896
			1541	901
			1524	905
			1508	902
		</Opercle>
		<Preopercle type=matrix rownames=FALSE colnames=FALSE nrow=5 ncol=2 as.numeric=TRUE >
			1536	821
			1527	842
			1520	868
			1515	883
			1508	902
		</Preopercle>
	</curves.control>
	<curves.pixel type=list>
		<Eye type=matrix rownames=FALSE colnames=FALSE nrow=142 ncol=2 as.numeric=TRUE >
			1507	745
			1508	745
			1509	746
			1510	746
			1511	747
			1512	748
			1513	749
			1514	749
			1515	750
			1516	750
			1517	751
			1518	752
			1519	753
			1520	754
			1521	755
			1522	755
			1523	756
			1523	757
			1524	758
			1525	759
			1525	760
			1526	761
			1526	762
			1526	763
			1527	764
			1527	765
			1527	766
			1527	767
			1527	768
			1526	769
			1526	770
			1526	771
			1525	772
			1525	773
			1525	774
			1524	774
			1524	775
			1523	776
			1522	777
			1522	778
			1521	779
			1520	779
			1519	780
			1518	781
			1517	782
			1516	783
			1515	784
			1514	784
			1513	785
			1512	786
			1511	787
			1510	787
			1509	788
			1508	789
			1507	789
			1506	790
			1505	791
			1504	791
			1503	791
			1502	791
			1501	791
			1500	791
			1499	791
			1498	791
			1497	791
			1496	791
			1495	791
			1494	791
			1493	791
			1492	791
			1491	791
			1490	791
			1489	791
			1488	790
			1487	790
			1486	790
			1485	789
			1484	789
			1483	788
			1482	788
			1481	787
			1480	786
			1479	785
			1478	784
			1477	783
			1477	782
			1476	781
			1476	780
			1476	779
			1475	778
			1475	777
			1475	776
			1475	775
			1475	774
			1475	773
			1475	772
			1475	771
			1475	770
			1475	769
			1475	768
			1475	767
			1475	766
			1476	765
			1476	764
			1476	763
			1476	762
			1476	761
			1477	760
			1477	759
			1477	758
			1478	757
			1478	756
			1479	756
			1479	755
			1480	754
			1481	753
			1482	752
			1483	751
			1484	750
			1485	749
			1486	749
			1487	748
			1488	748
			1489	747
			1490	747
			1491	747
			1492	746
			1493	746
			1494	746
			1495	745
			1496	745
			1497	745
			1498	745
			1499	745
			1500	745
			1501	745
			1502	745
			1503	745
			1504	745
			1505	745
			1506	745
			1507	745
		</Eye>
		<Head type=matrix rownames=FALSE colnames=FALSE nrow=478 ncol=2 as.numeric=TRUE >
			1427	768
			1427	767
			1427	766
			1427	765
			1428	764
			1428	763
			1429	763
			1430	762
			1431	761
			1432	761
			1433	760
			1434	760
			1435	760
			1436	759
			1437	759
			1438	759
			1439	759
			1440	759
			1441	758
			1442	758
			1443	757
			1444	756
			1445	756
			1446	755
			1447	754
			1448	754
			1449	753
			1450	753
			1451	753
			1452	752
			1453	752
			1454	751
			1455	751
			1456	751
			1457	750
			1458	750
			1459	750
			1460	750
			1461	750
			1462	749
			1463	749
			1464	749
			1465	749
			1466	749
			1467	749
			1468	749
			1469	749
			1470	749
			1471	749
			1472	748
			1473	748
			1474	747
			1475	747
			1475	746
			1476	746
			1477	745
			1478	745
			1479	744
			1480	744
			1481	743
			1482	743
			1483	742
			1484	742
			1485	742
			1486	741
			1487	741
			1488	741
			1489	740
			1490	740
			1491	740
			1492	740
			1493	739
			1494	739
			1495	739
			1496	739
			1497	739
			1498	738
			1499	737
			1500	737
			1501	736
			1502	735
			1503	734
			1504	734
			1505	734
			1506	733
			1507	732
			1508	732
			1509	732
			1510	731
			1511	731
			1512	731
			1513	730
			1514	730
			1515	729
			1516	729
			1517	729
			1518	729
			1519	728
			1520	728
			1521	728
			1522	728
			1523	727
			1524	727
			1525	727
			1526	727
			1527	726
			1528	726
			1529	726
			1530	726
			1531	726
			1532	725
			1533	725
			1534	725
			1535	725
			1536	725
			1537	725
			1538	724
			1539	724
			1540	724
			1541	724
			1542	724
			1543	724
			1544	724
			1544	723
			1545	723
			1546	723
			1547	723
			1548	723
			1549	723
			1550	723
			1551	722
			1552	722
			1553	722
			1554	722
			1555	722
			1556	721
			1557	721
			1558	721
			1559	721
			1560	721
			1561	721
			1562	720
			1563	720
			1564	720
			1565	720
			1566	720
			1567	720
			1568	720
			1569	719
			1570	719
			1571	719
			1572	719
			1573	719
			1574	718
			1575	718
			1576	718
			1577	718
			1578	718
			1579	718
			1580	718
			1580	717
			1581	717
			1582	717
			1583	717
			1584	717
			1585	716
			1586	716
			1587	716
			1588	716
			1589	716
			1590	716
			1591	715
			1592	715
			1593	715
			1594	715
			1595	715
			1596	715
			1597	714
			1598	714
			1599	714
			1600	714
			1601	714
			1602	713
			1603	713
			1604	713
			1605	713
			1606	713
			1607	713
			1608	713
			1608	712
			1609	712
			1610	712
			1611	712
			1612	712
			1613	711
			1614	711
			1615	711
			1616	711
			1617	711
			1618	711
			1619	710
			1620	710
			1621	710
			1622	710
			1623	710
			1624	710
			1625	709
			1626	709
			1627	709
			1628	709
			1629	709
			1630	709
			1631	709
			1632	709
			1633	709
			1634	709
			1635	708
			1636	708
			1637	708
			1638	708
			1639	708
			1640	708
			1641	708
			1642	708
			1643	708
			1644	708
			1645	708
			1646	708
			1647	708
			1648	708
			1649	708
			1650	708
			1651	708
			1652	708
			1653	708
			1654	707
			1655	707
			1656	707
			1657	707
			1658	707
			1659	707
			1660	707
			1661	707
			1662	707
			1663	707
			1664	707
			1665	707
			1666	707
			1667	707
			1668	707
			1669	707
			1670	707
			1671	707
			1672	707
			1673	707
			1674	707
			1675	707
			1676	707
			1677	707
			1678	707
			1679	707
			1680	707
			1681	706
			1682	706
			1683	706
			1684	706
			1685	706
			1686	706
			1687	706
			1688	706
			1689	706
			1690	706
			1691	706
			1692	706
			1693	706
			1694	706
			1695	706
			1696	706
			1697	706
			1698	706
			1699	706
			1700	706
			1701	706
			1702	706
			1703	706
			1704	706
			1705	706
			1706	706
			1707	706
			1708	706
			1709	706
			1710	706
			1711	706
			1712	706
			1713	706
			1714	706
			1715	706
			1716	706
			1717	706
			1718	706
			1719	706
			1720	706
			1721	706
			1722	706
			1723	707
			1724	707
			1725	707
			1726	707
			1727	707
			1728	707
			1729	707
			1730	707
			1731	707
			1732	707
			1733	707
			1734	707
			1735	708
			1736	708
			1737	708
			1738	708
			1739	708
			1740	708
			1741	708
			1742	708
			1743	708
			1744	708
			1745	708
			1746	708
			1747	709
			1748	709
			1749	709
			1750	709
			1751	709
			1752	709
			1753	709
			1754	709
			1755	709
			1756	709
			1757	709
			1758	709
			1759	710
			1760	710
			1761	710
			1762	710
			1763	710
			1764	710
			1765	710
			1766	710
			1767	710
			1768	710
			1769	710
			1770	710
			1771	710
			1772	711
			1773	711
			1774	711
			1775	711
			1776	711
			1777	711
			1778	711
			1779	711
			1780	711
			1781	711
			1782	711
			1783	711
			1784	711
			1785	711
			1785	712
			1786	712
			1787	712
			1788	712
			1789	712
			1790	712
			1791	712
			1792	712
			1793	712
			1794	712
			1795	713
			1796	713
			1797	713
			1798	713
			1799	713
			1800	713
			1801	713
			1802	714
			1803	714
			1804	714
			1805	714
			1806	714
			1807	715
			1808	715
			1809	715
			1810	715
			1811	715
			1812	715
			1813	715
			1813	716
			1814	716
			1815	716
			1816	716
			1817	716
			1818	716
			1819	717
			1820	717
			1821	717
			1822	717
			1823	717
			1824	717
			1824	718
			1825	718
			1826	718
			1827	718
			1828	718
			1829	718
			1830	719
			1831	719
			1832	719
			1833	719
			1834	720
			1835	720
			1836	720
			1837	720
			1838	720
			1839	720
			1840	721
			1841	721
			1842	721
			1843	721
			1844	721
			1845	722
			1846	722
			1847	722
			1848	722
			1849	722
			1850	723
			1851	723
			1852	723
			1853	723
			1854	724
			1855	724
			1856	724
			1857	724
			1858	724
			1859	725
			1860	725
			1861	725
			1862	725
			1863	725
			1864	726
			1865	726
			1866	726
			1867	727
			1868	727
			1869	727
			1870	727
			1870	728
			1871	728
			1872	728
			1873	728
			1874	729
			1875	729
			1876	729
			1877	730
			1878	730
			1879	730
			1880	731
			1881	731
			1882	732
			1883	732
			1884	732
			1885	732
			1886	733
			1887	733
			1888	734
			1889	734
			1890	734
			1891	735
			1892	735
		</Head>
		<Tail1 type=matrix rownames=FALSE colnames=FALSE nrow=340 ncol=2 as.numeric=TRUE >
			1892	735
			1893	735
			1894	736
			1895	736
			1896	737
			1897	737
			1898	738
			1899	738
			1900	739
			1901	739
			1902	740
			1903	740
			1904	740
			1905	741
			1906	741
			1907	742
			1908	742
			1909	743
			1910	743
			1911	744
			1912	744
			1913	745
			1914	745
			1915	745
			1916	746
			1917	746
			1918	747
			1919	747
			1920	748
			1921	748
			1922	749
			1923	749
			1924	750
			1925	750
			1926	751
			1927	751
			1928	752
			1929	752
			1930	753
			1931	753
			1932	753
			1932	754
			1933	754
			1934	754
			1935	755
			1936	756
			1937	756
			1938	756
			1939	757
			1940	757
			1941	758
			1942	758
			1943	759
			1944	760
			1945	760
			1946	761
			1947	761
			1948	761
			1948	762
			1949	762
			1950	762
			1950	763
			1951	763
			1952	764
			1953	764
			1954	765
			1955	765
			1956	765
			1956	766
			1957	766
			1958	766
			1958	767
			1959	767
			1960	768
			1961	768
			1962	769
			1963	769
			1964	770
			1965	770
			1966	771
			1967	771
			1968	772
			1969	773
			1970	773
			1971	773
			1972	774
			1973	774
			1974	775
			1975	775
			1976	776
			1977	776
			1978	776
			1979	777
			1980	777
			1981	778
			1982	778
			1983	779
			1984	779
			1985	779
			1986	780
			1987	780
			1988	781
			1989	781
			1990	782
			1991	782
			1992	782
			1993	783
			1994	783
			1995	784
			1996	784
			1997	785
			1998	785
			1999	786
			2000	786
			2001	787
			2002	787
			2003	787
			2004	788
			2005	788
			2006	789
			2007	789
			2008	789
			2008	790
			2009	790
			2010	790
			2011	791
			2012	791
			2013	792
			2014	792
			2015	792
			2015	793
			2016	793
			2017	793
			2018	794
			2019	794
			2020	795
			2021	795
			2022	796
			2023	796
			2024	796
			2025	797
			2026	797
			2027	798
			2028	798
			2029	798
			2030	799
			2031	799
			2032	800
			2033	800
			2034	801
			2035	801
			2036	801
			2037	802
			2038	802
			2039	803
			2040	803
			2041	804
			2042	804
			2043	804
			2044	805
			2045	805
			2046	805
			2047	805
			2048	806
			2049	806
			2050	806
			2051	807
			2052	807
			2053	807
			2054	808
			2055	808
			2056	808
			2057	809
			2058	809
			2059	809
			2060	809
			2061	810
			2062	810
			2063	811
			2064	811
			2065	811
			2066	811
			2066	812
			2067	812
			2068	812
			2069	812
			2069	813
			2070	813
			2071	813
			2072	813
			2072	814
			2073	814
			2074	814
			2075	814
			2076	815
			2077	815
			2078	816
			2079	816
			2080	816
			2081	817
			2082	817
			2083	817
			2084	818
			2085	818
			2086	818
			2087	819
			2088	819
			2089	820
			2090	820
			2091	820
			2092	821
			2093	821
			2094	821
			2095	822
			2096	822
			2097	823
			2098	823
			2099	823
			2100	824
			2101	824
			2102	824
			2103	825
			2104	825
			2105	826
			2106	826
			2107	827
			2108	827
			2109	827
			2110	828
			2111	828
			2112	829
			2113	829
			2114	829
			2115	830
			2116	830
			2117	831
			2118	831
			2119	832
			2120	832
			2121	833
			2122	833
			2123	833
			2124	834
			2125	834
			2126	835
			2127	835
			2128	836
			2129	836
			2130	836
			2131	837
			2132	837
			2133	837
			2134	838
			2135	838
			2136	839
			2137	839
			2138	840
			2139	840
			2140	840
			2141	841
			2142	841
			2143	841
			2144	842
			2145	842
			2146	842
			2146	843
			2147	843
			2148	843
			2149	844
			2150	844
			2151	844
			2152	845
			2153	845
			2154	845
			2154	846
			2155	846
			2156	846
			2157	847
			2158	847
			2159	847
			2160	848
			2161	848
			2162	849
			2163	849
			2164	849
			2165	850
			2166	850
			2167	850
			2168	851
			2169	851
			2170	851
			2171	852
			2172	852
			2173	852
			2174	852
			2174	853
			2175	853
			2176	853
			2177	854
			2178	854
			2179	854
			2180	854
			2180	855
			2181	855
			2182	855
			2183	855
			2184	856
			2185	856
			2186	856
			2187	857
			2188	857
			2189	857
			2190	858
			2191	858
			2192	858
			2193	858
			2194	859
			2195	859
			2196	859
			2197	860
			2198	860
			2199	860
			2200	860
			2201	860
			2202	861
			2203	861
			2204	861
			2205	861
			2206	861
			2206	862
			2207	862
			2208	862
			2209	862
			2210	862
			2211	862
			2212	863
			2213	863
			2214	863
			2215	863
			2216	863
		</Tail1>
		<End type=matrix rownames=FALSE colnames=FALSE nrow=213 ncol=2 as.numeric=TRUE >
			2216	863
			2217	863
			2218	863
			2219	863
			2220	863
			2221	863
			2222	863
			2223	863
			2224	863
			2225	863
			2226	863
			2227	863
			2227	864
			2228	864
			2229	864
			2230	864
			2231	864
			2232	864
			2233	864
			2234	864
			2234	865
			2235	865
			2236	865
			2237	865
			2238	865
			2239	866
			2240	866
			2241	866
			2242	866
			2243	867
			2244	867
			2245	868
			2246	868
			2247	868
			2248	869
			2249	869
			2250	870
			2251	870
			2252	871
			2253	871
			2253	872
			2254	872
			2255	873
			2256	873
			2257	874
			2257	875
			2258	875
			2259	876
			2259	877
			2260	877
			2261	878
			2261	879
			2262	879
			2263	880
			2263	881
			2264	881
			2264	882
			2265	883
			2265	884
			2266	885
			2267	886
			2267	887
			2268	888
			2268	889
			2268	890
			2269	890
			2269	891
			2269	892
			2270	893
			2270	894
			2270	895
			2270	896
			2271	897
			2271	898
			2271	899
			2271	900
			2272	901
			2272	902
			2272	903
			2272	904
			2271	905
			2271	906
			2270	907
			2270	908
			2269	909
			2269	910
			2268	910
			2268	911
			2267	912
			2267	913
			2266	914
			2266	915
			2265	916
			2265	917
			2265	918
			2264	919
			2264	920
			2264	921
			2263	922
			2263	923
			2263	924
			2262	925
			2262	926
			2262	927
			2262	928
			2261	929
			2261	930
			2261	931
			2261	932
			2260	933
			2260	934
			2260	935
			2260	936
			2260	937
			2260	938
			2259	939
			2259	940
			2259	941
			2259	942
			2259	943
			2259	944
			2259	945
			2259	946
			2259	947
			2258	948
			2258	949
			2258	950
			2258	951
			2258	952
			2258	953
			2258	954
			2258	955
			2258	956
			2258	957
			2258	958
			2258	959
			2258	960
			2258	961
			2258	962
			2258	963
			2258	964
			2259	965
			2259	966
			2259	967
			2259	968
			2259	969
			2259	970
			2259	971
			2259	972
			2258	973
			2258	974
			2257	975
			2256	976
			2255	977
			2255	978
			2255	979
			2254	979
			2254	980
			2253	981
			2252	982
			2251	983
			2250	984
			2249	985
			2248	986
			2247	986
			2246	987
			2245	988
			2244	988
			2243	989
			2242	989
			2241	990
			2240	990
			2239	990
			2238	991
			2237	991
			2236	991
			2235	991
			2234	991
			2233	991
			2232	991
			2231	991
			2230	991
			2229	991
			2228	991
			2227	991
			2226	991
			2225	991
			2224	991
			2223	991
			2222	991
			2221	990
			2220	990
			2219	990
			2218	990
			2218	991
			2217	991
			2217	992
			2216	992
			2215	992
			2214	993
			2213	993
			2212	994
			2211	994
			2210	994
			2209	995
			2208	995
			2207	995
			2206	995
			2205	995
			2204	995
			2203	995
			2202	994
			2201	994
		</End>
		<Tail2 type=matrix rownames=FALSE colnames=FALSE nrow=189 ncol=2 as.numeric=TRUE >
			2201	994
			2200	994
			2199	994
			2198	993
			2197	993
			2196	993
			2195	993
			2194	993
			2193	993
			2192	992
			2191	992
			2190	992
			2189	992
			2188	992
			2187	991
			2186	991
			2185	991
			2184	991
			2183	991
			2182	991
			2181	991
			2180	990
			2179	990
			2178	990
			2177	990
			2176	990
			2175	990
			2174	990
			2173	989
			2172	989
			2171	989
			2170	989
			2169	989
			2168	989
			2167	989
			2166	989
			2165	989
			2164	988
			2163	988
			2162	988
			2161	988
			2160	988
			2159	988
			2158	988
			2157	988
			2156	988
			2155	988
			2154	988
			2153	988
			2152	987
			2151	987
			2150	987
			2149	987
			2148	987
			2147	987
			2146	987
			2145	987
			2144	987
			2143	987
			2142	987
			2141	987
			2140	987
			2139	987
			2138	987
			2137	987
			2136	987
			2135	987
			2134	987
			2133	987
			2133	986
			2132	986
			2131	986
			2130	986
			2129	986
			2128	986
			2127	986
			2126	986
			2125	986
			2124	986
			2123	986
			2122	986
			2121	986
			2120	986
			2119	986
			2118	985
			2117	985
			2116	985
			2115	985
			2114	985
			2113	985
			2112	985
			2111	985
			2110	985
			2109	985
			2108	985
			2107	985
			2106	984
			2105	984
			2104	984
			2103	984
			2102	984
			2101	984
			2100	984
			2099	984
			2098	984
			2097	984
			2096	984
			2095	983
			2094	983
			2093	983
			2092	983
			2091	983
			2090	983
			2089	983
			2088	983
			2087	983
			2086	983
			2085	982
			2084	982
			2083	982
			2082	982
			2081	982
			2080	982
			2079	982
			2078	982
			2077	981
			2076	981
			2075	981
			2074	981
			2073	981
			2072	981
			2071	981
			2070	981
			2069	981
			2068	981
			2067	980
			2066	980
			2065	980
			2064	980
			2063	980
			2062	980
			2061	980
			2060	980
			2059	980
			2058	980
			2057	980
			2056	980
			2055	980
			2054	980
			2053	980
			2052	980
			2051	980
			2050	980
			2049	980
			2048	980
			2047	980
			2046	980
			2045	980
			2044	980
			2043	980
			2042	980
			2041	980
			2040	980
			2039	980
			2038	980
			2037	980
			2036	980
			2035	980
			2034	980
			2033	980
			2032	980
			2031	980
			2030	980
			2029	980
			2028	980
			2027	980
			2026	980
			2025	980
			2024	980
			2023	980
			2022	980
			2021	981
			2020	981
			2019	981
			2018	981
			2017	981
			2016	981
			2015	981
			2014	981
		</Tail2>
		<AnalFin type=matrix rownames=FALSE colnames=FALSE nrow=68 ncol=2 as.numeric=TRUE >
			2014	981
			2013	981
			2012	981
			2011	981
			2010	982
			2009	982
			2008	982
			2007	982
			2006	982
			2005	983
			2004	983
			2003	983
			2002	983
			2001	983
			2000	984
			1999	984
			1998	984
			1997	984
			1996	985
			1995	985
			1994	985
			1993	986
			1992	986
			1991	986
			1990	987
			1989	987
			1988	987
			1987	988
			1986	988
			1985	988
			1984	989
			1983	989
			1982	990
			1981	990
			1980	990
			1980	991
			1979	991
			1978	992
			1978	993
			1977	994
			1976	995
			1975	996
			1974	996
			1973	997
			1972	997
			1971	998
			1970	998
			1970	999
			1969	999
			1968	999
			1967	1000
			1966	1000
			1965	1000
			1964	1001
			1963	1001
			1962	1001
			1961	1001
			1960	1002
			1959	1002
			1958	1002
			1957	1002
			1956	1002
			1955	1002
			1954	1003
			1953	1003
			1952	1003
			1951	1003
			1950	1003
		</AnalFin>
		<Pectfin type=matrix rownames=FALSE colnames=FALSE nrow=55 ncol=2 as.numeric=TRUE >
			1638	866
			1638	867
			1639	868
			1640	869
			1640	870
			1640	871
			1641	872
			1641	873
			1641	874
			1642	875
			1642	876
			1642	877
			1642	878
			1642	879
			1643	880
			1643	881
			1643	882
			1643	883
			1643	884
			1643	885
			1643	886
			1643	887
			1643	888
			1643	889
			1643	890
			1643	891
			1643	892
			1643	893
			1643	894
			1643	895
			1643	896
			1642	897
			1642	898
			1642	899
			1642	900
			1642	901
			1641	902
			1641	903
			1641	904
			1641	905
			1640	906
			1640	907
			1640	908
			1639	909
			1639	910
			1639	911
			1638	912
			1638	913
			1637	914
			1637	915
			1636	916
			1636	917
			1635	917
			1635	918
			1634	919
		</Pectfin>
		<Opercle type=matrix rownames=FALSE colnames=FALSE nrow=163 ncol=2 as.numeric=TRUE >
			1644	801
			1644	802
			1644	803
			1643	804
			1643	805
			1643	806
			1643	807
			1643	808
			1642	809
			1642	810
			1642	811
			1641	812
			1641	813
			1641	814
			1640	815
			1640	816
			1640	817
			1639	818
			1639	819
			1639	820
			1638	821
			1638	822
			1637	823
			1637	824
			1637	825
			1636	826
			1636	827
			1635	828
			1635	829
			1634	830
			1634	831
			1633	832
			1633	833
			1632	834
			1632	835
			1631	836
			1631	837
			1630	838
			1629	839
			1629	840
			1628	841
			1628	842
			1627	843
			1626	844
			1626	845
			1625	846
			1624	847
			1623	848
			1622	849
			1621	850
			1620	851
			1619	852
			1618	853
			1617	854
			1616	855
			1615	856
			1614	857
			1613	858
			1612	859
			1611	860
			1610	861
			1609	862
			1608	863
			1607	864
			1606	865
			1605	866
			1604	867
			1603	868
			1602	869
			1601	870
			1600	871
			1599	872
			1598	873
			1597	874
			1596	875
			1595	876
			1594	877
			1593	878
			1592	879
			1591	880
			1590	881
			1589	882
			1588	883
			1587	883
			1586	884
			1585	884
			1584	885
			1583	885
			1582	886
			1581	886
			1580	887
			1579	887
			1578	888
			1577	888
			1576	889
			1575	889
			1574	890
			1573	890
			1572	891
			1571	891
			1570	892
			1569	892
			1568	892
			1567	893
			1566	893
			1565	894
			1564	894
			1563	894
			1562	895
			1561	895
			1560	895
			1559	896
			1558	896
			1557	896
			1556	897
			1555	897
			1554	898
			1553	898
			1552	898
			1551	899
			1550	899
			1549	899
			1548	899
			1547	899
			1546	900
			1545	900
			1544	900
			1543	901
			1542	901
			1541	901
			1540	901
			1539	901
			1538	902
			1537	902
			1536	902
			1535	902
			1534	902
			1533	903
			1532	903
			1531	903
			1530	903
			1529	903
			1528	903
			1527	903
			1526	903
			1525	903
			1524	903
			1523	903
			1522	903
			1521	903
			1520	903
			1519	903
			1518	903
			1517	903
			1516	903
			1515	903
			1514	903
			1513	903
			1512	903
			1511	903
			1510	902
			1509	902
			1508	902
		</Opercle>
		<Preopercle type=matrix rownames=FALSE colnames=FALSE nrow=83 ncol=2 as.numeric=TRUE >
			1536	821
			1536	822
			1535	823
			1535	824
			1534	825
			1534	826
			1534	827
			1533	828
			1533	829
			1532	830
			1532	831
			1532	832
			1531	833
			1531	834
			1530	835
			1530	836
			1530	837
			1529	838
			1529	839
			1529	840
			1528	840
			1528	841
			1528	842
			1528	843
			1527	844
			1527	845
			1527	846
			1526	847
			1526	848
			1526	849
			1525	850
			1525	851
			1525	852
			1524	853
			1524	854
			1524	855
			1523	856
			1523	857
			1523	858
			1523	859
			1522	860
			1522	861
			1522	862
			1521	863
			1521	864
			1521	865
			1520	866
			1520	867
			1520	868
			1520	869
			1519	870
			1519	871
			1519	872
			1518	873
			1518	874
			1518	875
			1517	876
			1517	877
			1517	878
			1516	879
			1516	880
			1516	881
			1515	882
			1515	883
			1515	884
			1514	885
			1514	886
			1514	887
			1513	888
			1513	889
			1512	890
			1512	891
			1512	892
			1511	893
			1511	894
			1511	895
			1510	896
			1510	897
			1509	898
			1509	899
			1509	900
			1508	901
			1508	902
		</Preopercle>
	</curves.pixel>
	<curves.scaled type=list>
		<Eye type=matrix rownames=FALSE colnames=FALSE nrow=142 ncol=2 as.numeric=TRUE >
			59.995372592977	-29.6592916932766
			60.0351837227666	-29.6592916932766
			60.0749948525563	-29.6991028230663
			60.1148059823459	-29.6991028230663
			60.1546171121355	-29.7389139528559
			60.1944282419252	-29.7787250826455
			60.2342393717148	-29.8185362124352
			60.2740505015044	-29.8185362124352
			60.3138616312941	-29.8583473422248
			60.3536727610837	-29.8583473422248
			60.3934838908733	-29.8981584720144
			60.433295020663	-29.9379696018041
			60.4731061504526	-29.9777807315937
			60.5129172802422	-30.0175918613833
			60.5527284100319	-30.057402991173
			60.5925395398215	-30.057402991173
			60.6323506696111	-30.0972141209626
			60.6323506696111	-30.1370252507522
			60.6721617994008	-30.1768363805419
			60.7119729291904	-30.2166475103315
			60.7119729291904	-30.2564586401211
			60.75178405898	-30.2962697699108
			60.75178405898	-30.3360808997004
			60.75178405898	-30.37589202949
			60.7915951887697	-30.4157031592797
			60.7915951887697	-30.4555142890693
			60.7915951887697	-30.4953254188589
			60.7915951887697	-30.5351365486486
			60.7915951887697	-30.5749476784382
			60.75178405898	-30.6147588082278
			60.75178405898	-30.6545699380175
			60.75178405898	-30.6943810678071
			60.7119729291904	-30.7341921975967
			60.7119729291904	-30.7740033273863
			60.7119729291904	-30.813814457176
			60.6721617994008	-30.813814457176
			60.6721617994008	-30.8536255869656
			60.6323506696111	-30.8934367167553
			60.5925395398215	-30.9332478465449
			60.5925395398215	-30.9730589763345
			60.5527284100319	-31.0128701061242
			60.5129172802422	-31.0128701061242
			60.4731061504526	-31.0526812359138
			60.433295020663	-31.0924923657034
			60.3934838908733	-31.132303495493
			60.3536727610837	-31.1721146252827
			60.3138616312941	-31.2119257550723
			60.2740505015044	-31.2119257550723
			60.2342393717148	-31.2517368848619
			60.1944282419252	-31.2915480146516
			60.1546171121355	-31.3313591444412
			60.1148059823459	-31.3313591444412
			60.0749948525563	-31.3711702742308
			60.0351837227666	-31.4109814040205
			59.995372592977	-31.4109814040205
			59.9555614631874	-31.4507925338101
			59.9157503333977	-31.4906036635997
			59.8759392036081	-31.4906036635997
			59.8361280738185	-31.4906036635997
			59.7963169440288	-31.4906036635997
			59.7565058142392	-31.4906036635997
			59.7166946844496	-31.4906036635997
			59.6768835546599	-31.4906036635997
			59.6370724248703	-31.4906036635997
			59.5972612950807	-31.4906036635997
			59.5574501652911	-31.4906036635997
			59.5176390355014	-31.4906036635997
			59.4778279057118	-31.4906036635997
			59.4380167759222	-31.4906036635997
			59.3982056461325	-31.4906036635997
			59.3583945163429	-31.4906036635997
			59.3185833865533	-31.4906036635997
			59.2787722567636	-31.4906036635997
			59.238961126974	-31.4507925338101
			59.1991499971843	-31.4507925338101
			59.1593388673947	-31.4507925338101
			59.1195277376051	-31.4109814040205
			59.0797166078154	-31.4109814040205
			59.0399054780258	-31.3711702742308
			59.0000943482362	-31.3711702742308
			58.9602832184466	-31.3313591444412
			58.9204720886569	-31.2915480146516
			58.8806609588673	-31.2517368848619
			58.8408498290777	-31.2119257550723
			58.801038699288	-31.1721146252827
			58.801038699288	-31.132303495493
			58.7612275694984	-31.0924923657034
			58.7612275694984	-31.0526812359138
			58.7612275694984	-31.0128701061242
			58.7214164397088	-30.9730589763345
			58.7214164397088	-30.9332478465449
			58.7214164397088	-30.8934367167553
			58.7214164397088	-30.8536255869656
			58.7214164397088	-30.813814457176
			58.7214164397088	-30.7740033273863
			58.7214164397088	-30.7341921975967
			58.7214164397088	-30.6943810678071
			58.7214164397088	-30.6545699380175
			58.7214164397088	-30.6147588082278
			58.7214164397088	-30.5749476784382
			58.7214164397088	-30.5351365486486
			58.7214164397088	-30.4953254188589
			58.7612275694984	-30.4555142890693
			58.7612275694984	-30.4157031592797
			58.7612275694984	-30.37589202949
			58.7612275694984	-30.3360808997004
			58.7612275694984	-30.2962697699108
			58.801038699288	-30.2564586401211
			58.801038699288	-30.2166475103315
			58.801038699288	-30.1768363805419
			58.8408498290777	-30.1370252507522
			58.8408498290777	-30.0972141209626
			58.8806609588673	-30.0972141209626
			58.8806609588673	-30.057402991173
			58.9204720886569	-30.0175918613833
			58.9602832184466	-29.9777807315937
			59.0000943482362	-29.9379696018041
			59.0399054780258	-29.8981584720144
			59.0797166078154	-29.8583473422248
			59.1195277376051	-29.8185362124352
			59.1593388673947	-29.8185362124352
			59.1991499971843	-29.7787250826455
			59.238961126974	-29.7787250826455
			59.2787722567636	-29.7389139528559
			59.3185833865533	-29.7389139528559
			59.3583945163429	-29.7389139528559
			59.3982056461325	-29.6991028230663
			59.4380167759222	-29.6991028230663
			59.4778279057118	-29.6991028230663
			59.5176390355014	-29.6592916932766
			59.5574501652911	-29.6592916932766
			59.5972612950807	-29.6592916932766
			59.6370724248703	-29.6592916932766
			59.6768835546599	-29.6592916932766
			59.7166946844496	-29.6592916932766
			59.7565058142392	-29.6592916932766
			59.7963169440288	-29.6592916932766
			59.8361280738185	-29.6592916932766
			59.8759392036081	-29.6592916932766
			59.9157503333977	-29.6592916932766
			59.9555614631874	-29.6592916932766
			59.995372592977	-29.6592916932766
		</Eye>
		<Head type=matrix rownames=FALSE colnames=FALSE nrow=478 ncol=2 as.numeric=TRUE >
			56.8104822098064	-30.5749476784382
			56.8104822098064	-30.5351365486486
			56.8104822098064	-30.4953254188589
			56.8104822098064	-30.4555142890693
			56.850293339596	-30.4157031592797
			56.850293339596	-30.37589202949
			56.8901044693856	-30.37589202949
			56.9299155991753	-30.3360808997004
			56.9697267289649	-30.2962697699108
			57.0095378587545	-30.2962697699108
			57.0493489885442	-30.2564586401211
			57.0891601183338	-30.2564586401211
			57.1289712481234	-30.2564586401211
			57.1687823779131	-30.2166475103315
			57.2085935077027	-30.2166475103315
			57.2484046374923	-30.2166475103315
			57.288215767282	-30.2166475103315
			57.3280268970716	-30.2166475103315
			57.3678380268612	-30.1768363805419
			57.4076491566509	-30.1768363805419
			57.4474602864405	-30.1370252507522
			57.4872714162301	-30.0972141209626
			57.5270825460198	-30.0972141209626
			57.5668936758094	-30.057402991173
			57.606704805599	-30.0175918613833
			57.6465159353887	-30.0175918613833
			57.6863270651783	-29.9777807315937
			57.7261381949679	-29.9777807315937
			57.7659493247576	-29.9777807315937
			57.8057604545472	-29.9379696018041
			57.8455715843368	-29.9379696018041
			57.8853827141265	-29.8981584720144
			57.9251938439161	-29.8981584720144
			57.9650049737057	-29.8981584720144
			58.0048161034954	-29.8583473422248
			58.044627233285	-29.8583473422248
			58.0844383630746	-29.8583473422248
			58.1242494928643	-29.8583473422248
			58.1640606226539	-29.8583473422248
			58.2038717524435	-29.8185362124352
			58.2436828822332	-29.8185362124352
			58.2834940120228	-29.8185362124352
			58.3233051418124	-29.8185362124352
			58.3631162716021	-29.8185362124352
			58.4029274013917	-29.8185362124352
			58.4427385311813	-29.8185362124352
			58.482549660971	-29.8185362124352
			58.5223607907606	-29.8185362124352
			58.5621719205502	-29.8185362124352
			58.6019830503399	-29.7787250826455
			58.6417941801295	-29.7787250826455
			58.6816053099191	-29.7389139528559
			58.7214164397088	-29.7389139528559
			58.7214164397088	-29.6991028230663
			58.7612275694984	-29.6991028230663
			58.801038699288	-29.6592916932766
			58.8408498290777	-29.6592916932766
			58.8806609588673	-29.619480563487
			58.9204720886569	-29.619480563487
			58.9602832184466	-29.5796694336974
			59.0000943482362	-29.5796694336974
			59.0399054780258	-29.5398583039077
			59.0797166078154	-29.5398583039077
			59.1195277376051	-29.5398583039077
			59.1593388673947	-29.5000471741181
			59.1991499971843	-29.5000471741181
			59.238961126974	-29.5000471741181
			59.2787722567636	-29.4602360443285
			59.3185833865533	-29.4602360443285
			59.3583945163429	-29.4602360443285
			59.3982056461325	-29.4602360443285
			59.4380167759222	-29.4204249145388
			59.4778279057118	-29.4204249145388
			59.5176390355014	-29.4204249145388
			59.5574501652911	-29.4204249145388
			59.5972612950807	-29.4204249145388
			59.6370724248703	-29.3806137847492
			59.6768835546599	-29.3408026549596
			59.7166946844496	-29.3408026549596
			59.7565058142392	-29.3009915251699
			59.7963169440288	-29.2611803953803
			59.8361280738185	-29.2213692655907
			59.8759392036081	-29.2213692655907
			59.9157503333977	-29.2213692655907
			59.9555614631874	-29.181558135801
			59.995372592977	-29.1417470060114
			60.0351837227666	-29.1417470060114
			60.0749948525563	-29.1417470060114
			60.1148059823459	-29.1019358762218
			60.1546171121355	-29.1019358762218
			60.1944282419252	-29.1019358762218
			60.2342393717148	-29.0621247464321
			60.2740505015044	-29.0621247464321
			60.3138616312941	-29.0223136166425
			60.3536727610837	-29.0223136166425
			60.3934838908733	-29.0223136166425
			60.433295020663	-29.0223136166425
			60.4731061504526	-28.9825024868529
			60.5129172802422	-28.9825024868529
			60.5527284100319	-28.9825024868529
			60.5925395398215	-28.9825024868529
			60.6323506696111	-28.9426913570632
			60.6721617994008	-28.9426913570632
			60.7119729291904	-28.9426913570632
			60.75178405898	-28.9426913570632
			60.7915951887697	-28.9028802272736
			60.8314063185593	-28.9028802272736
			60.8712174483489	-28.9028802272736
			60.9110285781386	-28.9028802272736
			60.9508397079282	-28.9028802272736
			60.9906508377178	-28.863069097484
			61.0304619675075	-28.863069097484
			61.0702730972971	-28.863069097484
			61.1100842270867	-28.863069097484
			61.1498953568764	-28.863069097484
			61.189706486666	-28.863069097484
			61.2295176164556	-28.8232579676943
			61.2693287462453	-28.8232579676943
			61.3091398760349	-28.8232579676943
			61.3489510058245	-28.8232579676943
			61.3887621356142	-28.8232579676943
			61.4285732654038	-28.8232579676943
			61.4683843951934	-28.8232579676943
			61.4683843951934	-28.7834468379047
			61.5081955249831	-28.7834468379047
			61.5480066547727	-28.7834468379047
			61.5878177845623	-28.7834468379047
			61.627628914352	-28.7834468379047
			61.6674400441416	-28.7834468379047
			61.7072511739312	-28.7834468379047
			61.7470623037209	-28.7436357081151
			61.7868734335105	-28.7436357081151
			61.8266845633001	-28.7436357081151
			61.8664956930898	-28.7436357081151
			61.9063068228794	-28.7436357081151
			61.946117952669	-28.7038245783254
			61.9859290824587	-28.7038245783254
			62.0257402122483	-28.7038245783254
			62.0655513420379	-28.7038245783254
			62.1053624718276	-28.7038245783254
			62.1451736016172	-28.7038245783254
			62.1849847314068	-28.6640134485358
			62.2247958611965	-28.6640134485358
			62.2646069909861	-28.6640134485358
			62.3044181207757	-28.6640134485358
			62.3442292505654	-28.6640134485358
			62.384040380355	-28.6640134485358
			62.4238515101446	-28.6640134485358
			62.4636626399343	-28.6242023187462
			62.5034737697239	-28.6242023187462
			62.5432848995135	-28.6242023187462
			62.5830960293032	-28.6242023187462
			62.6229071590928	-28.6242023187462
			62.6627182888824	-28.5843911889565
			62.7025294186721	-28.5843911889565
			62.7423405484617	-28.5843911889565
			62.7821516782513	-28.5843911889565
			62.821962808041	-28.5843911889565
			62.8617739378306	-28.5843911889565
			62.9015850676202	-28.5843911889565
			62.9015850676202	-28.5445800591669
			62.9413961974099	-28.5445800591669
			62.9812073271995	-28.5445800591669
			63.0210184569891	-28.5445800591669
			63.0608295867788	-28.5445800591669
			63.1006407165684	-28.5047689293773
			63.140451846358	-28.5047689293773
			63.1802629761477	-28.5047689293773
			63.2200741059373	-28.5047689293773
			63.2598852357269	-28.5047689293773
			63.2996963655166	-28.5047689293773
			63.3395074953062	-28.4649577995876
			63.3793186250958	-28.4649577995876
			63.4191297548855	-28.4649577995876
			63.4589408846751	-28.4649577995876
			63.4987520144647	-28.4649577995876
			63.5385631442544	-28.4649577995876
			63.578374274044	-28.425146669798
			63.6181854038336	-28.425146669798
			63.6579965336233	-28.425146669798
			63.6978076634129	-28.425146669798
			63.7376187932025	-28.425146669798
			63.7774299229922	-28.3853355400084
			63.8172410527818	-28.3853355400084
			63.8570521825714	-28.3853355400084
			63.896863312361	-28.3853355400084
			63.9366744421507	-28.3853355400084
			63.9764855719403	-28.3853355400084
			64.01629670173	-28.3853355400084
			64.01629670173	-28.3455244102187
			64.0561078315196	-28.3455244102187
			64.0959189613092	-28.3455244102187
			64.1357300910988	-28.3455244102187
			64.1755412208885	-28.3455244102187
			64.2153523506781	-28.3057132804291
			64.2551634804677	-28.3057132804291
			64.2949746102574	-28.3057132804291
			64.334785740047	-28.3057132804291
			64.3745968698367	-28.3057132804291
			64.4144079996263	-28.3057132804291
			64.4542191294159	-28.2659021506395
			64.4940302592055	-28.2659021506395
			64.5338413889952	-28.2659021506395
			64.5736525187848	-28.2659021506395
			64.6134636485745	-28.2659021506395
			64.6532747783641	-28.2659021506395
			64.6930859081537	-28.2260910208498
			64.7328970379433	-28.2260910208498
			64.772708167733	-28.2260910208498
			64.8125192975226	-28.2260910208498
			64.8523304273122	-28.2260910208498
			64.8921415571019	-28.2260910208498
			64.9319526868915	-28.2260910208498
			64.9717638166811	-28.2260910208498
			65.0115749464708	-28.2260910208498
			65.0513860762604	-28.2260910208498
			65.09119720605	-28.1862798910602
			65.1310083358397	-28.1862798910602
			65.1708194656293	-28.1862798910602
			65.2106305954189	-28.1862798910602
			65.2504417252086	-28.1862798910602
			65.2902528549982	-28.1862798910602
			65.3300639847878	-28.1862798910602
			65.3698751145775	-28.1862798910602
			65.4096862443671	-28.1862798910602
			65.4494973741567	-28.1862798910602
			65.4893085039464	-28.1862798910602
			65.529119633736	-28.1862798910602
			65.5689307635256	-28.1862798910602
			65.6087418933153	-28.1862798910602
			65.6485530231049	-28.1862798910602
			65.6883641528945	-28.1862798910602
			65.7281752826842	-28.1862798910602
			65.7679864124738	-28.1862798910602
			65.8077975422634	-28.1862798910602
			65.8476086720531	-28.1464687612706
			65.8874198018427	-28.1464687612706
			65.9272309316323	-28.1464687612706
			65.967042061422	-28.1464687612706
			66.0068531912116	-28.1464687612706
			66.0466643210012	-28.1464687612706
			66.0864754507909	-28.1464687612706
			66.1262865805805	-28.1464687612706
			66.1660977103701	-28.1464687612706
			66.2059088401598	-28.1464687612706
			66.2457199699494	-28.1464687612706
			66.285531099739	-28.1464687612706
			66.3253422295287	-28.1464687612706
			66.3651533593183	-28.1464687612706
			66.4049644891079	-28.1464687612706
			66.4447756188976	-28.1464687612706
			66.4845867486872	-28.1464687612706
			66.5243978784768	-28.1464687612706
			66.5642090082665	-28.1464687612706
			66.6040201380561	-28.1464687612706
			66.6438312678457	-28.1464687612706
			66.6836423976354	-28.1464687612706
			66.723453527425	-28.1464687612706
			66.7632646572146	-28.1464687612706
			66.8030757870043	-28.1464687612706
			66.8428869167939	-28.1464687612706
			66.8826980465835	-28.1464687612706
			66.9225091763732	-28.1066576314809
			66.9623203061628	-28.1066576314809
			67.0021314359524	-28.1066576314809
			67.0419425657421	-28.1066576314809
			67.0817536955317	-28.1066576314809
			67.1215648253213	-28.1066576314809
			67.161375955111	-28.1066576314809
			67.2011870849006	-28.1066576314809
			67.2409982146902	-28.1066576314809
			67.2808093444799	-28.1066576314809
			67.3206204742695	-28.1066576314809
			67.3604316040591	-28.1066576314809
			67.4002427338488	-28.1066576314809
			67.4400538636384	-28.1066576314809
			67.479864993428	-28.1066576314809
			67.5196761232177	-28.1066576314809
			67.5594872530073	-28.1066576314809
			67.5992983827969	-28.1066576314809
			67.6391095125866	-28.1066576314809
			67.6789206423762	-28.1066576314809
			67.7187317721658	-28.1066576314809
			67.7585429019555	-28.1066576314809
			67.7983540317451	-28.1066576314809
			67.8381651615347	-28.1066576314809
			67.8779762913244	-28.1066576314809
			67.917787421114	-28.1066576314809
			67.9575985509036	-28.1066576314809
			67.9974096806933	-28.1066576314809
			68.0372208104829	-28.1066576314809
			68.0770319402725	-28.1066576314809
			68.1168430700622	-28.1066576314809
			68.1566541998518	-28.1066576314809
			68.1964653296414	-28.1066576314809
			68.2362764594311	-28.1066576314809
			68.2760875892207	-28.1066576314809
			68.3158987190103	-28.1066576314809
			68.3557098487999	-28.1066576314809
			68.3955209785896	-28.1066576314809
			68.4353321083792	-28.1066576314809
			68.4751432381689	-28.1066576314809
			68.5149543679585	-28.1066576314809
			68.5547654977481	-28.1066576314809
			68.5945766275377	-28.1464687612706
			68.6343877573274	-28.1464687612706
			68.674198887117	-28.1464687612706
			68.7140100169067	-28.1464687612706
			68.7538211466963	-28.1464687612706
			68.7936322764859	-28.1464687612706
			68.8334434062755	-28.1464687612706
			68.8732545360652	-28.1464687612706
			68.9130656658548	-28.1464687612706
			68.9528767956444	-28.1464687612706
			68.9926879254341	-28.1464687612706
			69.0324990552237	-28.1464687612706
			69.0723101850134	-28.1862798910602
			69.112121314803	-28.1862798910602
			69.1519324445926	-28.1862798910602
			69.1917435743822	-28.1862798910602
			69.2315547041719	-28.1862798910602
			69.2713658339615	-28.1862798910602
			69.3111769637512	-28.1862798910602
			69.3509880935408	-28.1862798910602
			69.3907992233304	-28.1862798910602
			69.43061035312	-28.1862798910602
			69.4704214829097	-28.1862798910602
			69.5102326126993	-28.1862798910602
			69.5500437424889	-28.2260910208498
			69.5898548722786	-28.2260910208498
			69.6296660020682	-28.2260910208498
			69.6694771318578	-28.2260910208498
			69.7092882616475	-28.2260910208498
			69.7490993914371	-28.2260910208498
			69.7889105212267	-28.2260910208498
			69.8287216510164	-28.2260910208498
			69.868532780806	-28.2260910208498
			69.9083439105956	-28.2260910208498
			69.9481550403853	-28.2260910208498
			69.9879661701749	-28.2260910208498
			70.0277772999645	-28.2659021506395
			70.0675884297542	-28.2659021506395
			70.1073995595438	-28.2659021506395
			70.1472106893334	-28.2659021506395
			70.1870218191231	-28.2659021506395
			70.2268329489127	-28.2659021506395
			70.2666440787023	-28.2659021506395
			70.306455208492	-28.2659021506395
			70.3462663382816	-28.2659021506395
			70.3860774680712	-28.2659021506395
			70.4258885978609	-28.2659021506395
			70.4656997276505	-28.2659021506395
			70.5055108574401	-28.2659021506395
			70.5453219872298	-28.3057132804291
			70.5851331170194	-28.3057132804291
			70.624944246809	-28.3057132804291
			70.6647553765987	-28.3057132804291
			70.7045665063883	-28.3057132804291
			70.7443776361779	-28.3057132804291
			70.7841887659676	-28.3057132804291
			70.8239998957572	-28.3057132804291
			70.8638110255468	-28.3057132804291
			70.9036221553365	-28.3057132804291
			70.9434332851261	-28.3057132804291
			70.9832444149157	-28.3057132804291
			71.0230555447054	-28.3057132804291
			71.062866674495	-28.3057132804291
			71.062866674495	-28.3455244102187
			71.1026778042846	-28.3455244102187
			71.1424889340743	-28.3455244102187
			71.1823000638639	-28.3455244102187
			71.2221111936535	-28.3455244102187
			71.2619223234432	-28.3455244102187
			71.3017334532328	-28.3455244102187
			71.3415445830224	-28.3455244102187
			71.3813557128121	-28.3455244102187
			71.4211668426017	-28.3455244102187
			71.4609779723913	-28.3853355400084
			71.500789102181	-28.3853355400084
			71.5406002319706	-28.3853355400084
			71.5804113617602	-28.3853355400084
			71.6202224915499	-28.3853355400084
			71.6600336213395	-28.3853355400084
			71.6998447511291	-28.3853355400084
			71.7396558809188	-28.425146669798
			71.7794670107084	-28.425146669798
			71.819278140498	-28.425146669798
			71.8590892702877	-28.425146669798
			71.8989004000773	-28.425146669798
			71.9387115298669	-28.4649577995876
			71.9785226596566	-28.4649577995876
			72.0183337894462	-28.4649577995876
			72.0581449192358	-28.4649577995876
			72.0979560490255	-28.4649577995876
			72.1377671788151	-28.4649577995876
			72.1775783086047	-28.4649577995876
			72.1775783086047	-28.5047689293773
			72.2173894383944	-28.5047689293773
			72.257200568184	-28.5047689293773
			72.2970116979736	-28.5047689293773
			72.3368228277633	-28.5047689293773
			72.3766339575529	-28.5047689293773
			72.4164450873425	-28.5445800591669
			72.4562562171322	-28.5445800591669
			72.4960673469218	-28.5445800591669
			72.5358784767114	-28.5445800591669
			72.5756896065011	-28.5445800591669
			72.6155007362907	-28.5445800591669
			72.6155007362907	-28.5843911889565
			72.6553118660803	-28.5843911889565
			72.69512299587	-28.5843911889565
			72.7349341256596	-28.5843911889565
			72.7747452554492	-28.5843911889565
			72.8145563852389	-28.5843911889565
			72.8543675150285	-28.6242023187462
			72.8941786448181	-28.6242023187462
			72.9339897746078	-28.6242023187462
			72.9738009043974	-28.6242023187462
			73.013612034187	-28.6640134485358
			73.0534231639767	-28.6640134485358
			73.0932342937663	-28.6640134485358
			73.1330454235559	-28.6640134485358
			73.1728565533456	-28.6640134485358
			73.2126676831352	-28.6640134485358
			73.2524788129248	-28.7038245783254
			73.2922899427144	-28.7038245783254
			73.3321010725041	-28.7038245783254
			73.3719122022937	-28.7038245783254
			73.4117233320834	-28.7038245783254
			73.451534461873	-28.7436357081151
			73.4913455916626	-28.7436357081151
			73.5311567214522	-28.7436357081151
			73.5709678512419	-28.7436357081151
			73.6107789810315	-28.7436357081151
			73.6505901108212	-28.7834468379047
			73.6904012406108	-28.7834468379047
			73.7302123704004	-28.7834468379047
			73.77002350019	-28.7834468379047
			73.8098346299797	-28.8232579676943
			73.8496457597693	-28.8232579676943
			73.8894568895589	-28.8232579676943
			73.9292680193486	-28.8232579676943
			73.9690791491382	-28.8232579676943
			74.0088902789279	-28.863069097484
			74.0487014087175	-28.863069097484
			74.0885125385071	-28.863069097484
			74.1283236682967	-28.863069097484
			74.1681347980864	-28.863069097484
			74.207945927876	-28.9028802272736
			74.2477570576657	-28.9028802272736
			74.2875681874553	-28.9028802272736
			74.3273793172449	-28.9426913570632
			74.3671904470345	-28.9426913570632
			74.4070015768242	-28.9426913570632
			74.4468127066138	-28.9426913570632
			74.4468127066138	-28.9825024868529
			74.4866238364034	-28.9825024868529
			74.5264349661931	-28.9825024868529
			74.5662460959827	-28.9825024868529
			74.6060572257723	-29.0223136166425
			74.645868355562	-29.0223136166425
			74.6856794853516	-29.0223136166425
			74.7254906151412	-29.0621247464321
			74.7653017449309	-29.0621247464321
			74.8051128747205	-29.0621247464321
			74.8449240045101	-29.1019358762218
			74.8847351342998	-29.1019358762218
			74.9245462640894	-29.1417470060114
			74.964357393879	-29.1417470060114
			75.0041685236687	-29.1417470060114
			75.0439796534583	-29.1417470060114
			75.0837907832479	-29.181558135801
			75.1236019130376	-29.181558135801
			75.1634130428272	-29.2213692655907
			75.2032241726168	-29.2213692655907
			75.2430353024065	-29.2213692655907
			75.2828464321961	-29.2611803953803
			75.3226575619857	-29.2611803953803
		</Head>
		<Tail1 type=matrix rownames=FALSE colnames=FALSE nrow=340 ncol=2 as.numeric=TRUE >
			75.3226575619857	-29.2611803953803
			75.3624686917754	-29.2611803953803
			75.402279821565	-29.3009915251699
			75.4420909513546	-29.3009915251699
			75.4819020811443	-29.3408026549596
			75.5217132109339	-29.3408026549596
			75.5615243407235	-29.3806137847492
			75.6013354705132	-29.3806137847492
			75.6411466003028	-29.4204249145388
			75.6809577300924	-29.4204249145388
			75.7207688598821	-29.4602360443285
			75.7605799896717	-29.4602360443285
			75.8003911194613	-29.4602360443285
			75.840202249251	-29.5000471741181
			75.8800133790406	-29.5000471741181
			75.9198245088302	-29.5398583039077
			75.9596356386199	-29.5398583039077
			75.9994467684095	-29.5796694336974
			76.0392578981991	-29.5796694336974
			76.0790690279888	-29.619480563487
			76.1188801577784	-29.619480563487
			76.158691287568	-29.6592916932766
			76.1985024173577	-29.6592916932766
			76.2383135471473	-29.6592916932766
			76.2781246769369	-29.6991028230663
			76.3179358067266	-29.6991028230663
			76.3577469365162	-29.7389139528559
			76.3975580663058	-29.7389139528559
			76.4373691960955	-29.7787250826455
			76.4771803258851	-29.7787250826455
			76.5169914556747	-29.8185362124352
			76.5568025854644	-29.8185362124352
			76.596613715254	-29.8583473422248
			76.6364248450436	-29.8583473422248
			76.6762359748333	-29.8981584720144
			76.7160471046229	-29.8981584720144
			76.7558582344125	-29.9379696018041
			76.7956693642022	-29.9379696018041
			76.8354804939918	-29.9777807315937
			76.8752916237814	-29.9777807315937
			76.9151027535711	-29.9777807315937
			76.9151027535711	-30.0175918613833
			76.9549138833607	-30.0175918613833
			76.9947250131503	-30.0175918613833
			77.03453614294	-30.057402991173
			77.0743472727296	-30.0972141209626
			77.1141584025192	-30.0972141209626
			77.1539695323089	-30.0972141209626
			77.1937806620985	-30.1370252507522
			77.2335917918881	-30.1370252507522
			77.2734029216778	-30.1768363805419
			77.3132140514674	-30.1768363805419
			77.353025181257	-30.2166475103315
			77.3928363110467	-30.2564586401211
			77.4326474408363	-30.2564586401211
			77.4724585706259	-30.2962697699108
			77.5122697004156	-30.2962697699108
			77.5520808302052	-30.2962697699108
			77.5520808302052	-30.3360808997004
			77.5918919599948	-30.3360808997004
			77.6317030897845	-30.3360808997004
			77.6317030897845	-30.37589202949
			77.6715142195741	-30.37589202949
			77.7113253493637	-30.4157031592797
			77.7511364791534	-30.4157031592797
			77.790947608943	-30.4555142890693
			77.8307587387326	-30.4555142890693
			77.8705698685223	-30.4555142890693
			77.8705698685223	-30.4953254188589
			77.9103809983119	-30.4953254188589
			77.9501921281015	-30.4953254188589
			77.9501921281015	-30.5351365486486
			77.9900032578911	-30.5351365486486
			78.0298143876808	-30.5749476784382
			78.0696255174704	-30.5749476784382
			78.1094366472601	-30.6147588082278
			78.1492477770497	-30.6147588082278
			78.1890589068393	-30.6545699380175
			78.2288700366289	-30.6545699380175
			78.2686811664186	-30.6943810678071
			78.3084922962082	-30.6943810678071
			78.3483034259979	-30.7341921975967
			78.3881145557875	-30.7740033273863
			78.4279256855771	-30.7740033273863
			78.4677368153667	-30.7740033273863
			78.5075479451564	-30.813814457176
			78.547359074946	-30.813814457176
			78.5871702047356	-30.8536255869656
			78.6269813345253	-30.8536255869656
			78.6667924643149	-30.8934367167553
			78.7066035941045	-30.8934367167553
			78.7464147238942	-30.8934367167553
			78.7862258536838	-30.9332478465449
			78.8260369834734	-30.9332478465449
			78.8658481132631	-30.9730589763345
			78.9056592430527	-30.9730589763345
			78.9454703728424	-31.0128701061242
			78.985281502632	-31.0128701061242
			79.0250926324216	-31.0128701061242
			79.0649037622112	-31.0526812359138
			79.1047148920009	-31.0526812359138
			79.1445260217905	-31.0924923657034
			79.1843371515801	-31.0924923657034
			79.2241482813698	-31.132303495493
			79.2639594111594	-31.132303495493
			79.303770540949	-31.132303495493
			79.3435816707387	-31.1721146252827
			79.3833928005283	-31.1721146252827
			79.4232039303179	-31.2119257550723
			79.4630150601076	-31.2119257550723
			79.5028261898972	-31.2517368848619
			79.5426373196868	-31.2517368848619
			79.5824484494765	-31.2915480146516
			79.6222595792661	-31.2915480146516
			79.6620707090557	-31.3313591444412
			79.7018818388454	-31.3313591444412
			79.741692968635	-31.3313591444412
			79.7815040984246	-31.3711702742308
			79.8213152282143	-31.3711702742308
			79.8611263580039	-31.4109814040205
			79.9009374877935	-31.4109814040205
			79.9407486175832	-31.4109814040205
			79.9407486175832	-31.4507925338101
			79.9805597473728	-31.4507925338101
			80.0203708771624	-31.4507925338101
			80.0601820069521	-31.4906036635997
			80.0999931367417	-31.4906036635997
			80.1398042665313	-31.5304147933894
			80.179615396321	-31.5304147933894
			80.2194265261106	-31.5304147933894
			80.2194265261106	-31.570225923179
			80.2592376559002	-31.570225923179
			80.2990487856899	-31.570225923179
			80.3388599154795	-31.6100370529686
			80.3786710452691	-31.6100370529686
			80.4184821750588	-31.6498481827583
			80.4582933048484	-31.6498481827583
			80.498104434638	-31.6896593125479
			80.5379155644277	-31.6896593125479
			80.5777266942173	-31.6896593125479
			80.6175378240069	-31.7294704423375
			80.6573489537966	-31.7294704423375
			80.6971600835862	-31.7692815721272
			80.7369712133758	-31.7692815721272
			80.7767823431655	-31.7692815721272
			80.8165934729551	-31.8090927019168
			80.8564046027447	-31.8090927019168
			80.8962157325344	-31.8489038317064
			80.936026862324	-31.8489038317064
			80.9758379921136	-31.8887149614961
			81.0156491219033	-31.8887149614961
			81.0554602516929	-31.8887149614961
			81.0952713814825	-31.9285260912857
			81.1350825112722	-31.9285260912857
			81.1748936410618	-31.9683372210753
			81.2147047708514	-31.9683372210753
			81.2545159006411	-32.008148350865
			81.2943270304307	-32.008148350865
			81.3341381602203	-32.008148350865
			81.37394929001	-32.0479594806546
			81.4137604197996	-32.0479594806546
			81.4535715495892	-32.0479594806546
			81.4933826793789	-32.0479594806546
			81.5331938091685	-32.0877706104442
			81.5730049389581	-32.0877706104442
			81.6128160687478	-32.0877706104442
			81.6526271985374	-32.1275817402339
			81.692438328327	-32.1275817402339
			81.7322494581167	-32.1275817402339
			81.7720605879063	-32.1673928700235
			81.8118717176959	-32.1673928700235
			81.8516828474856	-32.1673928700235
			81.8914939772752	-32.2072039998131
			81.9313051070648	-32.2072039998131
			81.9711162368545	-32.2072039998131
			82.0109273666441	-32.2072039998131
			82.0507384964337	-32.2470151296028
			82.0905496262234	-32.2470151296028
			82.130360756013	-32.2868262593924
			82.1701718858026	-32.2868262593924
			82.2099830155923	-32.2868262593924
			82.2497941453819	-32.2868262593924
			82.2497941453819	-32.326637389182
			82.2896052751715	-32.326637389182
			82.3294164049612	-32.326637389182
			82.3692275347508	-32.326637389182
			82.3692275347508	-32.3664485189717
			82.4090386645404	-32.3664485189717
			82.4488497943301	-32.3664485189717
			82.4886609241197	-32.3664485189717
			82.4886609241197	-32.4062596487613
			82.5284720539093	-32.4062596487613
			82.568283183699	-32.4062596487613
			82.6080943134886	-32.4062596487613
			82.6479054432782	-32.4460707785509
			82.6877165730679	-32.4460707785509
			82.7275277028575	-32.4858819083406
			82.7673388326471	-32.4858819083406
			82.8071499624368	-32.4858819083406
			82.8469610922264	-32.5256930381302
			82.886772222016	-32.5256930381302
			82.9265833518056	-32.5256930381302
			82.9663944815953	-32.5655041679198
			83.0062056113849	-32.5655041679198
			83.0460167411746	-32.5655041679198
			83.0858278709642	-32.6053152977095
			83.1256390007538	-32.6053152977095
			83.1654501305434	-32.6451264274991
			83.2052612603331	-32.6451264274991
			83.2450723901227	-32.6451264274991
			83.2848835199124	-32.6849375572887
			83.324694649702	-32.6849375572887
			83.3645057794916	-32.6849375572887
			83.4043169092812	-32.7247486870784
			83.4441280390709	-32.7247486870784
			83.4839391688605	-32.764559816868
			83.5237502986501	-32.764559816868
			83.5635614284398	-32.764559816868
			83.6033725582294	-32.8043709466576
			83.6431836880191	-32.8043709466576
			83.6829948178087	-32.8043709466576
			83.7228059475983	-32.8441820764473
			83.7626170773879	-32.8441820764473
			83.8024282071776	-32.8839932062369
			83.8422393369672	-32.8839932062369
			83.8820504667569	-32.9238043360265
			83.9218615965465	-32.9238043360265
			83.9616727263361	-32.9238043360265
			84.0014838561257	-32.9636154658162
			84.0412949859154	-32.9636154658162
			84.081106115705	-33.0034265956058
			84.1209172454946	-33.0034265956058
			84.1607283752843	-33.0034265956058
			84.2005395050739	-33.0432377253954
			84.2403506348635	-33.0432377253954
			84.2801617646532	-33.0830488551851
			84.3199728944428	-33.0830488551851
			84.3597840242324	-33.1228599849747
			84.3995951540221	-33.1228599849747
			84.4394062838117	-33.1626711147643
			84.4792174136013	-33.1626711147643
			84.519028543391	-33.1626711147643
			84.5588396731806	-33.202482244554
			84.5986508029702	-33.202482244554
			84.6384619327599	-33.2422933743436
			84.6782730625495	-33.2422933743436
			84.7180841923391	-33.2821045041332
			84.7578953221288	-33.2821045041332
			84.7977064519184	-33.2821045041332
			84.837517581708	-33.3219156339229
			84.8773287114977	-33.3219156339229
			84.9171398412873	-33.3219156339229
			84.9569509710769	-33.3617267637125
			84.9967621008666	-33.3617267637125
			85.0365732306562	-33.4015378935021
			85.0763843604458	-33.4015378935021
			85.1161954902355	-33.4413490232918
			85.1560066200251	-33.4413490232918
			85.1958177498147	-33.4413490232918
			85.2356288796044	-33.4811601530814
			85.275440009394	-33.4811601530814
			85.3152511391836	-33.4811601530814
			85.3550622689733	-33.520971282871
			85.3948733987629	-33.520971282871
			85.4346845285525	-33.520971282871
			85.4346845285525	-33.5607824126607
			85.4744956583422	-33.5607824126607
			85.5143067881318	-33.5607824126607
			85.5541179179214	-33.6005935424503
			85.5939290477111	-33.6005935424503
			85.6337401775007	-33.6005935424503
			85.6735513072903	-33.6404046722399
			85.71336243708	-33.6404046722399
			85.7531735668696	-33.6404046722399
			85.7531735668696	-33.6802158020296
			85.7929846966592	-33.6802158020296
			85.8327958264489	-33.6802158020296
			85.8726069562385	-33.7200269318192
			85.9124180860281	-33.7200269318192
			85.9522292158178	-33.7200269318192
			85.9920403456074	-33.7598380616088
			86.031851475397	-33.7598380616088
			86.0716626051867	-33.7996491913985
			86.1114737349763	-33.7996491913985
			86.1512848647659	-33.7996491913985
			86.1910959945556	-33.8394603211881
			86.2309071243452	-33.8394603211881
			86.2707182541348	-33.8394603211881
			86.3105293839245	-33.8792714509777
			86.3503405137141	-33.8792714509777
			86.3901516435037	-33.8792714509777
			86.4299627732934	-33.9190825807674
			86.469773903083	-33.9190825807674
			86.5095850328726	-33.9190825807674
			86.5493961626623	-33.9190825807674
			86.5493961626623	-33.958893710557
			86.5892072924519	-33.958893710557
			86.6290184222415	-33.958893710557
			86.6688295520312	-33.9987048403466
			86.7086406818208	-33.9987048403466
			86.7484518116104	-33.9987048403466
			86.7882629414001	-33.9987048403466
			86.7882629414001	-34.0385159701363
			86.8280740711897	-34.0385159701363
			86.8678852009793	-34.0385159701363
			86.907696330769	-34.0385159701363
			86.9475074605586	-34.0783270999259
			86.9873185903482	-34.0783270999259
			87.0271297201379	-34.0783270999259
			87.0669408499275	-34.1181382297155
			87.1067519797171	-34.1181382297155
			87.1465631095068	-34.1181382297155
			87.1863742392964	-34.1579493595052
			87.226185369086	-34.1579493595052
			87.2659964988757	-34.1579493595052
			87.3058076286653	-34.1579493595052
			87.3456187584549	-34.1977604892948
			87.3854298882446	-34.1977604892948
			87.4252410180342	-34.1977604892948
			87.4650521478238	-34.2375716190844
			87.5048632776135	-34.2375716190844
			87.5446744074031	-34.2375716190844
			87.5844855371927	-34.2375716190844
			87.6242966669823	-34.2375716190844
			87.664107796772	-34.2773827488741
			87.7039189265616	-34.2773827488741
			87.7437300563513	-34.2773827488741
			87.7835411861409	-34.2773827488741
			87.8233523159305	-34.2773827488741
			87.8233523159305	-34.3171938786637
			87.8631634457201	-34.3171938786637
			87.9029745755098	-34.3171938786637
			87.9427857052994	-34.3171938786637
			87.9825968350891	-34.3171938786637
			88.0224079648787	-34.3171938786637
			88.0622190946683	-34.3570050084533
			88.1020302244579	-34.3570050084533
			88.1418413542476	-34.3570050084533
			88.1816524840372	-34.3570050084533
			88.2214636138268	-34.3570050084533
		</Tail1>
		<End type=matrix rownames=FALSE colnames=FALSE nrow=213 ncol=2 as.numeric=TRUE >
			88.2214636138268	-34.3570050084533
			88.2612747436165	-34.3570050084533
			88.3010858734061	-34.3570050084533
			88.3408970031957	-34.3570050084533
			88.3807081329854	-34.3570050084533
			88.420519262775	-34.3570050084533
			88.4603303925646	-34.3570050084533
			88.5001415223543	-34.3570050084533
			88.5399526521439	-34.3570050084533
			88.5797637819336	-34.3570050084533
			88.6195749117232	-34.3570050084533
			88.6593860415128	-34.3570050084533
			88.6593860415128	-34.396816138243
			88.6991971713024	-34.396816138243
			88.7390083010921	-34.396816138243
			88.7788194308817	-34.396816138243
			88.8186305606713	-34.396816138243
			88.858441690461	-34.396816138243
			88.8982528202506	-34.396816138243
			88.9380639500402	-34.396816138243
			88.9380639500402	-34.4366272680326
			88.9778750798299	-34.4366272680326
			89.0176862096195	-34.4366272680326
			89.0574973394091	-34.4366272680326
			89.0973084691988	-34.4366272680326
			89.1371195989884	-34.4764383978222
			89.176930728778	-34.4764383978222
			89.2167418585677	-34.4764383978222
			89.2565529883573	-34.4764383978222
			89.2963641181469	-34.5162495276119
			89.3361752479366	-34.5162495276119
			89.3759863777262	-34.5560606574015
			89.4157975075158	-34.5560606574015
			89.4556086373055	-34.5560606574015
			89.4954197670951	-34.5958717871911
			89.5352308968847	-34.5958717871911
			89.5750420266744	-34.6356829169808
			89.614853156464	-34.6356829169808
			89.6546642862536	-34.6754940467704
			89.6944754160433	-34.6754940467704
			89.6944754160433	-34.71530517656
			89.7342865458329	-34.71530517656
			89.7740976756225	-34.7551163063497
			89.8139088054122	-34.7551163063497
			89.8537199352018	-34.7949274361393
			89.8537199352018	-34.8347385659289
			89.8935310649914	-34.8347385659289
			89.9333421947811	-34.8745496957186
			89.9333421947811	-34.9143608255082
			89.9731533245707	-34.9143608255082
			90.0129644543603	-34.9541719552978
			90.0129644543603	-34.9939830850875
			90.05277558415	-34.9939830850875
			90.0925867139396	-35.0337942148771
			90.0925867139396	-35.0736053446667
			90.1323978437292	-35.0736053446667
			90.1323978437292	-35.1134164744564
			90.1722089735189	-35.153227604246
			90.1722089735189	-35.1930387340356
			90.2120201033085	-35.2328498638253
			90.2518312330981	-35.2726609936149
			90.2518312330981	-35.3124721234045
			90.2916423628878	-35.3522832531942
			90.2916423628878	-35.3920943829838
			90.2916423628878	-35.4319055127734
			90.3314534926774	-35.4319055127734
			90.3314534926774	-35.4717166425631
			90.3314534926774	-35.5115277723527
			90.371264622467	-35.5513389021423
			90.371264622467	-35.591150031932
			90.371264622467	-35.6309611617216
			90.371264622467	-35.6707722915112
			90.4110757522567	-35.7105834213008
			90.4110757522567	-35.7503945510905
			90.4110757522567	-35.7902056808801
			90.4110757522567	-35.8300168106697
			90.4508868820463	-35.8698279404594
			90.4508868820463	-35.909639070249
			90.4508868820463	-35.9494502000386
			90.4508868820463	-35.9892613298283
			90.4110757522567	-36.0290724596179
			90.4110757522567	-36.0688835894075
			90.371264622467	-36.1086947191972
			90.371264622467	-36.1485058489868
			90.3314534926774	-36.1883169787764
			90.3314534926774	-36.2281281085661
			90.2916423628878	-36.2281281085661
			90.2916423628878	-36.2679392383557
			90.2518312330981	-36.3077503681453
			90.2518312330981	-36.347561497935
			90.2120201033085	-36.3873726277246
			90.2120201033085	-36.4271837575142
			90.1722089735189	-36.4669948873039
			90.1722089735189	-36.5068060170935
			90.1722089735189	-36.5466171468831
			90.1323978437292	-36.5864282766728
			90.1323978437292	-36.6262394064624
			90.1323978437292	-36.666050536252
			90.0925867139396	-36.7058616660417
			90.0925867139396	-36.7456727958313
			90.0925867139396	-36.7854839256209
			90.05277558415	-36.8252950554106
			90.05277558415	-36.8651061852002
			90.05277558415	-36.9049173149898
			90.05277558415	-36.9447284447795
			90.0129644543603	-36.9845395745691
			90.0129644543603	-37.0243507043587
			90.0129644543603	-37.0641618341484
			90.0129644543603	-37.103972963938
			89.9731533245707	-37.1437840937276
			89.9731533245707	-37.1835952235173
			89.9731533245707	-37.2234063533069
			89.9731533245707	-37.2632174830965
			89.9731533245707	-37.3030286128862
			89.9731533245707	-37.3428397426758
			89.9333421947811	-37.3826508724654
			89.9333421947811	-37.4224620022551
			89.9333421947811	-37.4622731320447
			89.9333421947811	-37.5020842618343
			89.9333421947811	-37.541895391624
			89.9333421947811	-37.5817065214136
			89.9333421947811	-37.6215176512032
			89.9333421947811	-37.6613287809929
			89.9333421947811	-37.7011399107825
			89.8935310649914	-37.7409510405721
			89.8935310649914	-37.7807621703618
			89.8935310649914	-37.8205733001514
			89.8935310649914	-37.860384429941
			89.8935310649914	-37.9001955597307
			89.8935310649914	-37.9400066895203
			89.8935310649914	-37.9798178193099
			89.8935310649914	-38.0196289490996
			89.8935310649914	-38.0594400788892
			89.8935310649914	-38.0992512086788
			89.8935310649914	-38.1390623384685
			89.8935310649914	-38.1788734682581
			89.8935310649914	-38.2186845980477
			89.8935310649914	-38.2584957278374
			89.8935310649914	-38.298306857627
			89.8935310649914	-38.3381179874166
			89.8935310649914	-38.3779291172063
			89.9333421947811	-38.4177402469959
			89.9333421947811	-38.4575513767855
			89.9333421947811	-38.4973625065752
			89.9333421947811	-38.5371736363648
			89.9333421947811	-38.5769847661544
			89.9333421947811	-38.6167958959441
			89.9333421947811	-38.6566070257337
			89.9333421947811	-38.6964181555233
			89.8935310649914	-38.736229285313
			89.8935310649914	-38.7760404151026
			89.8537199352018	-38.8158515448922
			89.8139088054122	-38.8556626746819
			89.7740976756225	-38.8954738044715
			89.7740976756225	-38.9352849342611
			89.7740976756225	-38.9750960640508
			89.7342865458329	-38.9750960640508
			89.7342865458329	-39.0149071938404
			89.6944754160433	-39.05471832363
			89.6546642862536	-39.0945294534197
			89.614853156464	-39.1343405832093
			89.5750420266744	-39.1741517129989
			89.5352308968847	-39.2139628427886
			89.4954197670951	-39.2537739725782
			89.4556086373055	-39.2537739725782
			89.4157975075158	-39.2935851023678
			89.3759863777262	-39.3333962321575
			89.3361752479366	-39.3333962321575
			89.2963641181469	-39.3732073619471
			89.2565529883573	-39.3732073619471
			89.2167418585677	-39.4130184917367
			89.176930728778	-39.4130184917367
			89.1371195989884	-39.4130184917367
			89.0973084691988	-39.4528296215264
			89.0574973394091	-39.4528296215264
			89.0176862096195	-39.4528296215264
			88.9778750798299	-39.4528296215264
			88.9380639500402	-39.4528296215264
			88.8982528202506	-39.4528296215264
			88.858441690461	-39.4528296215264
			88.8186305606713	-39.4528296215264
			88.7788194308817	-39.4528296215264
			88.7390083010921	-39.4528296215264
			88.6991971713024	-39.4528296215264
			88.6593860415128	-39.4528296215264
			88.6195749117232	-39.4528296215264
			88.5797637819336	-39.4528296215264
			88.5399526521439	-39.4528296215264
			88.5001415223543	-39.4528296215264
			88.4603303925646	-39.4528296215264
			88.420519262775	-39.4130184917367
			88.3807081329854	-39.4130184917367
			88.3408970031957	-39.4130184917367
			88.3010858734061	-39.4130184917367
			88.3010858734061	-39.4528296215264
			88.2612747436165	-39.4528296215264
			88.2612747436165	-39.492640751316
			88.2214636138268	-39.492640751316
			88.1816524840372	-39.492640751316
			88.1418413542476	-39.5324518811056
			88.1020302244579	-39.5324518811056
			88.0622190946683	-39.5722630108953
			88.0224079648787	-39.5722630108953
			87.9825968350891	-39.5722630108953
			87.9427857052994	-39.6120741406849
			87.9029745755098	-39.6120741406849
			87.8631634457201	-39.6120741406849
			87.8233523159305	-39.6120741406849
			87.7835411861409	-39.6120741406849
			87.7437300563513	-39.6120741406849
			87.7039189265616	-39.6120741406849
			87.664107796772	-39.5722630108953
			87.6242966669823	-39.5722630108953
		</End>
		<Tail2 type=matrix rownames=FALSE colnames=FALSE nrow=189 ncol=2 as.numeric=TRUE >
			87.6242966669823	-39.5722630108953
			87.5844855371927	-39.5722630108953
			87.5446744074031	-39.5722630108953
			87.5048632776135	-39.5324518811056
			87.4650521478238	-39.5324518811056
			87.4252410180342	-39.5324518811056
			87.3854298882446	-39.5324518811056
			87.3456187584549	-39.5324518811056
			87.3058076286653	-39.5324518811056
			87.2659964988757	-39.492640751316
			87.226185369086	-39.492640751316
			87.1863742392964	-39.492640751316
			87.1465631095068	-39.492640751316
			87.1067519797171	-39.492640751316
			87.0669408499275	-39.4528296215264
			87.0271297201379	-39.4528296215264
			86.9873185903482	-39.4528296215264
			86.9475074605586	-39.4528296215264
			86.907696330769	-39.4528296215264
			86.8678852009793	-39.4528296215264
			86.8280740711897	-39.4528296215264
			86.7882629414001	-39.4130184917367
			86.7484518116104	-39.4130184917367
			86.7086406818208	-39.4130184917367
			86.6688295520312	-39.4130184917367
			86.6290184222415	-39.4130184917367
			86.5892072924519	-39.4130184917367
			86.5493961626623	-39.4130184917367
			86.5095850328726	-39.3732073619471
			86.469773903083	-39.3732073619471
			86.4299627732934	-39.3732073619471
			86.3901516435037	-39.3732073619471
			86.3503405137141	-39.3732073619471
			86.3105293839245	-39.3732073619471
			86.2707182541348	-39.3732073619471
			86.2309071243452	-39.3732073619471
			86.1910959945556	-39.3732073619471
			86.1512848647659	-39.3333962321575
			86.1114737349763	-39.3333962321575
			86.0716626051867	-39.3333962321575
			86.031851475397	-39.3333962321575
			85.9920403456074	-39.3333962321575
			85.9522292158178	-39.3333962321575
			85.9124180860281	-39.3333962321575
			85.8726069562385	-39.3333962321575
			85.8327958264489	-39.3333962321575
			85.7929846966592	-39.3333962321575
			85.7531735668696	-39.3333962321575
			85.71336243708	-39.3333962321575
			85.6735513072903	-39.2935851023678
			85.6337401775007	-39.2935851023678
			85.5939290477111	-39.2935851023678
			85.5541179179214	-39.2935851023678
			85.5143067881318	-39.2935851023678
			85.4744956583422	-39.2935851023678
			85.4346845285525	-39.2935851023678
			85.3948733987629	-39.2935851023678
			85.3550622689733	-39.2935851023678
			85.3152511391836	-39.2935851023678
			85.275440009394	-39.2935851023678
			85.2356288796044	-39.2935851023678
			85.1958177498147	-39.2935851023678
			85.1560066200251	-39.2935851023678
			85.1161954902355	-39.2935851023678
			85.0763843604458	-39.2935851023678
			85.0365732306562	-39.2935851023678
			84.9967621008666	-39.2935851023678
			84.9569509710769	-39.2935851023678
			84.9171398412873	-39.2935851023678
			84.9171398412873	-39.2537739725782
			84.8773287114977	-39.2537739725782
			84.837517581708	-39.2537739725782
			84.7977064519184	-39.2537739725782
			84.7578953221288	-39.2537739725782
			84.7180841923391	-39.2537739725782
			84.6782730625495	-39.2537739725782
			84.6384619327599	-39.2537739725782
			84.5986508029702	-39.2537739725782
			84.5588396731806	-39.2537739725782
			84.519028543391	-39.2537739725782
			84.4792174136013	-39.2537739725782
			84.4394062838117	-39.2537739725782
			84.3995951540221	-39.2537739725782
			84.3597840242324	-39.2537739725782
			84.3199728944428	-39.2139628427886
			84.2801617646532	-39.2139628427886
			84.2403506348635	-39.2139628427886
			84.2005395050739	-39.2139628427886
			84.1607283752843	-39.2139628427886
			84.1209172454946	-39.2139628427886
			84.081106115705	-39.2139628427886
			84.0412949859154	-39.2139628427886
			84.0014838561257	-39.2139628427886
			83.9616727263361	-39.2139628427886
			83.9218615965465	-39.2139628427886
			83.8820504667569	-39.2139628427886
			83.8422393369672	-39.1741517129989
			83.8024282071776	-39.1741517129989
			83.7626170773879	-39.1741517129989
			83.7228059475983	-39.1741517129989
			83.6829948178087	-39.1741517129989
			83.6431836880191	-39.1741517129989
			83.6033725582294	-39.1741517129989
			83.5635614284398	-39.1741517129989
			83.5237502986501	-39.1741517129989
			83.4839391688605	-39.1741517129989
			83.4441280390709	-39.1741517129989
			83.4043169092812	-39.1343405832093
			83.3645057794916	-39.1343405832093
			83.324694649702	-39.1343405832093
			83.2848835199124	-39.1343405832093
			83.2450723901227	-39.1343405832093
			83.2052612603331	-39.1343405832093
			83.1654501305434	-39.1343405832093
			83.1256390007538	-39.1343405832093
			83.0858278709642	-39.1343405832093
			83.0460167411746	-39.1343405832093
			83.0062056113849	-39.0945294534197
			82.9663944815953	-39.0945294534197
			82.9265833518056	-39.0945294534197
			82.886772222016	-39.0945294534197
			82.8469610922264	-39.0945294534197
			82.8071499624368	-39.0945294534197
			82.7673388326471	-39.0945294534197
			82.7275277028575	-39.0945294534197
			82.6877165730679	-39.05471832363
			82.6479054432782	-39.05471832363
			82.6080943134886	-39.05471832363
			82.568283183699	-39.05471832363
			82.5284720539093	-39.05471832363
			82.4886609241197	-39.05471832363
			82.4488497943301	-39.05471832363
			82.4090386645404	-39.05471832363
			82.3692275347508	-39.05471832363
			82.3294164049612	-39.05471832363
			82.2896052751715	-39.0149071938404
			82.2497941453819	-39.0149071938404
			82.2099830155923	-39.0149071938404
			82.1701718858026	-39.0149071938404
			82.130360756013	-39.0149071938404
			82.0905496262234	-39.0149071938404
			82.0507384964337	-39.0149071938404
			82.0109273666441	-39.0149071938404
			81.9711162368545	-39.0149071938404
			81.9313051070648	-39.0149071938404
			81.8914939772752	-39.0149071938404
			81.8516828474856	-39.0149071938404
			81.8118717176959	-39.0149071938404
			81.7720605879063	-39.0149071938404
			81.7322494581167	-39.0149071938404
			81.692438328327	-39.0149071938404
			81.6526271985374	-39.0149071938404
			81.6128160687478	-39.0149071938404
			81.5730049389581	-39.0149071938404
			81.5331938091685	-39.0149071938404
			81.4933826793789	-39.0149071938404
			81.4535715495892	-39.0149071938404
			81.4137604197996	-39.0149071938404
			81.37394929001	-39.0149071938404
			81.3341381602203	-39.0149071938404
			81.2943270304307	-39.0149071938404
			81.2545159006411	-39.0149071938404
			81.2147047708514	-39.0149071938404
			81.1748936410618	-39.0149071938404
			81.1350825112722	-39.0149071938404
			81.0952713814825	-39.0149071938404
			81.0554602516929	-39.0149071938404
			81.0156491219033	-39.0149071938404
			80.9758379921136	-39.0149071938404
			80.936026862324	-39.0149071938404
			80.8962157325344	-39.0149071938404
			80.8564046027447	-39.0149071938404
			80.8165934729551	-39.0149071938404
			80.7767823431655	-39.0149071938404
			80.7369712133758	-39.0149071938404
			80.6971600835862	-39.0149071938404
			80.6573489537966	-39.0149071938404
			80.6175378240069	-39.0149071938404
			80.5777266942173	-39.0149071938404
			80.5379155644277	-39.0149071938404
			80.498104434638	-39.0149071938404
			80.4582933048484	-39.05471832363
			80.4184821750588	-39.05471832363
			80.3786710452691	-39.05471832363
			80.3388599154795	-39.05471832363
			80.2990487856899	-39.05471832363
			80.2592376559002	-39.05471832363
			80.2194265261106	-39.05471832363
			80.179615396321	-39.05471832363
		</Tail2>
		<AnalFin type=matrix rownames=FALSE colnames=FALSE nrow=68 ncol=2 as.numeric=TRUE >
			80.179615396321	-39.05471832363
			80.1398042665313	-39.05471832363
			80.0999931367417	-39.05471832363
			80.0601820069521	-39.05471832363
			80.0203708771624	-39.0945294534197
			79.9805597473728	-39.0945294534197
			79.9407486175832	-39.0945294534197
			79.9009374877935	-39.0945294534197
			79.8611263580039	-39.0945294534197
			79.8213152282143	-39.1343405832093
			79.7815040984246	-39.1343405832093
			79.741692968635	-39.1343405832093
			79.7018818388454	-39.1343405832093
			79.6620707090557	-39.1343405832093
			79.6222595792661	-39.1741517129989
			79.5824484494765	-39.1741517129989
			79.5426373196868	-39.1741517129989
			79.5028261898972	-39.1741517129989
			79.4630150601076	-39.2139628427886
			79.4232039303179	-39.2139628427886
			79.3833928005283	-39.2139628427886
			79.3435816707387	-39.2537739725782
			79.303770540949	-39.2537739725782
			79.2639594111594	-39.2537739725782
			79.2241482813698	-39.2935851023678
			79.1843371515801	-39.2935851023678
			79.1445260217905	-39.2935851023678
			79.1047148920009	-39.3333962321575
			79.0649037622112	-39.3333962321575
			79.0250926324216	-39.3333962321575
			78.985281502632	-39.3732073619471
			78.9454703728424	-39.3732073619471
			78.9056592430527	-39.4130184917367
			78.8658481132631	-39.4130184917367
			78.8260369834734	-39.4130184917367
			78.8260369834734	-39.4528296215264
			78.7862258536838	-39.4528296215264
			78.7464147238942	-39.492640751316
			78.7464147238942	-39.5324518811056
			78.7066035941045	-39.5722630108953
			78.6667924643149	-39.6120741406849
			78.6269813345253	-39.6518852704745
			78.5871702047356	-39.6518852704745
			78.547359074946	-39.6916964002642
			78.5075479451564	-39.6916964002642
			78.4677368153667	-39.7315075300538
			78.4279256855771	-39.7315075300538
			78.4279256855771	-39.7713186598434
			78.3881145557875	-39.7713186598434
			78.3483034259979	-39.7713186598434
			78.3084922962082	-39.8111297896331
			78.2686811664186	-39.8111297896331
			78.2288700366289	-39.8111297896331
			78.1890589068393	-39.8509409194227
			78.1492477770497	-39.8509409194227
			78.1094366472601	-39.8509409194227
			78.0696255174704	-39.8509409194227
			78.0298143876808	-39.8907520492123
			77.9900032578911	-39.8907520492123
			77.9501921281015	-39.8907520492123
			77.9103809983119	-39.8907520492123
			77.8705698685223	-39.8907520492123
			77.8307587387326	-39.8907520492123
			77.790947608943	-39.930563179002
			77.7511364791534	-39.930563179002
			77.7113253493637	-39.930563179002
			77.6715142195741	-39.930563179002
			77.6317030897845	-39.930563179002
		</AnalFin>
		<Pectfin type=matrix rownames=FALSE colnames=FALSE nrow=55 ncol=2 as.numeric=TRUE >
			65.2106305954189	-34.4764383978222
			65.2106305954189	-34.5162495276119
			65.2504417252086	-34.5560606574015
			65.2902528549982	-34.5958717871911
			65.2902528549982	-34.6356829169808
			65.2902528549982	-34.6754940467704
			65.3300639847878	-34.71530517656
			65.3300639847878	-34.7551163063497
			65.3300639847878	-34.7949274361393
			65.3698751145775	-34.8347385659289
			65.3698751145775	-34.8745496957186
			65.3698751145775	-34.9143608255082
			65.3698751145775	-34.9541719552978
			65.3698751145775	-34.9939830850875
			65.4096862443671	-35.0337942148771
			65.4096862443671	-35.0736053446667
			65.4096862443671	-35.1134164744564
			65.4096862443671	-35.153227604246
			65.4096862443671	-35.1930387340356
			65.4096862443671	-35.2328498638253
			65.4096862443671	-35.2726609936149
			65.4096862443671	-35.3124721234045
			65.4096862443671	-35.3522832531942
			65.4096862443671	-35.3920943829838
			65.4096862443671	-35.4319055127734
			65.4096862443671	-35.4717166425631
			65.4096862443671	-35.5115277723527
			65.4096862443671	-35.5513389021423
			65.4096862443671	-35.591150031932
			65.4096862443671	-35.6309611617216
			65.4096862443671	-35.6707722915112
			65.3698751145775	-35.7105834213008
			65.3698751145775	-35.7503945510905
			65.3698751145775	-35.7902056808801
			65.3698751145775	-35.8300168106697
			65.3698751145775	-35.8698279404594
			65.3300639847878	-35.909639070249
			65.3300639847878	-35.9494502000386
			65.3300639847878	-35.9892613298283
			65.3300639847878	-36.0290724596179
			65.2902528549982	-36.0688835894075
			65.2902528549982	-36.1086947191972
			65.2902528549982	-36.1485058489868
			65.2504417252086	-36.1883169787764
			65.2504417252086	-36.2281281085661
			65.2504417252086	-36.2679392383557
			65.2106305954189	-36.3077503681453
			65.2106305954189	-36.347561497935
			65.1708194656293	-36.3873726277246
			65.1708194656293	-36.4271837575142
			65.1310083358397	-36.4669948873039
			65.1310083358397	-36.5068060170935
			65.09119720605	-36.5068060170935
			65.09119720605	-36.5466171468831
			65.0513860762604	-36.5864282766728
		</Pectfin>
		<Opercle type=matrix rownames=FALSE colnames=FALSE nrow=163 ncol=2 as.numeric=TRUE >
			65.4494973741567	-31.8887149614961
			65.4494973741567	-31.9285260912857
			65.4494973741567	-31.9683372210753
			65.4096862443671	-32.008148350865
			65.4096862443671	-32.0479594806546
			65.4096862443671	-32.0877706104442
			65.4096862443671	-32.1275817402339
			65.4096862443671	-32.1673928700235
			65.3698751145775	-32.2072039998131
			65.3698751145775	-32.2470151296028
			65.3698751145775	-32.2868262593924
			65.3300639847878	-32.326637389182
			65.3300639847878	-32.3664485189717
			65.3300639847878	-32.4062596487613
			65.2902528549982	-32.4460707785509
			65.2902528549982	-32.4858819083406
			65.2902528549982	-32.5256930381302
			65.2504417252086	-32.5655041679198
			65.2504417252086	-32.6053152977095
			65.2504417252086	-32.6451264274991
			65.2106305954189	-32.6849375572887
			65.2106305954189	-32.7247486870784
			65.1708194656293	-32.764559816868
			65.1708194656293	-32.8043709466576
			65.1708194656293	-32.8441820764473
			65.1310083358397	-32.8839932062369
			65.1310083358397	-32.9238043360265
			65.09119720605	-32.9636154658162
			65.09119720605	-33.0034265956058
			65.0513860762604	-33.0432377253954
			65.0513860762604	-33.0830488551851
			65.0115749464708	-33.1228599849747
			65.0115749464708	-33.1626711147643
			64.9717638166811	-33.202482244554
			64.9717638166811	-33.2422933743436
			64.9319526868915	-33.2821045041332
			64.9319526868915	-33.3219156339229
			64.8921415571019	-33.3617267637125
			64.8523304273122	-33.4015378935021
			64.8523304273122	-33.4413490232918
			64.8125192975226	-33.4811601530814
			64.8125192975226	-33.520971282871
			64.772708167733	-33.5607824126607
			64.7328970379433	-33.6005935424503
			64.7328970379433	-33.6404046722399
			64.6930859081537	-33.6802158020296
			64.6532747783641	-33.7200269318192
			64.6134636485745	-33.7598380616088
			64.5736525187848	-33.7996491913985
			64.5338413889952	-33.8394603211881
			64.4940302592055	-33.8792714509777
			64.4542191294159	-33.9190825807674
			64.4144079996263	-33.958893710557
			64.3745968698367	-33.9987048403466
			64.334785740047	-34.0385159701363
			64.2949746102574	-34.0783270999259
			64.2551634804677	-34.1181382297155
			64.2153523506781	-34.1579493595052
			64.1755412208885	-34.1977604892948
			64.1357300910988	-34.2375716190844
			64.0959189613092	-34.2773827488741
			64.0561078315196	-34.3171938786637
			64.01629670173	-34.3570050084533
			63.9764855719403	-34.396816138243
			63.9366744421507	-34.4366272680326
			63.896863312361	-34.4764383978222
			63.8570521825714	-34.5162495276119
			63.8172410527818	-34.5560606574015
			63.7774299229922	-34.5958717871911
			63.7376187932025	-34.6356829169808
			63.6978076634129	-34.6754940467704
			63.6579965336233	-34.71530517656
			63.6181854038336	-34.7551163063497
			63.578374274044	-34.7949274361393
			63.5385631442544	-34.8347385659289
			63.4987520144647	-34.8745496957186
			63.4589408846751	-34.9143608255082
			63.4191297548855	-34.9541719552978
			63.3793186250958	-34.9939830850875
			63.3395074953062	-35.0337942148771
			63.2996963655166	-35.0736053446667
			63.2598852357269	-35.1134164744564
			63.2200741059373	-35.153227604246
			63.1802629761477	-35.153227604246
			63.140451846358	-35.1930387340356
			63.1006407165684	-35.1930387340356
			63.0608295867788	-35.2328498638253
			63.0210184569891	-35.2328498638253
			62.9812073271995	-35.2726609936149
			62.9413961974099	-35.2726609936149
			62.9015850676202	-35.3124721234045
			62.8617739378306	-35.3124721234045
			62.821962808041	-35.3522832531942
			62.7821516782513	-35.3522832531942
			62.7423405484617	-35.3920943829838
			62.7025294186721	-35.3920943829838
			62.6627182888824	-35.4319055127734
			62.6229071590928	-35.4319055127734
			62.5830960293032	-35.4717166425631
			62.5432848995135	-35.4717166425631
			62.5034737697239	-35.5115277723527
			62.4636626399343	-35.5115277723527
			62.4238515101446	-35.5115277723527
			62.384040380355	-35.5513389021423
			62.3442292505654	-35.5513389021423
			62.3044181207757	-35.591150031932
			62.2646069909861	-35.591150031932
			62.2247958611965	-35.591150031932
			62.1849847314068	-35.6309611617216
			62.1451736016172	-35.6309611617216
			62.1053624718276	-35.6309611617216
			62.0655513420379	-35.6707722915112
			62.0257402122483	-35.6707722915112
			61.9859290824587	-35.6707722915112
			61.946117952669	-35.7105834213008
			61.9063068228794	-35.7105834213008
			61.8664956930898	-35.7503945510905
			61.8266845633001	-35.7503945510905
			61.7868734335105	-35.7503945510905
			61.7470623037209	-35.7902056808801
			61.7072511739312	-35.7902056808801
			61.6674400441416	-35.7902056808801
			61.627628914352	-35.7902056808801
			61.5878177845623	-35.7902056808801
			61.5480066547727	-35.8300168106697
			61.5081955249831	-35.8300168106697
			61.4683843951934	-35.8300168106697
			61.4285732654038	-35.8698279404594
			61.3887621356142	-35.8698279404594
			61.3489510058245	-35.8698279404594
			61.3091398760349	-35.8698279404594
			61.2693287462453	-35.8698279404594
			61.2295176164556	-35.909639070249
			61.189706486666	-35.909639070249
			61.1498953568764	-35.909639070249
			61.1100842270867	-35.909639070249
			61.0702730972971	-35.909639070249
			61.0304619675075	-35.9494502000386
			60.9906508377178	-35.9494502000386
			60.9508397079282	-35.9494502000386
			60.9110285781386	-35.9494502000386
			60.8712174483489	-35.9494502000386
			60.8314063185593	-35.9494502000386
			60.7915951887697	-35.9494502000386
			60.75178405898	-35.9494502000386
			60.7119729291904	-35.9494502000386
			60.6721617994008	-35.9494502000386
			60.6323506696111	-35.9494502000386
			60.5925395398215	-35.9494502000386
			60.5527284100319	-35.9494502000386
			60.5129172802422	-35.9494502000386
			60.4731061504526	-35.9494502000386
			60.433295020663	-35.9494502000386
			60.3934838908733	-35.9494502000386
			60.3536727610837	-35.9494502000386
			60.3138616312941	-35.9494502000386
			60.2740505015044	-35.9494502000386
			60.2342393717148	-35.9494502000386
			60.1944282419252	-35.9494502000386
			60.1546171121355	-35.9494502000386
			60.1148059823459	-35.909639070249
			60.0749948525563	-35.909639070249
			60.0351837227666	-35.909639070249
		</Opercle>
		<Preopercle type=matrix rownames=FALSE colnames=FALSE nrow=83 ncol=2 as.numeric=TRUE >
			61.1498953568764	-32.6849375572887
			61.1498953568764	-32.7247486870784
			61.1100842270867	-32.764559816868
			61.1100842270867	-32.8043709466576
			61.0702730972971	-32.8441820764473
			61.0702730972971	-32.8839932062369
			61.0702730972971	-32.9238043360265
			61.0304619675075	-32.9636154658162
			61.0304619675075	-33.0034265956058
			60.9906508377178	-33.0432377253954
			60.9906508377178	-33.0830488551851
			60.9906508377178	-33.1228599849747
			60.9508397079282	-33.1626711147643
			60.9508397079282	-33.202482244554
			60.9110285781386	-33.2422933743436
			60.9110285781386	-33.2821045041332
			60.9110285781386	-33.3219156339229
			60.8712174483489	-33.3617267637125
			60.8712174483489	-33.4015378935021
			60.8712174483489	-33.4413490232918
			60.8314063185593	-33.4413490232918
			60.8314063185593	-33.4811601530814
			60.8314063185593	-33.520971282871
			60.8314063185593	-33.5607824126607
			60.7915951887697	-33.6005935424503
			60.7915951887697	-33.6404046722399
			60.7915951887697	-33.6802158020296
			60.75178405898	-33.7200269318192
			60.75178405898	-33.7598380616088
			60.75178405898	-33.7996491913985
			60.7119729291904	-33.8394603211881
			60.7119729291904	-33.8792714509777
			60.7119729291904	-33.9190825807674
			60.6721617994008	-33.958893710557
			60.6721617994008	-33.9987048403466
			60.6721617994008	-34.0385159701363
			60.6323506696111	-34.0783270999259
			60.6323506696111	-34.1181382297155
			60.6323506696111	-34.1579493595052
			60.6323506696111	-34.1977604892948
			60.5925395398215	-34.2375716190844
			60.5925395398215	-34.2773827488741
			60.5925395398215	-34.3171938786637
			60.5527284100319	-34.3570050084533
			60.5527284100319	-34.396816138243
			60.5527284100319	-34.4366272680326
			60.5129172802422	-34.4764383978222
			60.5129172802422	-34.5162495276119
			60.5129172802422	-34.5560606574015
			60.5129172802422	-34.5958717871911
			60.4731061504526	-34.6356829169808
			60.4731061504526	-34.6754940467704
			60.4731061504526	-34.71530517656
			60.433295020663	-34.7551163063497
			60.433295020663	-34.7949274361393
			60.433295020663	-34.8347385659289
			60.3934838908733	-34.8745496957186
			60.3934838908733	-34.9143608255082
			60.3934838908733	-34.9541719552978
			60.3536727610837	-34.9939830850875
			60.3536727610837	-35.0337942148771
			60.3536727610837	-35.0736053446667
			60.3138616312941	-35.1134164744564
			60.3138616312941	-35.153227604246
			60.3138616312941	-35.1930387340356
			60.2740505015044	-35.2328498638253
			60.2740505015044	-35.2726609936149
			60.2740505015044	-35.3124721234045
			60.2342393717148	-35.3522832531942
			60.2342393717148	-35.3920943829838
			60.1944282419252	-35.4319055127734
			60.1944282419252	-35.4717166425631
			60.1944282419252	-35.5115277723527
			60.1546171121355	-35.5513389021423
			60.1546171121355	-35.591150031932
			60.1546171121355	-35.6309611617216
			60.1148059823459	-35.6707722915112
			60.1148059823459	-35.7105834213008
			60.0749948525563	-35.7503945510905
			60.0749948525563	-35.7902056808801
			60.0749948525563	-35.8300168106697
			60.0351837227666	-35.8698279404594
			60.0351837227666	-35.909639070249
		</Preopercle>
	</curves.scaled>
	<ruler.points type=matrix rownames=TRUE colnames=FALSE nrow=2 ncol=2 as.numeric=TRUE >
		Ruler point 1	1295	679
		Ruler point 2	1291	1317
	</ruler.points>
</shapes>

