<shapes type=list>
	<ruler.pixel type=vector names=FALSE length=1 as.numeric=TRUE >622.772028915879</ruler.pixel>
	<ruler.interval type=vector names=FALSE length=1 as.numeric=TRUE >25.4</ruler.interval>
	<scaling.units type=vector names=FALSE length=1 as.numeric=FALSE >mm</scaling.units>
	<scaling type=vector names=FALSE length=1 as.numeric=TRUE >0.040785389870859</scaling>
	<landmarks.pixel type=matrix rownames=TRUE colnames=FALSE nrow=12 ncol=2 as.numeric=TRUE >
		LM1	1371	761
		LM2	1759	654
		LM3	2053	757
		LM4	2056	885
		LM5	1952	899
		LM6	1865	949
		LM7	1596	866
		LM8	1602	925
		LM9	1573	771
		LM10	1441	864
		LM11	1495	786
		LM12	1471	707
	</landmarks.pixel>
	<landmarks.scaled type=matrix rownames=TRUE colnames=FALSE nrow=12 ncol=2 as.numeric=TRUE >
		LM1	55.9167695129477	-31.0376816917237
		LM2	71.741500782841	-26.6736449755418
		LM3	83.7324054048736	-30.8745401322403
		LM4	83.8547615744861	-36.0950700357102
		LM5	79.6130810279168	-36.6660654939023
		LM6	76.0647521091521	-38.7053349874452
		LM7	65.093482233891	-35.3201476281639
		LM8	65.3381945731162	-37.7264856305446
		LM9	64.1554182668612	-31.4455355904323
		LM10	58.7717468039079	-35.2385768484222
		LM11	60.9741578569342	-32.0573164384952
		LM12	59.9953085000336	-28.8352706386973
	</landmarks.scaled>
	<curves.control type=list>
		<Eye type=matrix rownames=FALSE colnames=FALSE nrow=9 ncol=2 as.numeric=TRUE >
			1471	707
			1516	722
			1485	764
			1441	801
			1422	767
			1408	749
			1425	728
			1448	706
			1471	707
		</Eye>
		<Head type=matrix rownames=FALSE colnames=FALSE nrow=11 ncol=2 as.numeric=TRUE >
			1371	761
			1401	729
			1445	713
			1480	697
			1523	696
			1567	680
			1616	669
			1653	661
			1699	655
			1728	651
			1759	654
		</Head>
		<Tail1 type=matrix rownames=FALSE colnames=FALSE nrow=9 ncol=2 as.numeric=TRUE >
			1759	654
			1774	669
			1807	688
			1844	701
			1891	715
			1935	727
			1973	739
			2014	749
			2053	757
		</Tail1>
		<End type=matrix rownames=FALSE colnames=FALSE nrow=11 ncol=2 as.numeric=TRUE >
			2053	757
			2099	748
			2105	773
			2100	802
			2109	817
			2102	830
			2113	861
			2107	889
			2079	879
			2067	882
			2056	885
		</End>
		<Tail2 type=matrix rownames=FALSE colnames=FALSE nrow=5 ncol=2 as.numeric=TRUE >
			2056	885
			2034	885
			2002	889
			1976	892
			1952	899
		</Tail2>
		<AnalFin type=matrix rownames=FALSE colnames=FALSE nrow=5 ncol=2 as.numeric=TRUE >
			1952	899
			1937	903
			1914	926
			1893	943
			1865	949
		</AnalFin>
		<Pectfin type=matrix rownames=FALSE colnames=FALSE nrow=3 ncol=2 as.numeric=TRUE >
			1596	866
			1609	892
			1602	925
		</Pectfin>
		<Opercle type=matrix rownames=FALSE colnames=FALSE nrow=9 ncol=2 as.numeric=TRUE >
			1573	771
			1585	854
			1575	853
			1566	881
			1528	896
			1495	909
			1468	900
			1444	886
			1441	864
		</Opercle>
		<Preopercle type=matrix rownames=FALSE colnames=FALSE nrow=5 ncol=2 as.numeric=TRUE >
			1495	786
			1476	832
			1465	842
			1464	865
			1441	864
		</Preopercle>
	</curves.control>
	<curves.pixel type=list>
		<Eye type=matrix rownames=FALSE colnames=FALSE nrow=229 ncol=2 as.numeric=TRUE >
			1471	707
			1472	708
			1473	708
			1474	708
			1475	708
			1476	709
			1477	709
			1478	710
			1479	710
			1480	711
			1481	711
			1482	711
			1482	712
			1483	712
			1484	713
			1485	713
			1485	714
			1486	714
			1487	715
			1488	715
			1488	716
			1489	716
			1489	717
			1490	717
			1491	718
			1492	719
			1493	720
			1493	721
			1494	722
			1495	723
			1495	724
			1495	725
			1496	725
			1496	726
			1496	727
			1497	728
			1497	729
			1497	730
			1497	731
			1498	732
			1498	733
			1498	734
			1498	735
			1498	736
			1498	737
			1497	737
			1497	738
			1497	739
			1497	740
			1497	741
			1496	742
			1496	743
			1496	744
			1496	745
			1495	746
			1495	747
			1494	748
			1494	749
			1494	750
			1493	751
			1493	752
			1492	753
			1491	754
			1491	755
			1490	756
			1490	757
			1489	758
			1488	759
			1488	760
			1487	761
			1486	762
			1486	763
			1485	764
			1484	765
			1483	766
			1482	767
			1481	767
			1480	768
			1479	768
			1479	769
			1478	770
			1477	770
			1476	771
			1475	772
			1474	772
			1473	773
			1472	774
			1471	774
			1470	775
			1469	776
			1468	776
			1467	777
			1466	777
			1465	778
			1464	779
			1463	779
			1462	779
			1461	780
			1460	780
			1459	781
			1458	781
			1457	781
			1456	782
			1455	782
			1454	782
			1453	782
			1452	783
			1451	783
			1450	783
			1449	783
			1448	783
			1447	783
			1446	783
			1445	783
			1444	783
			1443	783
			1442	783
			1441	783
			1440	783
			1439	782
			1438	782
			1437	782
			1437	781
			1436	781
			1435	781
			1434	780
			1433	780
			1432	779
			1431	778
			1430	777
			1429	776
			1428	776
			1427	775
			1427	774
			1426	773
			1425	772
			1424	771
			1424	770
			1423	769
			1423	768
			1422	767
			1421	766
			1421	765
			1420	764
			1420	763
			1419	763
			1419	762
			1418	761
			1418	760
			1417	759
			1417	758
			1417	757
			1416	756
			1416	755
			1416	754
			1416	753
			1416	752
			1416	751
			1416	750
			1416	749
			1416	748
			1416	747
			1416	746
			1416	745
			1416	744
			1417	743
			1417	742
			1417	741
			1418	740
			1418	739
			1418	738
			1419	737
			1419	736
			1420	735
			1421	734
			1421	733
			1422	732
			1422	731
			1423	731
			1423	730
			1424	729
			1425	729
			1425	728
			1426	727
			1427	726
			1428	725
			1429	724
			1430	723
			1431	723
			1432	722
			1433	721
			1434	720
			1435	720
			1436	719
			1437	718
			1438	718
			1439	717
			1440	716
			1441	715
			1442	715
			1443	714
			1444	714
			1445	713
			1446	713
			1447	712
			1448	712
			1449	711
			1450	711
			1451	710
			1452	710
			1453	710
			1454	709
			1455	709
			1456	709
			1457	709
			1458	708
			1459	708
			1460	708
			1461	708
			1462	708
			1463	707
			1464	707
			1465	707
			1466	707
			1467	707
			1468	707
			1469	707
			1470	707
			1471	707
		</Eye>
		<Head type=matrix rownames=FALSE colnames=FALSE nrow=399 ncol=2 as.numeric=TRUE >
			1371	761
			1372	760
			1372	759
			1373	759
			1374	758
			1375	757
			1375	756
			1376	756
			1377	755
			1378	754
			1379	753
			1380	752
			1381	751
			1382	750
			1383	749
			1384	749
			1385	748
			1386	747
			1387	746
			1388	745
			1389	744
			1390	744
			1391	743
			1392	742
			1393	741
			1394	741
			1395	740
			1396	739
			1397	738
			1398	737
			1399	737
			1400	736
			1401	735
			1402	735
			1403	734
			1404	733
			1405	732
			1406	732
			1407	731
			1408	731
			1409	730
			1410	729
			1411	729
			1412	728
			1413	728
			1414	727
			1415	727
			1416	726
			1417	725
			1418	725
			1419	724
			1420	724
			1421	723
			1422	723
			1423	722
			1424	722
			1425	721
			1426	721
			1427	720
			1428	720
			1429	719
			1430	719
			1431	719
			1431	718
			1432	718
			1433	718
			1434	717
			1435	717
			1436	716
			1437	716
			1438	716
			1439	715
			1440	715
			1441	714
			1442	714
			1443	714
			1444	713
			1445	713
			1446	713
			1447	712
			1448	712
			1449	711
			1450	711
			1451	710
			1452	710
			1453	710
			1454	709
			1455	709
			1456	709
			1457	708
			1458	708
			1459	707
			1460	707
			1461	707
			1462	706
			1463	706
			1464	706
			1465	705
			1466	705
			1467	705
			1468	704
			1469	704
			1470	704
			1471	703
			1472	703
			1473	703
			1474	703
			1475	702
			1476	702
			1477	702
			1478	702
			1479	701
			1480	701
			1481	701
			1482	701
			1483	701
			1483	700
			1484	700
			1485	700
			1486	700
			1487	700
			1488	700
			1489	699
			1490	699
			1491	699
			1492	699
			1493	699
			1494	699
			1495	698
			1496	698
			1497	698
			1498	698
			1499	698
			1500	698
			1501	698
			1502	697
			1503	697
			1504	697
			1505	697
			1506	697
			1507	697
			1508	697
			1509	697
			1510	697
			1511	697
			1512	696
			1513	696
			1514	696
			1515	696
			1516	696
			1517	696
			1518	696
			1519	696
			1520	696
			1521	696
			1522	696
			1523	696
			1524	696
			1525	695
			1526	695
			1527	695
			1528	694
			1529	694
			1530	694
			1531	693
			1532	693
			1533	693
			1534	692
			1535	692
			1536	691
			1537	691
			1538	691
			1539	690
			1540	690
			1541	690
			1542	690
			1542	689
			1543	689
			1544	689
			1545	688
			1546	688
			1547	688
			1548	687
			1549	687
			1550	687
			1551	686
			1552	686
			1553	686
			1554	686
			1555	685
			1556	685
			1557	685
			1558	684
			1559	684
			1560	684
			1561	683
			1562	683
			1563	683
			1564	682
			1565	682
			1566	682
			1567	682
			1568	681
			1569	681
			1570	681
			1571	680
			1572	680
			1573	680
			1574	680
			1575	679
			1576	679
			1577	679
			1578	678
			1579	678
			1580	678
			1581	678
			1582	677
			1583	677
			1584	677
			1585	677
			1585	676
			1586	676
			1587	676
			1588	676
			1589	676
			1590	675
			1591	675
			1592	675
			1593	675
			1593	674
			1594	674
			1595	674
			1596	674
			1597	673
			1598	673
			1599	673
			1600	673
			1601	673
			1602	672
			1603	672
			1604	672
			1605	671
			1606	671
			1607	671
			1608	671
			1609	671
			1610	670
			1611	670
			1612	670
			1613	670
			1614	669
			1615	669
			1616	669
			1617	669
			1618	669
			1619	668
			1620	668
			1621	668
			1622	668
			1623	668
			1623	667
			1624	667
			1625	667
			1626	667
			1627	667
			1628	667
			1629	666
			1630	666
			1631	666
			1632	666
			1633	665
			1634	665
			1635	665
			1636	665
			1637	665
			1638	664
			1639	664
			1640	664
			1641	664
			1642	664
			1643	664
			1644	663
			1645	663
			1646	663
			1647	663
			1648	663
			1649	663
			1650	662
			1651	662
			1652	662
			1653	662
			1654	662
			1655	662
			1656	661
			1657	661
			1658	661
			1659	661
			1660	661
			1661	661
			1662	660
			1663	660
			1664	660
			1665	660
			1666	660
			1667	660
			1668	659
			1669	659
			1670	659
			1671	659
			1672	659
			1673	659
			1674	659
			1675	658
			1676	658
			1677	658
			1678	658
			1679	658
			1680	658
			1681	657
			1682	657
			1683	657
			1684	657
			1685	657
			1686	657
			1687	657
			1688	657
			1688	656
			1689	656
			1690	656
			1691	656
			1692	656
			1693	656
			1694	656
			1695	656
			1696	655
			1697	655
			1698	655
			1699	655
			1700	655
			1701	655
			1702	655
			1703	654
			1704	654
			1705	654
			1706	654
			1707	654
			1708	654
			1709	654
			1710	654
			1711	654
			1712	654
			1713	654
			1713	653
			1714	653
			1715	653
			1716	653
			1717	653
			1718	653
			1719	653
			1720	653
			1721	653
			1722	653
			1723	653
			1724	653
			1725	653
			1726	653
			1727	653
			1728	653
			1729	653
			1730	653
			1731	653
			1732	653
			1733	653
			1734	653
			1735	653
			1736	653
			1737	653
			1738	653
			1739	653
			1740	653
			1741	653
			1742	653
			1743	653
			1744	653
			1745	653
			1746	653
			1747	653
			1748	653
			1749	653
			1750	653
			1751	653
			1752	653
			1753	653
			1754	654
			1755	654
			1756	654
			1757	654
			1758	654
			1759	654
		</Head>
		<Tail1 type=matrix rownames=FALSE colnames=FALSE nrow=306 ncol=2 as.numeric=TRUE >
			1759	654
			1760	655
			1761	656
			1762	657
			1763	658
			1764	659
			1765	660
			1766	661
			1767	661
			1768	662
			1769	663
			1770	664
			1771	665
			1772	665
			1773	666
			1774	667
			1775	668
			1776	668
			1777	669
			1778	670
			1779	671
			1780	671
			1781	672
			1782	672
			1782	673
			1783	673
			1784	674
			1785	674
			1785	675
			1786	675
			1787	676
			1788	676
			1789	677
			1790	678
			1791	678
			1792	679
			1793	680
			1794	680
			1795	681
			1796	682
			1797	682
			1798	683
			1799	683
			1800	684
			1801	684
			1802	685
			1803	685
			1803	686
			1804	686
			1805	687
			1806	687
			1807	688
			1808	688
			1809	689
			1810	689
			1811	689
			1812	690
			1813	690
			1814	690
			1815	691
			1816	691
			1817	692
			1818	692
			1819	692
			1820	693
			1821	693
			1822	693
			1823	693
			1823	694
			1824	694
			1825	694
			1826	695
			1827	695
			1828	695
			1829	695
			1830	696
			1831	696
			1832	697
			1833	697
			1834	697
			1835	698
			1836	698
			1837	698
			1838	698
			1839	699
			1840	699
			1841	699
			1842	700
			1843	700
			1844	700
			1845	701
			1846	701
			1847	701
			1848	702
			1849	702
			1850	702
			1851	703
			1852	703
			1853	703
			1854	704
			1855	704
			1856	704
			1857	705
			1858	705
			1859	705
			1860	705
			1861	706
			1862	706
			1863	706
			1864	707
			1865	707
			1866	707
			1867	708
			1868	708
			1869	708
			1870	709
			1871	709
			1872	709
			1873	710
			1874	710
			1875	710
			1876	710
			1877	711
			1878	711
			1879	711
			1880	712
			1881	712
			1882	712
			1883	713
			1884	713
			1885	713
			1886	713
			1887	714
			1888	714
			1889	714
			1890	715
			1891	715
			1892	715
			1893	715
			1893	716
			1894	716
			1895	716
			1896	716
			1897	717
			1898	717
			1899	717
			1900	717
			1901	718
			1902	718
			1903	718
			1904	719
			1905	719
			1906	719
			1907	719
			1908	720
			1909	720
			1910	720
			1911	721
			1912	721
			1913	721
			1914	721
			1915	722
			1916	722
			1917	722
			1918	722
			1918	723
			1919	723
			1920	723
			1921	723
			1922	724
			1923	724
			1924	724
			1925	724
			1926	725
			1927	725
			1928	726
			1929	726
			1930	726
			1931	726
			1932	726
			1932	727
			1933	727
			1934	727
			1935	727
			1936	728
			1937	728
			1938	728
			1939	729
			1940	729
			1941	729
			1942	729
			1943	730
			1944	730
			1945	730
			1945	731
			1946	731
			1947	731
			1948	731
			1949	732
			1950	732
			1951	732
			1952	732
			1952	733
			1953	733
			1954	733
			1955	733
			1956	734
			1957	734
			1958	734
			1959	735
			1960	735
			1961	735
			1962	736
			1963	736
			1964	736
			1965	737
			1966	737
			1967	737
			1968	737
			1968	738
			1969	738
			1970	738
			1971	738
			1972	739
			1973	739
			1974	739
			1975	740
			1976	740
			1977	740
			1978	740
			1979	740
			1980	741
			1981	741
			1982	741
			1983	741
			1984	742
			1985	742
			1986	742
			1987	742
			1988	743
			1989	743
			1990	743
			1991	743
			1992	744
			1993	744
			1994	744
			1995	744
			1996	744
			1997	745
			1998	745
			1999	745
			2000	745
			2001	746
			2002	746
			2003	746
			2004	746
			2005	747
			2006	747
			2007	747
			2008	747
			2009	747
			2010	748
			2011	748
			2012	748
			2013	748
			2014	749
			2015	749
			2016	749
			2017	749
			2018	749
			2018	750
			2019	750
			2020	750
			2021	750
			2022	750
			2023	751
			2024	751
			2025	751
			2026	751
			2027	752
			2028	752
			2029	752
			2030	752
			2031	752
			2032	753
			2033	753
			2034	753
			2035	753
			2036	753
			2037	754
			2038	754
			2039	754
			2040	754
			2041	754
			2042	755
			2043	755
			2044	755
			2045	755
			2046	756
			2047	756
			2048	756
			2049	756
			2050	756
			2051	757
			2052	757
			2053	757
		</Tail1>
		<End type=matrix rownames=FALSE colnames=FALSE nrow=218 ncol=2 as.numeric=TRUE >
			2053	757
			2054	757
			2055	757
			2056	756
			2057	756
			2058	756
			2059	756
			2060	756
			2061	756
			2062	755
			2063	755
			2064	755
			2065	755
			2066	755
			2067	755
			2068	755
			2069	755
			2070	755
			2071	755
			2072	755
			2073	755
			2074	755
			2075	755
			2076	755
			2077	755
			2078	755
			2079	755
			2080	755
			2081	755
			2082	755
			2083	755
			2084	755
			2085	756
			2086	756
			2087	756
			2088	756
			2089	756
			2090	757
			2091	757
			2092	758
			2093	758
			2094	759
			2095	759
			2096	760
			2097	760
			2097	761
			2098	761
			2099	762
			2099	763
			2100	763
			2101	764
			2101	765
			2102	766
			2103	767
			2103	768
			2104	769
			2104	770
			2105	771
			2105	772
			2105	773
			2105	774
			2105	775
			2104	776
			2104	777
			2104	778
			2104	779
			2104	780
			2104	781
			2104	782
			2104	783
			2104	784
			2103	785
			2103	786
			2103	787
			2103	788
			2103	789
			2103	790
			2103	791
			2103	792
			2103	793
			2103	794
			2103	795
			2103	796
			2103	797
			2103	798
			2104	799
			2104	800
			2104	801
			2104	802
			2104	803
			2104	804
			2105	805
			2105	806
			2105	807
			2105	808
			2106	809
			2106	810
			2106	811
			2106	812
			2107	813
			2107	814
			2108	814
			2108	815
			2108	816
			2109	817
			2108	818
			2108	819
			2108	820
			2107	821
			2107	822
			2107	823
			2107	824
			2107	825
			2106	826
			2106	827
			2106	828
			2106	829
			2106	830
			2106	831
			2106	832
			2106	833
			2106	834
			2107	835
			2107	836
			2107	837
			2107	838
			2107	839
			2107	840
			2107	841
			2108	842
			2108	843
			2108	844
			2108	845
			2108	846
			2109	846
			2109	847
			2109	848
			2109	849
			2110	850
			2110	851
			2110	852
			2110	853
			2111	854
			2111	855
			2111	856
			2112	857
			2112	858
			2112	859
			2113	860
			2113	861
			2113	862
			2112	863
			2112	864
			2112	865
			2112	866
			2111	867
			2111	868
			2111	869
			2110	870
			2109	871
			2109	872
			2108	873
			2108	874
			2107	874
			2107	875
			2106	876
			2106	877
			2105	877
			2104	878
			2103	879
			2102	879
			2101	880
			2100	880
			2099	881
			2098	881
			2097	881
			2096	881
			2095	881
			2094	882
			2093	882
			2092	882
			2091	882
			2090	882
			2089	881
			2088	881
			2087	881
			2086	881
			2085	881
			2084	881
			2083	880
			2082	880
			2081	880
			2080	879
			2079	879
			2078	879
			2077	880
			2076	880
			2075	880
			2074	880
			2073	881
			2072	881
			2071	881
			2070	881
			2069	881
			2069	882
			2068	882
			2067	882
			2066	882
			2065	883
			2064	883
			2063	883
			2062	883
			2061	884
			2060	884
			2059	884
			2058	884
			2057	885
			2056	885
		</End>
		<Tail2 type=matrix rownames=FALSE colnames=FALSE nrow=106 ncol=2 as.numeric=TRUE >
			2056	885
			2055	885
			2054	885
			2053	885
			2052	885
			2051	885
			2050	885
			2049	885
			2048	885
			2047	885
			2046	885
			2045	885
			2044	885
			2043	885
			2042	885
			2041	885
			2040	885
			2039	886
			2038	886
			2037	886
			2036	886
			2035	886
			2034	886
			2033	886
			2032	886
			2031	886
			2030	886
			2029	886
			2028	886
			2027	886
			2026	886
			2025	887
			2024	887
			2023	887
			2022	887
			2021	887
			2020	887
			2019	887
			2018	887
			2017	887
			2016	887
			2015	888
			2014	888
			2013	888
			2012	888
			2011	888
			2010	888
			2009	888
			2008	888
			2007	888
			2006	889
			2005	889
			2004	889
			2003	889
			2002	889
			2001	889
			2000	889
			1999	889
			1998	890
			1997	890
			1996	890
			1995	890
			1994	890
			1993	890
			1992	890
			1991	890
			1990	891
			1989	891
			1988	891
			1987	891
			1986	891
			1985	891
			1984	892
			1983	892
			1982	892
			1981	892
			1980	892
			1979	893
			1978	893
			1977	893
			1976	893
			1975	893
			1974	894
			1973	894
			1972	894
			1971	894
			1970	894
			1969	895
			1968	895
			1967	895
			1966	895
			1965	895
			1965	896
			1964	896
			1963	896
			1962	896
			1961	897
			1960	897
			1959	897
			1958	897
			1957	898
			1956	898
			1955	898
			1954	898
			1953	899
			1952	899
		</Tail2>
		<AnalFin type=matrix rownames=FALSE colnames=FALSE nrow=92 ncol=2 as.numeric=TRUE >
			1952	899
			1951	899
			1950	900
			1949	900
			1948	900
			1947	901
			1946	901
			1945	901
			1945	902
			1944	902
			1943	903
			1942	903
			1941	904
			1940	905
			1939	905
			1938	906
			1937	907
			1936	907
			1935	908
			1934	908
			1933	909
			1932	910
			1931	911
			1930	911
			1929	912
			1929	913
			1928	913
			1927	914
			1926	915
			1925	915
			1924	916
			1924	917
			1923	918
			1922	919
			1921	919
			1920	920
			1919	921
			1918	922
			1917	923
			1916	924
			1915	925
			1914	926
			1913	927
			1912	928
			1911	928
			1910	929
			1909	930
			1908	931
			1907	931
			1906	932
			1905	932
			1905	933
			1904	933
			1903	934
			1902	934
			1901	935
			1900	936
			1899	936
			1898	937
			1897	937
			1896	938
			1895	939
			1894	939
			1893	940
			1892	940
			1891	941
			1890	941
			1889	941
			1888	942
			1887	942
			1886	943
			1885	943
			1884	943
			1883	944
			1882	944
			1881	945
			1880	945
			1879	945
			1878	946
			1877	946
			1876	946
			1875	946
			1874	947
			1873	947
			1872	947
			1871	948
			1870	948
			1869	948
			1868	948
			1867	949
			1866	949
			1865	949
		</AnalFin>
		<Pectfin type=matrix rownames=FALSE colnames=FALSE nrow=61 ncol=2 as.numeric=TRUE >
			1596	866
			1596	867
			1597	868
			1597	869
			1598	869
			1598	870
			1598	871
			1599	872
			1599	873
			1599	874
			1600	875
			1600	876
			1600	877
			1601	878
			1601	879
			1602	880
			1602	881
			1602	882
			1602	883
			1603	884
			1603	885
			1603	886
			1603	887
			1603	888
			1603	889
			1604	890
			1604	891
			1604	892
			1604	893
			1604	894
			1604	895
			1604	896
			1604	897
			1604	898
			1604	899
			1604	900
			1604	901
			1604	902
			1604	903
			1604	904
			1604	905
			1604	906
			1604	907
			1604	908
			1604	909
			1604	910
			1604	911
			1604	912
			1604	913
			1604	914
			1604	915
			1604	916
			1603	917
			1603	918
			1603	919
			1603	920
			1603	921
			1603	922
			1602	923
			1602	924
			1602	925
		</Pectfin>
		<Opercle type=matrix rownames=FALSE colnames=FALSE nrow=255 ncol=2 as.numeric=TRUE >
			1573	771
			1573	772
			1573	773
			1573	774
			1574	775
			1574	776
			1574	777
			1574	778
			1574	779
			1574	780
			1574	781
			1575	782
			1575	783
			1575	784
			1575	785
			1575	786
			1575	787
			1575	788
			1576	789
			1576	790
			1576	791
			1576	792
			1576	793
			1576	794
			1576	795
			1576	796
			1576	797
			1577	798
			1577	799
			1577	800
			1577	801
			1577	802
			1577	803
			1577	804
			1577	805
			1578	806
			1578	807
			1578	808
			1578	809
			1578	810
			1578	811
			1578	812
			1578	813
			1578	814
			1578	815
			1578	816
			1579	817
			1579	818
			1579	819
			1579	820
			1579	821
			1579	822
			1579	823
			1579	824
			1579	825
			1579	826
			1579	827
			1579	828
			1579	829
			1579	830
			1579	831
			1579	832
			1580	833
			1580	834
			1580	835
			1580	836
			1580	837
			1580	838
			1580	839
			1580	840
			1579	840
			1579	841
			1579	842
			1579	843
			1579	844
			1579	845
			1579	846
			1579	847
			1579	848
			1578	849
			1578	850
			1578	851
			1577	851
			1577	852
			1576	853
			1575	854
			1574	855
			1574	856
			1573	857
			1573	858
			1573	859
			1572	859
			1572	860
			1572	861
			1571	861
			1571	862
			1571	863
			1570	863
			1570	864
			1570	865
			1569	865
			1569	866
			1568	867
			1567	868
			1566	869
			1566	870
			1565	871
			1565	872
			1564	872
			1563	873
			1563	874
			1562	874
			1562	875
			1561	876
			1560	876
			1560	877
			1559	878
			1558	878
			1557	879
			1557	880
			1556	880
			1555	881
			1554	881
			1554	882
			1553	883
			1552	883
			1551	884
			1550	884
			1550	885
			1549	885
			1548	886
			1547	887
			1546	887
			1545	888
			1544	888
			1543	889
			1542	889
			1541	890
			1540	890
			1539	891
			1538	891
			1537	892
			1536	892
			1535	893
			1534	893
			1533	894
			1532	894
			1531	895
			1530	895
			1529	896
			1528	896
			1527	896
			1526	897
			1525	897
			1524	898
			1523	898
			1522	898
			1521	899
			1520	899
			1519	899
			1518	899
			1517	900
			1516	900
			1515	900
			1514	901
			1513	901
			1512	901
			1511	901
			1510	901
			1510	902
			1509	902
			1508	902
			1507	902
			1506	902
			1505	903
			1504	903
			1503	903
			1502	903
			1501	903
			1500	903
			1499	903
			1498	903
			1497	903
			1496	904
			1495	904
			1494	904
			1493	904
			1492	904
			1491	904
			1490	904
			1489	904
			1488	904
			1487	904
			1486	904
			1485	903
			1484	903
			1483	903
			1482	903
			1481	903
			1480	903
			1479	903
			1478	903
			1478	902
			1477	902
			1476	902
			1475	902
			1474	902
			1473	901
			1472	901
			1471	901
			1470	901
			1469	900
			1468	900
			1467	899
			1466	899
			1465	898
			1464	897
			1463	897
			1462	896
			1461	895
			1460	895
			1459	894
			1458	893
			1457	892
			1456	891
			1455	891
			1455	890
			1454	889
			1453	888
			1452	888
			1452	887
			1451	886
			1450	885
			1450	884
			1449	884
			1448	883
			1448	882
			1447	881
			1447	880
			1446	879
			1446	878
			1445	877
			1444	876
			1444	875
			1444	874
			1443	873
			1443	872
			1442	871
			1442	870
			1442	869
			1442	868
			1442	867
			1441	866
			1441	865
			1441	864
		</Opercle>
		<Preopercle type=matrix rownames=FALSE colnames=FALSE nrow=97 ncol=2 as.numeric=TRUE >
			1495	786
			1495	787
			1494	788
			1494	789
			1493	790
			1493	791
			1492	792
			1492	793
			1491	794
			1491	795
			1491	796
			1490	797
			1490	798
			1489	799
			1489	800
			1488	801
			1488	802
			1488	803
			1487	804
			1487	805
			1486	806
			1486	807
			1486	808
			1485	808
			1485	809
			1484	810
			1484	811
			1484	812
			1483	813
			1482	814
			1482	815
			1482	816
			1481	817
			1481	818
			1480	819
			1480	820
			1479	820
			1479	821
			1478	822
			1478	823
			1478	824
			1477	824
			1477	825
			1476	826
			1476	827
			1475	828
			1474	829
			1474	830
			1473	831
			1473	832
			1472	833
			1472	834
			1471	835
			1470	836
			1469	837
			1469	838
			1468	838
			1468	839
			1467	840
			1466	841
			1465	842
			1465	843
			1465	844
			1465	845
			1465	846
			1464	847
			1464	848
			1464	849
			1464	850
			1464	851
			1463	852
			1463	853
			1462	854
			1462	855
			1461	856
			1461	857
			1460	857
			1459	858
			1459	859
			1458	860
			1457	860
			1456	861
			1455	862
			1454	862
			1453	862
			1452	863
			1451	863
			1450	863
			1449	864
			1448	864
			1447	864
			1446	864
			1445	864
			1444	864
			1443	864
			1442	864
			1441	864
		</Preopercle>
	</curves.pixel>
	<curves.scaled type=list>
		<Eye type=matrix rownames=FALSE colnames=FALSE nrow=229 ncol=2 as.numeric=TRUE >
			59.9953085000336	-28.8352706386973
			60.0360938899045	-28.8760560285682
			60.0768792797753	-28.8760560285682
			60.1176646696462	-28.8760560285682
			60.1584500595171	-28.8760560285682
			60.1992354493879	-28.916841418439
			60.2400208392588	-28.916841418439
			60.2808062291296	-28.9576268083099
			60.3215916190005	-28.9576268083099
			60.3623770088714	-28.9984121981808
			60.4031623987422	-28.9984121981808
			60.4439477886131	-28.9984121981808
			60.4439477886131	-29.0391975880516
			60.4847331784839	-29.0391975880516
			60.5255185683548	-29.0799829779225
			60.5663039582256	-29.0799829779225
			60.5663039582256	-29.1207683677933
			60.6070893480965	-29.1207683677933
			60.6478747379674	-29.1615537576642
			60.6886601278382	-29.1615537576642
			60.6886601278382	-29.2023391475351
			60.7294455177091	-29.2023391475351
			60.7294455177091	-29.2431245374059
			60.7702309075799	-29.2431245374059
			60.8110162974508	-29.2839099272768
			60.8518016873217	-29.3246953171476
			60.8925870771925	-29.3654807070185
			60.8925870771925	-29.4062660968894
			60.9333724670634	-29.4470514867602
			60.9741578569342	-29.4878368766311
			60.9741578569342	-29.5286222665019
			60.9741578569342	-29.5694076563728
			61.0149432468051	-29.5694076563728
			61.0149432468051	-29.6101930462437
			61.0149432468051	-29.6509784361145
			61.055728636676	-29.6917638259854
			61.055728636676	-29.7325492158562
			61.055728636676	-29.7733346057271
			61.055728636676	-29.8141199955979
			61.0965140265468	-29.8549053854688
			61.0965140265468	-29.8956907753397
			61.0965140265468	-29.9364761652105
			61.0965140265468	-29.9772615550814
			61.0965140265468	-30.0180469449522
			61.0965140265468	-30.0588323348231
			61.055728636676	-30.0588323348231
			61.055728636676	-30.099617724694
			61.055728636676	-30.1404031145648
			61.055728636676	-30.1811885044357
			61.055728636676	-30.2219738943065
			61.0149432468051	-30.2627592841774
			61.0149432468051	-30.3035446740483
			61.0149432468051	-30.3443300639191
			61.0149432468051	-30.38511545379
			60.9741578569342	-30.4259008436608
			60.9741578569342	-30.4666862335317
			60.9333724670634	-30.5074716234025
			60.9333724670634	-30.5482570132734
			60.9333724670634	-30.5890424031443
			60.8925870771925	-30.6298277930151
			60.8925870771925	-30.670613182886
			60.8518016873217	-30.7113985727568
			60.8110162974508	-30.7521839626277
			60.8110162974508	-30.7929693524986
			60.7702309075799	-30.8337547423694
			60.7702309075799	-30.8745401322403
			60.7294455177091	-30.9153255221111
			60.6886601278382	-30.956110911982
			60.6886601278382	-30.9968963018529
			60.6478747379674	-31.0376816917237
			60.6070893480965	-31.0784670815946
			60.6070893480965	-31.1192524714654
			60.5663039582256	-31.1600378613363
			60.5255185683548	-31.2008232512072
			60.4847331784839	-31.241608641078
			60.4439477886131	-31.2823940309489
			60.4031623987422	-31.2823940309489
			60.3623770088714	-31.3231794208197
			60.3215916190005	-31.3231794208197
			60.3215916190005	-31.3639648106906
			60.2808062291296	-31.4047502005614
			60.2400208392588	-31.4047502005614
			60.1992354493879	-31.4455355904323
			60.1584500595171	-31.4863209803032
			60.1176646696462	-31.4863209803032
			60.0768792797753	-31.527106370174
			60.0360938899045	-31.5678917600449
			59.9953085000336	-31.5678917600449
			59.9545231101628	-31.6086771499157
			59.9137377202919	-31.6494625397866
			59.872952330421	-31.6494625397866
			59.8321669405502	-31.6902479296575
			59.7913815506793	-31.6902479296575
			59.7505961608085	-31.7310333195283
			59.7098107709376	-31.7718187093992
			59.6690253810668	-31.7718187093992
			59.6282399911959	-31.7718187093992
			59.587454601325	-31.81260409927
			59.5466692114542	-31.81260409927
			59.5058838215833	-31.8533894891409
			59.4650984317125	-31.8533894891409
			59.4243130418416	-31.8533894891409
			59.3835276519707	-31.8941748790118
			59.3427422620999	-31.8941748790118
			59.301956872229	-31.8941748790118
			59.2611714823582	-31.8941748790118
			59.2203860924873	-31.9349602688826
			59.1796007026164	-31.9349602688826
			59.1388153127456	-31.9349602688826
			59.0980299228747	-31.9349602688826
			59.0572445330039	-31.9349602688826
			59.016459143133	-31.9349602688826
			58.9756737532621	-31.9349602688826
			58.9348883633913	-31.9349602688826
			58.8941029735204	-31.9349602688826
			58.8533175836496	-31.9349602688826
			58.8125321937787	-31.9349602688826
			58.7717468039079	-31.9349602688826
			58.730961414037	-31.9349602688826
			58.6901760241661	-31.8941748790118
			58.6493906342953	-31.8941748790118
			58.6086052444244	-31.8941748790118
			58.6086052444244	-31.8533894891409
			58.5678198545536	-31.8533894891409
			58.5270344646827	-31.8533894891409
			58.4862490748118	-31.81260409927
			58.445463684941	-31.81260409927
			58.4046782950701	-31.7718187093992
			58.3638929051993	-31.7310333195283
			58.3231075153284	-31.6902479296575
			58.2823221254575	-31.6494625397866
			58.2415367355867	-31.6494625397866
			58.2007513457158	-31.6086771499157
			58.2007513457158	-31.5678917600449
			58.159965955845	-31.527106370174
			58.1191805659741	-31.4863209803032
			58.0783951761032	-31.4455355904323
			58.0783951761032	-31.4047502005614
			58.0376097862324	-31.3639648106906
			58.0376097862324	-31.3231794208197
			57.9968243963615	-31.2823940309489
			57.9560390064907	-31.241608641078
			57.9560390064907	-31.2008232512072
			57.9152536166198	-31.1600378613363
			57.9152536166198	-31.1192524714654
			57.874468226749	-31.1192524714654
			57.874468226749	-31.0784670815946
			57.8336828368781	-31.0376816917237
			57.8336828368781	-30.9968963018529
			57.7928974470072	-30.956110911982
			57.7928974470072	-30.9153255221111
			57.7928974470072	-30.8745401322403
			57.7521120571364	-30.8337547423694
			57.7521120571364	-30.7929693524986
			57.7521120571364	-30.7521839626277
			57.7521120571364	-30.7113985727568
			57.7521120571364	-30.670613182886
			57.7521120571364	-30.6298277930151
			57.7521120571364	-30.5890424031443
			57.7521120571364	-30.5482570132734
			57.7521120571364	-30.5074716234025
			57.7521120571364	-30.4666862335317
			57.7521120571364	-30.4259008436608
			57.7521120571364	-30.38511545379
			57.7521120571364	-30.3443300639191
			57.7928974470072	-30.3035446740483
			57.7928974470072	-30.2627592841774
			57.7928974470072	-30.2219738943065
			57.8336828368781	-30.1811885044357
			57.8336828368781	-30.1404031145648
			57.8336828368781	-30.099617724694
			57.874468226749	-30.0588323348231
			57.874468226749	-30.0180469449522
			57.9152536166198	-29.9772615550814
			57.9560390064907	-29.9364761652105
			57.9560390064907	-29.8956907753397
			57.9968243963615	-29.8549053854688
			57.9968243963615	-29.8141199955979
			58.0376097862324	-29.8141199955979
			58.0376097862324	-29.7733346057271
			58.0783951761032	-29.7325492158562
			58.1191805659741	-29.7325492158562
			58.1191805659741	-29.6917638259854
			58.159965955845	-29.6509784361145
			58.2007513457158	-29.6101930462437
			58.2415367355867	-29.5694076563728
			58.2823221254575	-29.5286222665019
			58.3231075153284	-29.4878368766311
			58.3638929051993	-29.4878368766311
			58.4046782950701	-29.4470514867602
			58.445463684941	-29.4062660968894
			58.4862490748118	-29.3654807070185
			58.5270344646827	-29.3654807070185
			58.5678198545536	-29.3246953171476
			58.6086052444244	-29.2839099272768
			58.6493906342953	-29.2839099272768
			58.6901760241661	-29.2431245374059
			58.730961414037	-29.2023391475351
			58.7717468039079	-29.1615537576642
			58.8125321937787	-29.1615537576642
			58.8533175836496	-29.1207683677933
			58.8941029735204	-29.1207683677933
			58.9348883633913	-29.0799829779225
			58.9756737532621	-29.0799829779225
			59.016459143133	-29.0391975880516
			59.0572445330039	-29.0391975880516
			59.0980299228747	-28.9984121981808
			59.1388153127456	-28.9984121981808
			59.1796007026164	-28.9576268083099
			59.2203860924873	-28.9576268083099
			59.2611714823582	-28.9576268083099
			59.301956872229	-28.916841418439
			59.3427422620999	-28.916841418439
			59.3835276519707	-28.916841418439
			59.4243130418416	-28.916841418439
			59.4650984317125	-28.8760560285682
			59.5058838215833	-28.8760560285682
			59.5466692114542	-28.8760560285682
			59.587454601325	-28.8760560285682
			59.6282399911959	-28.8760560285682
			59.6690253810668	-28.8352706386973
			59.7098107709376	-28.8352706386973
			59.7505961608085	-28.8352706386973
			59.7913815506793	-28.8352706386973
			59.8321669405502	-28.8352706386973
			59.872952330421	-28.8352706386973
			59.9137377202919	-28.8352706386973
			59.9545231101628	-28.8352706386973
			59.9953085000336	-28.8352706386973
		</Eye>
		<Head type=matrix rownames=FALSE colnames=FALSE nrow=399 ncol=2 as.numeric=TRUE >
			55.9167695129477	-31.0376816917237
			55.9575549028186	-30.9968963018529
			55.9575549028186	-30.956110911982
			55.9983402926894	-30.956110911982
			56.0391256825603	-30.9153255221111
			56.0799110724312	-30.8745401322403
			56.0799110724312	-30.8337547423694
			56.120696462302	-30.8337547423694
			56.1614818521729	-30.7929693524986
			56.2022672420437	-30.7521839626277
			56.2430526319146	-30.7113985727568
			56.2838380217854	-30.670613182886
			56.3246234116563	-30.6298277930151
			56.3654088015272	-30.5890424031443
			56.406194191398	-30.5482570132734
			56.4469795812689	-30.5482570132734
			56.4877649711397	-30.5074716234025
			56.5285503610106	-30.4666862335317
			56.5693357508815	-30.4259008436608
			56.6101211407523	-30.38511545379
			56.6509065306232	-30.3443300639191
			56.691691920494	-30.3443300639191
			56.7324773103649	-30.3035446740483
			56.7732627002358	-30.2627592841774
			56.8140480901066	-30.2219738943065
			56.8548334799775	-30.2219738943065
			56.8956188698483	-30.1811885044357
			56.9364042597192	-30.1404031145648
			56.9771896495901	-30.099617724694
			57.0179750394609	-30.0588323348231
			57.0587604293318	-30.0588323348231
			57.0995458192026	-30.0180469449522
			57.1403312090735	-29.9772615550814
			57.1811165989443	-29.9772615550814
			57.2219019888152	-29.9364761652105
			57.2626873786861	-29.8956907753397
			57.3034727685569	-29.8549053854688
			57.3442581584278	-29.8549053854688
			57.3850435482986	-29.8141199955979
			57.4258289381695	-29.8141199955979
			57.4666143280404	-29.7733346057271
			57.5073997179112	-29.7325492158562
			57.5481851077821	-29.7325492158562
			57.5889704976529	-29.6917638259854
			57.6297558875238	-29.6917638259854
			57.6705412773947	-29.6509784361145
			57.7113266672655	-29.6509784361145
			57.7521120571364	-29.6101930462437
			57.7928974470072	-29.5694076563728
			57.8336828368781	-29.5694076563728
			57.874468226749	-29.5286222665019
			57.9152536166198	-29.5286222665019
			57.9560390064907	-29.4878368766311
			57.9968243963615	-29.4878368766311
			58.0376097862324	-29.4470514867602
			58.0783951761032	-29.4470514867602
			58.1191805659741	-29.4062660968894
			58.159965955845	-29.4062660968894
			58.2007513457158	-29.3654807070185
			58.2415367355867	-29.3654807070185
			58.2823221254575	-29.3246953171476
			58.3231075153284	-29.3246953171476
			58.3638929051993	-29.3246953171476
			58.3638929051993	-29.2839099272768
			58.4046782950701	-29.2839099272768
			58.445463684941	-29.2839099272768
			58.4862490748118	-29.2431245374059
			58.5270344646827	-29.2431245374059
			58.5678198545536	-29.2023391475351
			58.6086052444244	-29.2023391475351
			58.6493906342953	-29.2023391475351
			58.6901760241661	-29.1615537576642
			58.730961414037	-29.1615537576642
			58.7717468039079	-29.1207683677933
			58.8125321937787	-29.1207683677933
			58.8533175836496	-29.1207683677933
			58.8941029735204	-29.0799829779225
			58.9348883633913	-29.0799829779225
			58.9756737532621	-29.0799829779225
			59.016459143133	-29.0391975880516
			59.0572445330039	-29.0391975880516
			59.0980299228747	-28.9984121981808
			59.1388153127456	-28.9984121981808
			59.1796007026164	-28.9576268083099
			59.2203860924873	-28.9576268083099
			59.2611714823582	-28.9576268083099
			59.301956872229	-28.916841418439
			59.3427422620999	-28.916841418439
			59.3835276519707	-28.916841418439
			59.4243130418416	-28.8760560285682
			59.4650984317125	-28.8760560285682
			59.5058838215833	-28.8352706386973
			59.5466692114542	-28.8352706386973
			59.587454601325	-28.8352706386973
			59.6282399911959	-28.7944852488265
			59.6690253810668	-28.7944852488265
			59.7098107709376	-28.7944852488265
			59.7505961608085	-28.7536998589556
			59.7913815506793	-28.7536998589556
			59.8321669405502	-28.7536998589556
			59.872952330421	-28.7129144690848
			59.9137377202919	-28.7129144690848
			59.9545231101628	-28.7129144690848
			59.9953085000336	-28.6721290792139
			60.0360938899045	-28.6721290792139
			60.0768792797753	-28.6721290792139
			60.1176646696462	-28.6721290792139
			60.1584500595171	-28.631343689343
			60.1992354493879	-28.631343689343
			60.2400208392588	-28.631343689343
			60.2808062291296	-28.631343689343
			60.3215916190005	-28.5905582994722
			60.3623770088714	-28.5905582994722
			60.4031623987422	-28.5905582994722
			60.4439477886131	-28.5905582994722
			60.4847331784839	-28.5905582994722
			60.4847331784839	-28.5497729096013
			60.5255185683548	-28.5497729096013
			60.5663039582256	-28.5497729096013
			60.6070893480965	-28.5497729096013
			60.6478747379674	-28.5497729096013
			60.6886601278382	-28.5497729096013
			60.7294455177091	-28.5089875197305
			60.7702309075799	-28.5089875197305
			60.8110162974508	-28.5089875197305
			60.8518016873217	-28.5089875197305
			60.8925870771925	-28.5089875197305
			60.9333724670634	-28.5089875197305
			60.9741578569342	-28.4682021298596
			61.0149432468051	-28.4682021298596
			61.055728636676	-28.4682021298596
			61.0965140265468	-28.4682021298596
			61.1372994164177	-28.4682021298596
			61.1780848062885	-28.4682021298596
			61.2188701961594	-28.4682021298596
			61.2596555860302	-28.4274167399887
			61.3004409759011	-28.4274167399887
			61.341226365772	-28.4274167399887
			61.3820117556428	-28.4274167399887
			61.4227971455137	-28.4274167399887
			61.4635825353845	-28.4274167399887
			61.5043679252554	-28.4274167399887
			61.5451533151263	-28.4274167399887
			61.5859387049971	-28.4274167399887
			61.626724094868	-28.4274167399887
			61.6675094847388	-28.3866313501179
			61.7082948746097	-28.3866313501179
			61.7490802644806	-28.3866313501179
			61.7898656543514	-28.3866313501179
			61.8306510442223	-28.3866313501179
			61.8714364340931	-28.3866313501179
			61.912221823964	-28.3866313501179
			61.9530072138349	-28.3866313501179
			61.9937926037057	-28.3866313501179
			62.0345779935766	-28.3866313501179
			62.0753633834474	-28.3866313501179
			62.1161487733183	-28.3866313501179
			62.1569341631891	-28.3866313501179
			62.19771955306	-28.345845960247
			62.2385049429309	-28.345845960247
			62.2792903328017	-28.345845960247
			62.3200757226726	-28.3050605703762
			62.3608611125434	-28.3050605703762
			62.4016465024143	-28.3050605703762
			62.4424318922852	-28.2642751805053
			62.483217282156	-28.2642751805053
			62.5240026720269	-28.2642751805053
			62.5647880618977	-28.2234897906344
			62.6055734517686	-28.2234897906344
			62.6463588416395	-28.1827044007636
			62.6871442315103	-28.1827044007636
			62.7279296213812	-28.1827044007636
			62.768715011252	-28.1419190108927
			62.8095004011229	-28.1419190108927
			62.8502857909938	-28.1419190108927
			62.8910711808646	-28.1419190108927
			62.8910711808646	-28.1011336210219
			62.9318565707355	-28.1011336210219
			62.9726419606063	-28.1011336210219
			63.0134273504772	-28.060348231151
			63.054212740348	-28.060348231151
			63.0949981302189	-28.060348231151
			63.1357835200898	-28.0195628412801
			63.1765689099606	-28.0195628412801
			63.2173542998315	-28.0195628412801
			63.2581396897023	-27.9787774514093
			63.2989250795732	-27.9787774514093
			63.3397104694441	-27.9787774514093
			63.3804958593149	-27.9787774514093
			63.4212812491858	-27.9379920615384
			63.4620666390566	-27.9379920615384
			63.5028520289275	-27.9379920615384
			63.5436374187984	-27.8972066716676
			63.5844228086692	-27.8972066716676
			63.6252081985401	-27.8972066716676
			63.6659935884109	-27.8564212817967
			63.7067789782818	-27.8564212817967
			63.7475643681527	-27.8564212817967
			63.7883497580235	-27.8156358919259
			63.8291351478944	-27.8156358919259
			63.8699205377652	-27.8156358919259
			63.9107059276361	-27.8156358919259
			63.9514913175069	-27.774850502055
			63.9922767073778	-27.774850502055
			64.0330620972487	-27.774850502055
			64.0738474871195	-27.7340651121841
			64.1146328769904	-27.7340651121841
			64.1554182668612	-27.7340651121841
			64.1962036567321	-27.7340651121841
			64.236989046603	-27.6932797223133
			64.2777744364738	-27.6932797223133
			64.3185598263447	-27.6932797223133
			64.3593452162155	-27.6524943324424
			64.4001306060864	-27.6524943324424
			64.4409159959573	-27.6524943324424
			64.4817013858281	-27.6524943324424
			64.522486775699	-27.6117089425716
			64.5632721655698	-27.6117089425716
			64.6040575554407	-27.6117089425716
			64.6448429453116	-27.6117089425716
			64.6448429453116	-27.5709235527007
			64.6856283351824	-27.5709235527007
			64.7264137250533	-27.5709235527007
			64.7671991149241	-27.5709235527007
			64.807984504795	-27.5709235527007
			64.8487698946658	-27.5301381628298
			64.8895552845367	-27.5301381628298
			64.9303406744076	-27.5301381628298
			64.9711260642784	-27.5301381628298
			64.9711260642784	-27.489352772959
			65.0119114541493	-27.489352772959
			65.0526968440201	-27.489352772959
			65.093482233891	-27.489352772959
			65.1342676237619	-27.4485673830881
			65.1750530136327	-27.4485673830881
			65.2158384035036	-27.4485673830881
			65.2566237933744	-27.4485673830881
			65.2974091832453	-27.4485673830881
			65.3381945731162	-27.4077819932173
			65.378979962987	-27.4077819932173
			65.4197653528579	-27.4077819932173
			65.4605507427287	-27.3669966033464
			65.5013361325996	-27.3669966033464
			65.5421215224705	-27.3669966033464
			65.5829069123413	-27.3669966033464
			65.6236923022122	-27.3669966033464
			65.664477692083	-27.3262112134755
			65.7052630819539	-27.3262112134755
			65.7460484718247	-27.3262112134755
			65.7868338616956	-27.3262112134755
			65.8276192515665	-27.2854258236047
			65.8684046414373	-27.2854258236047
			65.9091900313082	-27.2854258236047
			65.949975421179	-27.2854258236047
			65.9907608110499	-27.2854258236047
			66.0315462009208	-27.2446404337338
			66.0723315907916	-27.2446404337338
			66.1131169806625	-27.2446404337338
			66.1539023705333	-27.2446404337338
			66.1946877604042	-27.2446404337338
			66.1946877604042	-27.203855043863
			66.2354731502751	-27.203855043863
			66.2762585401459	-27.203855043863
			66.3170439300168	-27.203855043863
			66.3578293198876	-27.203855043863
			66.3986147097585	-27.203855043863
			66.4394000996294	-27.1630696539921
			66.4801854895002	-27.1630696539921
			66.5209708793711	-27.1630696539921
			66.5617562692419	-27.1630696539921
			66.6025416591128	-27.1222842641212
			66.6433270489836	-27.1222842641212
			66.6841124388545	-27.1222842641212
			66.7248978287254	-27.1222842641212
			66.7656832185962	-27.1222842641212
			66.8064686084671	-27.0814988742504
			66.8472539983379	-27.0814988742504
			66.8880393882088	-27.0814988742504
			66.9288247780797	-27.0814988742504
			66.9696101679505	-27.0814988742504
			67.0103955578214	-27.0814988742504
			67.0511809476922	-27.0407134843795
			67.0919663375631	-27.0407134843795
			67.132751727434	-27.0407134843795
			67.1735371173048	-27.0407134843795
			67.2143225071757	-27.0407134843795
			67.2551078970465	-27.0407134843795
			67.2958932869174	-26.9999280945087
			67.3366786767882	-26.9999280945087
			67.3774640666591	-26.9999280945087
			67.41824945653	-26.9999280945087
			67.4590348464008	-26.9999280945087
			67.4998202362717	-26.9999280945087
			67.5406056261425	-26.9591427046378
			67.5813910160134	-26.9591427046378
			67.6221764058843	-26.9591427046378
			67.6629617957551	-26.9591427046378
			67.703747185626	-26.9591427046378
			67.7445325754968	-26.9591427046378
			67.7853179653677	-26.918357314767
			67.8261033552386	-26.918357314767
			67.8668887451094	-26.918357314767
			67.9076741349803	-26.918357314767
			67.9484595248511	-26.918357314767
			67.989244914722	-26.918357314767
			68.0300303045929	-26.8775719248961
			68.0708156944637	-26.8775719248961
			68.1116010843346	-26.8775719248961
			68.1523864742054	-26.8775719248961
			68.1931718640763	-26.8775719248961
			68.2339572539471	-26.8775719248961
			68.274742643818	-26.8775719248961
			68.3155280336889	-26.8367865350252
			68.3563134235597	-26.8367865350252
			68.3970988134306	-26.8367865350252
			68.4378842033014	-26.8367865350252
			68.4786695931723	-26.8367865350252
			68.5194549830432	-26.8367865350252
			68.560240372914	-26.7960011451544
			68.6010257627849	-26.7960011451544
			68.6418111526557	-26.7960011451544
			68.6825965425266	-26.7960011451544
			68.7233819323975	-26.7960011451544
			68.7641673222683	-26.7960011451544
			68.8049527121392	-26.7960011451544
			68.84573810201	-26.7960011451544
			68.84573810201	-26.7552157552835
			68.8865234918809	-26.7552157552835
			68.9273088817517	-26.7552157552835
			68.9680942716226	-26.7552157552835
			69.0088796614935	-26.7552157552835
			69.0496650513643	-26.7552157552835
			69.0904504412352	-26.7552157552835
			69.131235831106	-26.7552157552835
			69.1720212209769	-26.7144303654127
			69.2128066108478	-26.7144303654127
			69.2535920007186	-26.7144303654127
			69.2943773905895	-26.7144303654127
			69.3351627804603	-26.7144303654127
			69.3759481703312	-26.7144303654127
			69.4167335602021	-26.7144303654127
			69.4575189500729	-26.6736449755418
			69.4983043399438	-26.6736449755418
			69.5390897298146	-26.6736449755418
			69.5798751196855	-26.6736449755418
			69.6206605095563	-26.6736449755418
			69.6614458994272	-26.6736449755418
			69.7022312892981	-26.6736449755418
			69.7430166791689	-26.6736449755418
			69.7838020690398	-26.6736449755418
			69.8245874589106	-26.6736449755418
			69.8653728487815	-26.6736449755418
			69.8653728487815	-26.6328595856709
			69.9061582386524	-26.6328595856709
			69.9469436285232	-26.6328595856709
			69.9877290183941	-26.6328595856709
			70.0285144082649	-26.6328595856709
			70.0692997981358	-26.6328595856709
			70.1100851880067	-26.6328595856709
			70.1508705778775	-26.6328595856709
			70.1916559677484	-26.6328595856709
			70.2324413576192	-26.6328595856709
			70.2732267474901	-26.6328595856709
			70.3140121373609	-26.6328595856709
			70.3547975272318	-26.6328595856709
			70.3955829171027	-26.6328595856709
			70.4363683069735	-26.6328595856709
			70.4771536968444	-26.6328595856709
			70.5179390867152	-26.6328595856709
			70.5587244765861	-26.6328595856709
			70.599509866457	-26.6328595856709
			70.6402952563278	-26.6328595856709
			70.6810806461987	-26.6328595856709
			70.7218660360695	-26.6328595856709
			70.7626514259404	-26.6328595856709
			70.8034368158113	-26.6328595856709
			70.8442222056821	-26.6328595856709
			70.885007595553	-26.6328595856709
			70.9257929854238	-26.6328595856709
			70.9665783752947	-26.6328595856709
			71.0073637651656	-26.6328595856709
			71.0481491550364	-26.6328595856709
			71.0889345449073	-26.6328595856709
			71.1297199347781	-26.6328595856709
			71.170505324649	-26.6328595856709
			71.2112907145198	-26.6328595856709
			71.2520761043907	-26.6328595856709
			71.2928614942616	-26.6328595856709
			71.3336468841324	-26.6328595856709
			71.3744322740033	-26.6328595856709
			71.4152176638741	-26.6328595856709
			71.456003053745	-26.6328595856709
			71.4967884436159	-26.6328595856709
			71.5375738334867	-26.6736449755418
			71.5783592233576	-26.6736449755418
			71.6191446132284	-26.6736449755418
			71.6599300030993	-26.6736449755418
			71.7007153929702	-26.6736449755418
			71.741500782841	-26.6736449755418
		</Head>
		<Tail1 type=matrix rownames=FALSE colnames=FALSE nrow=306 ncol=2 as.numeric=TRUE >
			71.741500782841	-26.6736449755418
			71.7822861727119	-26.7144303654127
			71.8230715625827	-26.7552157552835
			71.8638569524536	-26.7960011451544
			71.9046423423245	-26.8367865350252
			71.9454277321953	-26.8775719248961
			71.9862131220662	-26.918357314767
			72.026998511937	-26.9591427046378
			72.0677839018079	-26.9591427046378
			72.1085692916787	-26.9999280945087
			72.1493546815496	-27.0407134843795
			72.1901400714205	-27.0814988742504
			72.2309254612913	-27.1222842641212
			72.2717108511622	-27.1222842641212
			72.312496241033	-27.1630696539921
			72.3532816309039	-27.203855043863
			72.3940670207748	-27.2446404337338
			72.4348524106456	-27.2446404337338
			72.4756378005165	-27.2854258236047
			72.5164231903873	-27.3262112134755
			72.5572085802582	-27.3669966033464
			72.5979939701291	-27.3669966033464
			72.6387793599999	-27.4077819932173
			72.6795647498708	-27.4077819932173
			72.6795647498708	-27.4485673830881
			72.7203501397416	-27.4485673830881
			72.7611355296125	-27.489352772959
			72.8019209194834	-27.489352772959
			72.8019209194834	-27.5301381628298
			72.8427063093542	-27.5301381628298
			72.8834916992251	-27.5709235527007
			72.9242770890959	-27.5709235527007
			72.9650624789668	-27.6117089425716
			73.0058478688376	-27.6524943324424
			73.0466332587085	-27.6524943324424
			73.0874186485794	-27.6932797223133
			73.1282040384502	-27.7340651121841
			73.1689894283211	-27.7340651121841
			73.2097748181919	-27.774850502055
			73.2505602080628	-27.8156358919259
			73.2913455979337	-27.8156358919259
			73.3321309878045	-27.8564212817967
			73.3729163776754	-27.8564212817967
			73.4137017675462	-27.8972066716676
			73.4544871574171	-27.8972066716676
			73.495272547288	-27.9379920615384
			73.5360579371588	-27.9379920615384
			73.5360579371588	-27.9787774514093
			73.5768433270297	-27.9787774514093
			73.6176287169005	-28.0195628412801
			73.6584141067714	-28.0195628412801
			73.6991994966423	-28.060348231151
			73.7399848865131	-28.060348231151
			73.780770276384	-28.1011336210219
			73.8215556662548	-28.1011336210219
			73.8623410561257	-28.1011336210219
			73.9031264459965	-28.1419190108927
			73.9439118358674	-28.1419190108927
			73.9846972257383	-28.1419190108927
			74.0254826156091	-28.1827044007636
			74.06626800548	-28.1827044007636
			74.1070533953508	-28.2234897906344
			74.1478387852217	-28.2234897906344
			74.1886241750926	-28.2234897906344
			74.2294095649634	-28.2642751805053
			74.2701949548343	-28.2642751805053
			74.3109803447051	-28.2642751805053
			74.351765734576	-28.2642751805053
			74.351765734576	-28.3050605703762
			74.3925511244469	-28.3050605703762
			74.4333365143177	-28.3050605703762
			74.4741219041886	-28.345845960247
			74.5149072940594	-28.345845960247
			74.5556926839303	-28.345845960247
			74.5964780738012	-28.345845960247
			74.637263463672	-28.3866313501179
			74.6780488535429	-28.3866313501179
			74.7188342434137	-28.4274167399887
			74.7596196332846	-28.4274167399887
			74.8004050231554	-28.4274167399887
			74.8411904130263	-28.4682021298596
			74.8819758028972	-28.4682021298596
			74.922761192768	-28.4682021298596
			74.9635465826389	-28.4682021298596
			75.0043319725097	-28.5089875197305
			75.0451173623806	-28.5089875197305
			75.0859027522515	-28.5089875197305
			75.1266881421223	-28.5497729096013
			75.1674735319932	-28.5497729096013
			75.208258921864	-28.5497729096013
			75.2490443117349	-28.5905582994722
			75.2898297016058	-28.5905582994722
			75.3306150914766	-28.5905582994722
			75.3714004813475	-28.631343689343
			75.4121858712183	-28.631343689343
			75.4529712610892	-28.631343689343
			75.4937566509601	-28.6721290792139
			75.5345420408309	-28.6721290792139
			75.5753274307018	-28.6721290792139
			75.6161128205726	-28.7129144690848
			75.6568982104435	-28.7129144690848
			75.6976836003143	-28.7129144690848
			75.7384689901852	-28.7536998589556
			75.7792543800561	-28.7536998589556
			75.8200397699269	-28.7536998589556
			75.8608251597978	-28.7536998589556
			75.9016105496686	-28.7944852488265
			75.9423959395395	-28.7944852488265
			75.9831813294104	-28.7944852488265
			76.0239667192812	-28.8352706386973
			76.0647521091521	-28.8352706386973
			76.1055374990229	-28.8352706386973
			76.1463228888938	-28.8760560285682
			76.1871082787647	-28.8760560285682
			76.2278936686355	-28.8760560285682
			76.2686790585064	-28.916841418439
			76.3094644483772	-28.916841418439
			76.3502498382481	-28.916841418439
			76.391035228119	-28.9576268083099
			76.4318206179898	-28.9576268083099
			76.4726060078607	-28.9576268083099
			76.5133913977315	-28.9576268083099
			76.5541767876024	-28.9984121981808
			76.5949621774732	-28.9984121981808
			76.6357475673441	-28.9984121981808
			76.676532957215	-29.0391975880516
			76.7173183470858	-29.0391975880516
			76.7581037369567	-29.0391975880516
			76.7988891268275	-29.0799829779225
			76.8396745166984	-29.0799829779225
			76.8804599065693	-29.0799829779225
			76.9212452964401	-29.0799829779225
			76.962030686311	-29.1207683677933
			77.0028160761818	-29.1207683677933
			77.0436014660527	-29.1207683677933
			77.0843868559236	-29.1615537576642
			77.1251722457944	-29.1615537576642
			77.1659576356653	-29.1615537576642
			77.2067430255361	-29.1615537576642
			77.2067430255361	-29.2023391475351
			77.247528415407	-29.2023391475351
			77.2883138052779	-29.2023391475351
			77.3290991951487	-29.2023391475351
			77.3698845850196	-29.2431245374059
			77.4106699748904	-29.2431245374059
			77.4514553647613	-29.2431245374059
			77.4922407546321	-29.2431245374059
			77.533026144503	-29.2839099272768
			77.5738115343739	-29.2839099272768
			77.6145969242447	-29.2839099272768
			77.6553823141156	-29.3246953171476
			77.6961677039864	-29.3246953171476
			77.7369530938573	-29.3246953171476
			77.7777384837282	-29.3246953171476
			77.818523873599	-29.3654807070185
			77.8593092634699	-29.3654807070185
			77.9000946533407	-29.3654807070185
			77.9408800432116	-29.4062660968894
			77.9816654330825	-29.4062660968894
			78.0224508229533	-29.4062660968894
			78.0632362128242	-29.4062660968894
			78.104021602695	-29.4470514867602
			78.1448069925659	-29.4470514867602
			78.1855923824368	-29.4470514867602
			78.2263777723076	-29.4470514867602
			78.2263777723076	-29.4878368766311
			78.2671631621785	-29.4878368766311
			78.3079485520493	-29.4878368766311
			78.3487339419202	-29.4878368766311
			78.389519331791	-29.5286222665019
			78.4303047216619	-29.5286222665019
			78.4710901115328	-29.5286222665019
			78.5118755014036	-29.5286222665019
			78.5526608912745	-29.5694076563728
			78.5934462811453	-29.5694076563728
			78.6342316710162	-29.6101930462437
			78.6750170608871	-29.6101930462437
			78.7158024507579	-29.6101930462437
			78.7565878406288	-29.6101930462437
			78.7973732304996	-29.6101930462437
			78.7973732304996	-29.6509784361145
			78.8381586203705	-29.6509784361145
			78.8789440102414	-29.6509784361145
			78.9197294001122	-29.6509784361145
			78.9605147899831	-29.6917638259854
			79.0013001798539	-29.6917638259854
			79.0420855697248	-29.6917638259854
			79.0828709595956	-29.7325492158562
			79.1236563494665	-29.7325492158562
			79.1644417393374	-29.7325492158562
			79.2052271292082	-29.7325492158562
			79.2460125190791	-29.7733346057271
			79.2867979089499	-29.7733346057271
			79.3275832988208	-29.7733346057271
			79.3275832988208	-29.8141199955979
			79.3683686886917	-29.8141199955979
			79.4091540785625	-29.8141199955979
			79.4499394684334	-29.8141199955979
			79.4907248583042	-29.8549053854688
			79.5315102481751	-29.8549053854688
			79.572295638046	-29.8549053854688
			79.6130810279168	-29.8549053854688
			79.6130810279168	-29.8956907753397
			79.6538664177877	-29.8956907753397
			79.6946518076585	-29.8956907753397
			79.7354371975294	-29.8956907753397
			79.7762225874002	-29.9364761652105
			79.8170079772711	-29.9364761652105
			79.857793367142	-29.9364761652105
			79.8985787570128	-29.9772615550814
			79.9393641468837	-29.9772615550814
			79.9801495367545	-29.9772615550814
			80.0209349266254	-30.0180469449522
			80.0617203164963	-30.0180469449522
			80.1025057063671	-30.0180469449522
			80.143291096238	-30.0588323348231
			80.1840764861088	-30.0588323348231
			80.2248618759797	-30.0588323348231
			80.2656472658506	-30.0588323348231
			80.2656472658506	-30.099617724694
			80.3064326557214	-30.099617724694
			80.3472180455923	-30.099617724694
			80.3880034354631	-30.099617724694
			80.428788825334	-30.1404031145648
			80.4695742152048	-30.1404031145648
			80.5103596050757	-30.1404031145648
			80.5511449949466	-30.1811885044357
			80.5919303848174	-30.1811885044357
			80.6327157746883	-30.1811885044357
			80.6735011645591	-30.1811885044357
			80.71428655443	-30.1811885044357
			80.7550719443009	-30.2219738943065
			80.7958573341717	-30.2219738943065
			80.8366427240426	-30.2219738943065
			80.8774281139134	-30.2219738943065
			80.9182135037843	-30.2627592841774
			80.9589988936552	-30.2627592841774
			80.999784283526	-30.2627592841774
			81.0405696733969	-30.2627592841774
			81.0813550632677	-30.3035446740483
			81.1221404531386	-30.3035446740483
			81.1629258430095	-30.3035446740483
			81.2037112328803	-30.3035446740483
			81.2444966227512	-30.3443300639191
			81.285282012622	-30.3443300639191
			81.3260674024929	-30.3443300639191
			81.3668527923637	-30.3443300639191
			81.4076381822346	-30.3443300639191
			81.4484235721055	-30.38511545379
			81.4892089619763	-30.38511545379
			81.5299943518472	-30.38511545379
			81.570779741718	-30.38511545379
			81.6115651315889	-30.4259008436608
			81.6523505214598	-30.4259008436608
			81.6931359113306	-30.4259008436608
			81.7339213012015	-30.4259008436608
			81.7747066910723	-30.4666862335317
			81.8154920809432	-30.4666862335317
			81.8562774708141	-30.4666862335317
			81.8970628606849	-30.4666862335317
			81.9378482505558	-30.4666862335317
			81.9786336404266	-30.5074716234025
			82.0194190302975	-30.5074716234025
			82.0602044201683	-30.5074716234025
			82.1009898100392	-30.5074716234025
			82.1417751999101	-30.5482570132734
			82.1825605897809	-30.5482570132734
			82.2233459796518	-30.5482570132734
			82.2641313695226	-30.5482570132734
			82.3049167593935	-30.5482570132734
			82.3049167593935	-30.5890424031443
			82.3457021492644	-30.5890424031443
			82.3864875391352	-30.5890424031443
			82.4272729290061	-30.5890424031443
			82.4680583188769	-30.5890424031443
			82.5088437087478	-30.6298277930151
			82.5496290986187	-30.6298277930151
			82.5904144884895	-30.6298277930151
			82.6311998783604	-30.6298277930151
			82.6719852682312	-30.670613182886
			82.7127706581021	-30.670613182886
			82.7535560479729	-30.670613182886
			82.7943414378438	-30.670613182886
			82.8351268277147	-30.670613182886
			82.8759122175855	-30.7113985727568
			82.9166976074564	-30.7113985727568
			82.9574829973272	-30.7113985727568
			82.9982683871981	-30.7113985727568
			83.039053777069	-30.7113985727568
			83.0798391669398	-30.7521839626277
			83.1206245568107	-30.7521839626277
			83.1614099466815	-30.7521839626277
			83.2021953365524	-30.7521839626277
			83.2429807264233	-30.7521839626277
			83.2837661162941	-30.7929693524986
			83.324551506165	-30.7929693524986
			83.3653368960358	-30.7929693524986
			83.4061222859067	-30.7929693524986
			83.4469076757776	-30.8337547423694
			83.4876930656484	-30.8337547423694
			83.5284784555193	-30.8337547423694
			83.5692638453901	-30.8337547423694
			83.610049235261	-30.8337547423694
			83.6508346251318	-30.8745401322403
			83.6916200150027	-30.8745401322403
			83.7324054048736	-30.8745401322403
		</Tail1>
		<End type=matrix rownames=FALSE colnames=FALSE nrow=218 ncol=2 as.numeric=TRUE >
			83.7324054048736	-30.8745401322403
			83.7731907947444	-30.8745401322403
			83.8139761846153	-30.8745401322403
			83.8547615744861	-30.8337547423694
			83.895546964357	-30.8337547423694
			83.9363323542279	-30.8337547423694
			83.9771177440987	-30.8337547423694
			84.0179031339696	-30.8337547423694
			84.0586885238404	-30.8337547423694
			84.0994739137113	-30.7929693524986
			84.1402593035822	-30.7929693524986
			84.181044693453	-30.7929693524986
			84.2218300833239	-30.7929693524986
			84.2626154731947	-30.7929693524986
			84.3034008630656	-30.7929693524986
			84.3441862529365	-30.7929693524986
			84.3849716428073	-30.7929693524986
			84.4257570326782	-30.7929693524986
			84.466542422549	-30.7929693524986
			84.5073278124199	-30.7929693524986
			84.5481132022908	-30.7929693524986
			84.5888985921616	-30.7929693524986
			84.6296839820325	-30.7929693524986
			84.6704693719033	-30.7929693524986
			84.7112547617742	-30.7929693524986
			84.752040151645	-30.7929693524986
			84.7928255415159	-30.7929693524986
			84.8336109313868	-30.7929693524986
			84.8743963212576	-30.7929693524986
			84.9151817111285	-30.7929693524986
			84.9559671009993	-30.7929693524986
			84.9967524908702	-30.7929693524986
			85.0375378807411	-30.8337547423694
			85.0783232706119	-30.8337547423694
			85.1191086604828	-30.8337547423694
			85.1598940503536	-30.8337547423694
			85.2006794402245	-30.8337547423694
			85.2414648300954	-30.8745401322403
			85.2822502199662	-30.8745401322403
			85.3230356098371	-30.9153255221111
			85.3638209997079	-30.9153255221111
			85.4046063895788	-30.956110911982
			85.4453917794497	-30.956110911982
			85.4861771693205	-30.9968963018529
			85.5269625591914	-30.9968963018529
			85.5269625591914	-31.0376816917237
			85.5677479490622	-31.0376816917237
			85.6085333389331	-31.0784670815946
			85.6085333389331	-31.1192524714654
			85.6493187288039	-31.1192524714654
			85.6901041186748	-31.1600378613363
			85.6901041186748	-31.2008232512072
			85.7308895085457	-31.241608641078
			85.7716748984165	-31.2823940309489
			85.7716748984165	-31.3231794208197
			85.8124602882874	-31.3639648106906
			85.8124602882874	-31.4047502005614
			85.8532456781582	-31.4455355904323
			85.8532456781582	-31.4863209803032
			85.8532456781582	-31.527106370174
			85.8532456781582	-31.5678917600449
			85.8532456781582	-31.6086771499157
			85.8124602882874	-31.6494625397866
			85.8124602882874	-31.6902479296575
			85.8124602882874	-31.7310333195283
			85.8124602882874	-31.7718187093992
			85.8124602882874	-31.81260409927
			85.8124602882874	-31.8533894891409
			85.8124602882874	-31.8941748790118
			85.8124602882874	-31.9349602688826
			85.8124602882874	-31.9757456587535
			85.7716748984165	-32.0165310486243
			85.7716748984165	-32.0573164384952
			85.7716748984165	-32.098101828366
			85.7716748984165	-32.1388872182369
			85.7716748984165	-32.1796726081078
			85.7716748984165	-32.2204579979786
			85.7716748984165	-32.2612433878495
			85.7716748984165	-32.3020287777203
			85.7716748984165	-32.3428141675912
			85.7716748984165	-32.3835995574621
			85.7716748984165	-32.4243849473329
			85.7716748984165	-32.4651703372038
			85.7716748984165	-32.5059557270746
			85.7716748984165	-32.5467411169455
			85.8124602882874	-32.5875265068164
			85.8124602882874	-32.6283118966872
			85.8124602882874	-32.6690972865581
			85.8124602882874	-32.7098826764289
			85.8124602882874	-32.7506680662998
			85.8124602882874	-32.7914534561707
			85.8532456781582	-32.8322388460415
			85.8532456781582	-32.8730242359124
			85.8532456781582	-32.9138096257832
			85.8532456781582	-32.9545950156541
			85.8940310680291	-32.9953804055249
			85.8940310680291	-33.0361657953958
			85.8940310680291	-33.0769511852667
			85.8940310680291	-33.1177365751375
			85.9348164579	-33.1585219650084
			85.9348164579	-33.1993073548792
			85.9756018477708	-33.1993073548792
			85.9756018477708	-33.2400927447501
			85.9756018477708	-33.280878134621
			86.0163872376417	-33.3216635244918
			85.9756018477708	-33.3624489143627
			85.9756018477708	-33.4032343042335
			85.9756018477708	-33.4440196941044
			85.9348164579	-33.4848050839753
			85.9348164579	-33.5255904738461
			85.9348164579	-33.566375863717
			85.9348164579	-33.6071612535878
			85.9348164579	-33.6479466434587
			85.8940310680291	-33.6887320333296
			85.8940310680291	-33.7295174232004
			85.8940310680291	-33.7703028130713
			85.8940310680291	-33.8110882029421
			85.8940310680291	-33.851873592813
			85.8940310680291	-33.8926589826838
			85.8940310680291	-33.9334443725547
			85.8940310680291	-33.9742297624256
			85.8940310680291	-34.0150151522964
			85.9348164579	-34.0558005421673
			85.9348164579	-34.0965859320381
			85.9348164579	-34.137371321909
			85.9348164579	-34.1781567117799
			85.9348164579	-34.2189421016507
			85.9348164579	-34.2597274915216
			85.9348164579	-34.3005128813924
			85.9756018477708	-34.3412982712633
			85.9756018477708	-34.3820836611342
			85.9756018477708	-34.422869051005
			85.9756018477708	-34.4636544408759
			85.9756018477708	-34.5044398307467
			86.0163872376417	-34.5044398307467
			86.0163872376417	-34.5452252206176
			86.0163872376417	-34.5860106104885
			86.0163872376417	-34.6267960003593
			86.0571726275125	-34.6675813902302
			86.0571726275125	-34.708366780101
			86.0571726275125	-34.7491521699719
			86.0571726275125	-34.7899375598427
			86.0979580173834	-34.8307229497136
			86.0979580173834	-34.8715083395845
			86.0979580173834	-34.9122937294553
			86.1387434072543	-34.9530791193262
			86.1387434072543	-34.993864509197
			86.1387434072543	-35.0346498990679
			86.1795287971251	-35.0754352889388
			86.1795287971251	-35.1162206788096
			86.1795287971251	-35.1570060686805
			86.1387434072543	-35.1977914585513
			86.1387434072543	-35.2385768484222
			86.1387434072543	-35.2793622382931
			86.1387434072543	-35.3201476281639
			86.0979580173834	-35.3609330180348
			86.0979580173834	-35.4017184079056
			86.0979580173834	-35.4425037977765
			86.0571726275125	-35.4832891876474
			86.0163872376417	-35.5240745775182
			86.0163872376417	-35.5648599673891
			85.9756018477708	-35.6056453572599
			85.9756018477708	-35.6464307471308
			85.9348164579	-35.6464307471308
			85.9348164579	-35.6872161370016
			85.8940310680291	-35.7280015268725
			85.8940310680291	-35.7687869167434
			85.8532456781582	-35.7687869167434
			85.8124602882874	-35.8095723066142
			85.7716748984165	-35.8503576964851
			85.7308895085457	-35.8503576964851
			85.6901041186748	-35.8911430863559
			85.6493187288039	-35.8911430863559
			85.6085333389331	-35.9319284762268
			85.5677479490622	-35.9319284762268
			85.5269625591914	-35.9319284762268
			85.4861771693205	-35.9319284762268
			85.4453917794497	-35.9319284762268
			85.4046063895788	-35.9727138660977
			85.3638209997079	-35.9727138660977
			85.3230356098371	-35.9727138660977
			85.2822502199662	-35.9727138660977
			85.2414648300954	-35.9727138660977
			85.2006794402245	-35.9319284762268
			85.1598940503536	-35.9319284762268
			85.1191086604828	-35.9319284762268
			85.0783232706119	-35.9319284762268
			85.0375378807411	-35.9319284762268
			84.9967524908702	-35.9319284762268
			84.9559671009993	-35.8911430863559
			84.9151817111285	-35.8911430863559
			84.8743963212576	-35.8911430863559
			84.8336109313868	-35.8503576964851
			84.7928255415159	-35.8503576964851
			84.752040151645	-35.8503576964851
			84.7112547617742	-35.8911430863559
			84.6704693719033	-35.8911430863559
			84.6296839820325	-35.8911430863559
			84.5888985921616	-35.8911430863559
			84.5481132022908	-35.9319284762268
			84.5073278124199	-35.9319284762268
			84.466542422549	-35.9319284762268
			84.4257570326782	-35.9319284762268
			84.3849716428073	-35.9319284762268
			84.3849716428073	-35.9727138660977
			84.3441862529365	-35.9727138660977
			84.3034008630656	-35.9727138660977
			84.2626154731947	-35.9727138660977
			84.2218300833239	-36.0134992559685
			84.181044693453	-36.0134992559685
			84.1402593035822	-36.0134992559685
			84.0994739137113	-36.0134992559685
			84.0586885238404	-36.0542846458394
			84.0179031339696	-36.0542846458394
			83.9771177440987	-36.0542846458394
			83.9363323542279	-36.0542846458394
			83.895546964357	-36.0950700357102
			83.8547615744861	-36.0950700357102
		</End>
		<Tail2 type=matrix rownames=FALSE colnames=FALSE nrow=106 ncol=2 as.numeric=TRUE >
			83.8547615744861	-36.0950700357102
			83.8139761846153	-36.0950700357102
			83.7731907947444	-36.0950700357102
			83.7324054048736	-36.0950700357102
			83.6916200150027	-36.0950700357102
			83.6508346251318	-36.0950700357102
			83.610049235261	-36.0950700357102
			83.5692638453901	-36.0950700357102
			83.5284784555193	-36.0950700357102
			83.4876930656484	-36.0950700357102
			83.4469076757776	-36.0950700357102
			83.4061222859067	-36.0950700357102
			83.3653368960358	-36.0950700357102
			83.324551506165	-36.0950700357102
			83.2837661162941	-36.0950700357102
			83.2429807264233	-36.0950700357102
			83.2021953365524	-36.0950700357102
			83.1614099466815	-36.1358554255811
			83.1206245568107	-36.1358554255811
			83.0798391669398	-36.1358554255811
			83.039053777069	-36.1358554255811
			82.9982683871981	-36.1358554255811
			82.9574829973272	-36.1358554255811
			82.9166976074564	-36.1358554255811
			82.8759122175855	-36.1358554255811
			82.8351268277147	-36.1358554255811
			82.7943414378438	-36.1358554255811
			82.7535560479729	-36.1358554255811
			82.7127706581021	-36.1358554255811
			82.6719852682312	-36.1358554255811
			82.6311998783604	-36.1358554255811
			82.5904144884895	-36.176640815452
			82.5496290986187	-36.176640815452
			82.5088437087478	-36.176640815452
			82.4680583188769	-36.176640815452
			82.4272729290061	-36.176640815452
			82.3864875391352	-36.176640815452
			82.3457021492644	-36.176640815452
			82.3049167593935	-36.176640815452
			82.2641313695226	-36.176640815452
			82.2233459796518	-36.176640815452
			82.1825605897809	-36.2174262053228
			82.1417751999101	-36.2174262053228
			82.1009898100392	-36.2174262053228
			82.0602044201683	-36.2174262053228
			82.0194190302975	-36.2174262053228
			81.9786336404266	-36.2174262053228
			81.9378482505558	-36.2174262053228
			81.8970628606849	-36.2174262053228
			81.8562774708141	-36.2174262053228
			81.8154920809432	-36.2582115951937
			81.7747066910723	-36.2582115951937
			81.7339213012015	-36.2582115951937
			81.6931359113306	-36.2582115951937
			81.6523505214598	-36.2582115951937
			81.6115651315889	-36.2582115951937
			81.570779741718	-36.2582115951937
			81.5299943518472	-36.2582115951937
			81.4892089619763	-36.2989969850645
			81.4484235721055	-36.2989969850645
			81.4076381822346	-36.2989969850645
			81.3668527923637	-36.2989969850645
			81.3260674024929	-36.2989969850645
			81.285282012622	-36.2989969850645
			81.2444966227512	-36.2989969850645
			81.2037112328803	-36.2989969850645
			81.1629258430095	-36.3397823749354
			81.1221404531386	-36.3397823749354
			81.0813550632677	-36.3397823749354
			81.0405696733969	-36.3397823749354
			80.999784283526	-36.3397823749354
			80.9589988936552	-36.3397823749354
			80.9182135037843	-36.3805677648062
			80.8774281139134	-36.3805677648062
			80.8366427240426	-36.3805677648062
			80.7958573341717	-36.3805677648062
			80.7550719443009	-36.3805677648062
			80.71428655443	-36.4213531546771
			80.6735011645591	-36.4213531546771
			80.6327157746883	-36.4213531546771
			80.5919303848174	-36.4213531546771
			80.5511449949466	-36.4213531546771
			80.5103596050757	-36.462138544548
			80.4695742152048	-36.462138544548
			80.428788825334	-36.462138544548
			80.3880034354631	-36.462138544548
			80.3472180455923	-36.462138544548
			80.3064326557214	-36.5029239344188
			80.2656472658506	-36.5029239344188
			80.2248618759797	-36.5029239344188
			80.1840764861088	-36.5029239344188
			80.143291096238	-36.5029239344188
			80.143291096238	-36.5437093242897
			80.1025057063671	-36.5437093242897
			80.0617203164963	-36.5437093242897
			80.0209349266254	-36.5437093242897
			79.9801495367545	-36.5844947141605
			79.9393641468837	-36.5844947141605
			79.8985787570128	-36.5844947141605
			79.857793367142	-36.5844947141605
			79.8170079772711	-36.6252801040314
			79.7762225874002	-36.6252801040314
			79.7354371975294	-36.6252801040314
			79.6946518076585	-36.6252801040314
			79.6538664177877	-36.6660654939023
			79.6130810279168	-36.6660654939023
		</Tail2>
		<AnalFin type=matrix rownames=FALSE colnames=FALSE nrow=92 ncol=2 as.numeric=TRUE >
			79.6130810279168	-36.6660654939023
			79.572295638046	-36.6660654939023
			79.5315102481751	-36.7068508837731
			79.4907248583042	-36.7068508837731
			79.4499394684334	-36.7068508837731
			79.4091540785625	-36.747636273644
			79.3683686886917	-36.747636273644
			79.3275832988208	-36.747636273644
			79.3275832988208	-36.7884216635148
			79.2867979089499	-36.7884216635148
			79.2460125190791	-36.8292070533857
			79.2052271292082	-36.8292070533857
			79.1644417393374	-36.8699924432566
			79.1236563494665	-36.9107778331274
			79.0828709595956	-36.9107778331274
			79.0420855697248	-36.9515632229983
			79.0013001798539	-36.9923486128691
			78.9605147899831	-36.9923486128691
			78.9197294001122	-37.03313400274
			78.8789440102414	-37.03313400274
			78.8381586203705	-37.0739193926109
			78.7973732304996	-37.1147047824817
			78.7565878406288	-37.1554901723526
			78.7158024507579	-37.1554901723526
			78.6750170608871	-37.1962755622234
			78.6750170608871	-37.2370609520943
			78.6342316710162	-37.2370609520943
			78.5934462811453	-37.2778463419651
			78.5526608912745	-37.318631731836
			78.5118755014036	-37.318631731836
			78.4710901115328	-37.3594171217069
			78.4710901115328	-37.4002025115777
			78.4303047216619	-37.4409879014486
			78.389519331791	-37.4817732913194
			78.3487339419202	-37.4817732913194
			78.3079485520493	-37.5225586811903
			78.2671631621785	-37.5633440710612
			78.2263777723076	-37.604129460932
			78.1855923824368	-37.6449148508029
			78.1448069925659	-37.6857002406737
			78.104021602695	-37.7264856305446
			78.0632362128242	-37.7672710204155
			78.0224508229533	-37.8080564102863
			77.9816654330825	-37.8488418001572
			77.9408800432116	-37.8488418001572
			77.9000946533407	-37.889627190028
			77.8593092634699	-37.9304125798989
			77.818523873599	-37.9711979697697
			77.7777384837282	-37.9711979697697
			77.7369530938573	-38.0119833596406
			77.6961677039864	-38.0119833596406
			77.6961677039864	-38.0527687495115
			77.6553823141156	-38.0527687495115
			77.6145969242447	-38.0935541393823
			77.5738115343739	-38.0935541393823
			77.533026144503	-38.1343395292532
			77.4922407546321	-38.175124919124
			77.4514553647613	-38.175124919124
			77.4106699748904	-38.2159103089949
			77.3698845850196	-38.2159103089949
			77.3290991951487	-38.2566956988658
			77.2883138052779	-38.2974810887366
			77.247528415407	-38.2974810887366
			77.2067430255361	-38.3382664786075
			77.1659576356653	-38.3382664786075
			77.1251722457944	-38.3790518684783
			77.0843868559236	-38.3790518684783
			77.0436014660527	-38.3790518684783
			77.0028160761818	-38.4198372583492
			76.962030686311	-38.4198372583492
			76.9212452964401	-38.4606226482201
			76.8804599065693	-38.4606226482201
			76.8396745166984	-38.4606226482201
			76.7988891268275	-38.5014080380909
			76.7581037369567	-38.5014080380909
			76.7173183470858	-38.5421934279618
			76.676532957215	-38.5421934279618
			76.6357475673441	-38.5421934279618
			76.5949621774732	-38.5829788178326
			76.5541767876024	-38.5829788178326
			76.5133913977315	-38.5829788178326
			76.4726060078607	-38.5829788178326
			76.4318206179898	-38.6237642077035
			76.391035228119	-38.6237642077035
			76.3502498382481	-38.6237642077035
			76.3094644483772	-38.6645495975744
			76.2686790585064	-38.6645495975744
			76.2278936686355	-38.6645495975744
			76.1871082787647	-38.6645495975744
			76.1463228888938	-38.7053349874452
			76.1055374990229	-38.7053349874452
			76.0647521091521	-38.7053349874452
		</AnalFin>
		<Pectfin type=matrix rownames=FALSE colnames=FALSE nrow=61 ncol=2 as.numeric=TRUE >
			65.093482233891	-35.3201476281639
			65.093482233891	-35.3609330180348
			65.1342676237619	-35.4017184079056
			65.1342676237619	-35.4425037977765
			65.1750530136327	-35.4425037977765
			65.1750530136327	-35.4832891876474
			65.1750530136327	-35.5240745775182
			65.2158384035036	-35.5648599673891
			65.2158384035036	-35.6056453572599
			65.2158384035036	-35.6464307471308
			65.2566237933744	-35.6872161370016
			65.2566237933744	-35.7280015268725
			65.2566237933744	-35.7687869167434
			65.2974091832453	-35.8095723066142
			65.2974091832453	-35.8503576964851
			65.3381945731162	-35.8911430863559
			65.3381945731162	-35.9319284762268
			65.3381945731162	-35.9727138660977
			65.3381945731162	-36.0134992559685
			65.378979962987	-36.0542846458394
			65.378979962987	-36.0950700357102
			65.378979962987	-36.1358554255811
			65.378979962987	-36.176640815452
			65.378979962987	-36.2174262053228
			65.378979962987	-36.2582115951937
			65.4197653528579	-36.2989969850645
			65.4197653528579	-36.3397823749354
			65.4197653528579	-36.3805677648062
			65.4197653528579	-36.4213531546771
			65.4197653528579	-36.462138544548
			65.4197653528579	-36.5029239344188
			65.4197653528579	-36.5437093242897
			65.4197653528579	-36.5844947141605
			65.4197653528579	-36.6252801040314
			65.4197653528579	-36.6660654939023
			65.4197653528579	-36.7068508837731
			65.4197653528579	-36.747636273644
			65.4197653528579	-36.7884216635148
			65.4197653528579	-36.8292070533857
			65.4197653528579	-36.8699924432566
			65.4197653528579	-36.9107778331274
			65.4197653528579	-36.9515632229983
			65.4197653528579	-36.9923486128691
			65.4197653528579	-37.03313400274
			65.4197653528579	-37.0739193926109
			65.4197653528579	-37.1147047824817
			65.4197653528579	-37.1554901723526
			65.4197653528579	-37.1962755622234
			65.4197653528579	-37.2370609520943
			65.4197653528579	-37.2778463419651
			65.4197653528579	-37.318631731836
			65.4197653528579	-37.3594171217069
			65.378979962987	-37.4002025115777
			65.378979962987	-37.4409879014486
			65.378979962987	-37.4817732913194
			65.378979962987	-37.5225586811903
			65.378979962987	-37.5633440710612
			65.378979962987	-37.604129460932
			65.3381945731162	-37.6449148508029
			65.3381945731162	-37.6857002406737
			65.3381945731162	-37.7264856305446
		</Pectfin>
		<Opercle type=matrix rownames=FALSE colnames=FALSE nrow=255 ncol=2 as.numeric=TRUE >
			64.1554182668612	-31.4455355904323
			64.1554182668612	-31.4863209803032
			64.1554182668612	-31.527106370174
			64.1554182668612	-31.5678917600449
			64.1962036567321	-31.6086771499157
			64.1962036567321	-31.6494625397866
			64.1962036567321	-31.6902479296575
			64.1962036567321	-31.7310333195283
			64.1962036567321	-31.7718187093992
			64.1962036567321	-31.81260409927
			64.1962036567321	-31.8533894891409
			64.236989046603	-31.8941748790118
			64.236989046603	-31.9349602688826
			64.236989046603	-31.9757456587535
			64.236989046603	-32.0165310486243
			64.236989046603	-32.0573164384952
			64.236989046603	-32.098101828366
			64.236989046603	-32.1388872182369
			64.2777744364738	-32.1796726081078
			64.2777744364738	-32.2204579979786
			64.2777744364738	-32.2612433878495
			64.2777744364738	-32.3020287777203
			64.2777744364738	-32.3428141675912
			64.2777744364738	-32.3835995574621
			64.2777744364738	-32.4243849473329
			64.2777744364738	-32.4651703372038
			64.2777744364738	-32.5059557270746
			64.3185598263447	-32.5467411169455
			64.3185598263447	-32.5875265068164
			64.3185598263447	-32.6283118966872
			64.3185598263447	-32.6690972865581
			64.3185598263447	-32.7098826764289
			64.3185598263447	-32.7506680662998
			64.3185598263447	-32.7914534561707
			64.3185598263447	-32.8322388460415
			64.3593452162155	-32.8730242359124
			64.3593452162155	-32.9138096257832
			64.3593452162155	-32.9545950156541
			64.3593452162155	-32.9953804055249
			64.3593452162155	-33.0361657953958
			64.3593452162155	-33.0769511852667
			64.3593452162155	-33.1177365751375
			64.3593452162155	-33.1585219650084
			64.3593452162155	-33.1993073548792
			64.3593452162155	-33.2400927447501
			64.3593452162155	-33.280878134621
			64.4001306060864	-33.3216635244918
			64.4001306060864	-33.3624489143627
			64.4001306060864	-33.4032343042335
			64.4001306060864	-33.4440196941044
			64.4001306060864	-33.4848050839753
			64.4001306060864	-33.5255904738461
			64.4001306060864	-33.566375863717
			64.4001306060864	-33.6071612535878
			64.4001306060864	-33.6479466434587
			64.4001306060864	-33.6887320333296
			64.4001306060864	-33.7295174232004
			64.4001306060864	-33.7703028130713
			64.4001306060864	-33.8110882029421
			64.4001306060864	-33.851873592813
			64.4001306060864	-33.8926589826838
			64.4001306060864	-33.9334443725547
			64.4409159959573	-33.9742297624256
			64.4409159959573	-34.0150151522964
			64.4409159959573	-34.0558005421673
			64.4409159959573	-34.0965859320381
			64.4409159959573	-34.137371321909
			64.4409159959573	-34.1781567117799
			64.4409159959573	-34.2189421016507
			64.4409159959573	-34.2597274915216
			64.4001306060864	-34.2597274915216
			64.4001306060864	-34.3005128813924
			64.4001306060864	-34.3412982712633
			64.4001306060864	-34.3820836611342
			64.4001306060864	-34.422869051005
			64.4001306060864	-34.4636544408759
			64.4001306060864	-34.5044398307467
			64.4001306060864	-34.5452252206176
			64.4001306060864	-34.5860106104885
			64.3593452162155	-34.6267960003593
			64.3593452162155	-34.6675813902302
			64.3593452162155	-34.708366780101
			64.3185598263447	-34.708366780101
			64.3185598263447	-34.7491521699719
			64.2777744364738	-34.7899375598427
			64.236989046603	-34.8307229497136
			64.1962036567321	-34.8715083395845
			64.1962036567321	-34.9122937294553
			64.1554182668612	-34.9530791193262
			64.1554182668612	-34.993864509197
			64.1554182668612	-35.0346498990679
			64.1146328769904	-35.0346498990679
			64.1146328769904	-35.0754352889388
			64.1146328769904	-35.1162206788096
			64.0738474871195	-35.1162206788096
			64.0738474871195	-35.1570060686805
			64.0738474871195	-35.1977914585513
			64.0330620972487	-35.1977914585513
			64.0330620972487	-35.2385768484222
			64.0330620972487	-35.2793622382931
			63.9922767073778	-35.2793622382931
			63.9922767073778	-35.3201476281639
			63.9514913175069	-35.3609330180348
			63.9107059276361	-35.4017184079056
			63.8699205377652	-35.4425037977765
			63.8699205377652	-35.4832891876474
			63.8291351478944	-35.5240745775182
			63.8291351478944	-35.5648599673891
			63.7883497580235	-35.5648599673891
			63.7475643681527	-35.6056453572599
			63.7475643681527	-35.6464307471308
			63.7067789782818	-35.6464307471308
			63.7067789782818	-35.6872161370016
			63.6659935884109	-35.7280015268725
			63.6252081985401	-35.7280015268725
			63.6252081985401	-35.7687869167434
			63.5844228086692	-35.8095723066142
			63.5436374187984	-35.8095723066142
			63.5028520289275	-35.8503576964851
			63.5028520289275	-35.8911430863559
			63.4620666390566	-35.8911430863559
			63.4212812491858	-35.9319284762268
			63.3804958593149	-35.9319284762268
			63.3804958593149	-35.9727138660977
			63.3397104694441	-36.0134992559685
			63.2989250795732	-36.0134992559685
			63.2581396897023	-36.0542846458394
			63.2173542998315	-36.0542846458394
			63.2173542998315	-36.0950700357102
			63.1765689099606	-36.0950700357102
			63.1357835200898	-36.1358554255811
			63.0949981302189	-36.176640815452
			63.054212740348	-36.176640815452
			63.0134273504772	-36.2174262053228
			62.9726419606063	-36.2174262053228
			62.9318565707355	-36.2582115951937
			62.8910711808646	-36.2582115951937
			62.8502857909938	-36.2989969850645
			62.8095004011229	-36.2989969850645
			62.768715011252	-36.3397823749354
			62.7279296213812	-36.3397823749354
			62.6871442315103	-36.3805677648062
			62.6463588416395	-36.3805677648062
			62.6055734517686	-36.4213531546771
			62.5647880618977	-36.4213531546771
			62.5240026720269	-36.462138544548
			62.483217282156	-36.462138544548
			62.4424318922852	-36.5029239344188
			62.4016465024143	-36.5029239344188
			62.3608611125434	-36.5437093242897
			62.3200757226726	-36.5437093242897
			62.2792903328017	-36.5437093242897
			62.2385049429309	-36.5844947141605
			62.19771955306	-36.5844947141605
			62.1569341631891	-36.6252801040314
			62.1161487733183	-36.6252801040314
			62.0753633834474	-36.6252801040314
			62.0345779935766	-36.6660654939023
			61.9937926037057	-36.6660654939023
			61.9530072138349	-36.6660654939023
			61.912221823964	-36.6660654939023
			61.8714364340931	-36.7068508837731
			61.8306510442223	-36.7068508837731
			61.7898656543514	-36.7068508837731
			61.7490802644806	-36.747636273644
			61.7082948746097	-36.747636273644
			61.6675094847388	-36.747636273644
			61.626724094868	-36.747636273644
			61.5859387049971	-36.747636273644
			61.5859387049971	-36.7884216635148
			61.5451533151263	-36.7884216635148
			61.5043679252554	-36.7884216635148
			61.4635825353845	-36.7884216635148
			61.4227971455137	-36.7884216635148
			61.3820117556428	-36.8292070533857
			61.341226365772	-36.8292070533857
			61.3004409759011	-36.8292070533857
			61.2596555860302	-36.8292070533857
			61.2188701961594	-36.8292070533857
			61.1780848062885	-36.8292070533857
			61.1372994164177	-36.8292070533857
			61.0965140265468	-36.8292070533857
			61.055728636676	-36.8292070533857
			61.0149432468051	-36.8699924432566
			60.9741578569342	-36.8699924432566
			60.9333724670634	-36.8699924432566
			60.8925870771925	-36.8699924432566
			60.8518016873217	-36.8699924432566
			60.8110162974508	-36.8699924432566
			60.7702309075799	-36.8699924432566
			60.7294455177091	-36.8699924432566
			60.6886601278382	-36.8699924432566
			60.6478747379674	-36.8699924432566
			60.6070893480965	-36.8699924432566
			60.5663039582256	-36.8292070533857
			60.5255185683548	-36.8292070533857
			60.4847331784839	-36.8292070533857
			60.4439477886131	-36.8292070533857
			60.4031623987422	-36.8292070533857
			60.3623770088714	-36.8292070533857
			60.3215916190005	-36.8292070533857
			60.2808062291296	-36.8292070533857
			60.2808062291296	-36.7884216635148
			60.2400208392588	-36.7884216635148
			60.1992354493879	-36.7884216635148
			60.1584500595171	-36.7884216635148
			60.1176646696462	-36.7884216635148
			60.0768792797753	-36.747636273644
			60.0360938899045	-36.747636273644
			59.9953085000336	-36.747636273644
			59.9545231101628	-36.747636273644
			59.9137377202919	-36.7068508837731
			59.872952330421	-36.7068508837731
			59.8321669405502	-36.6660654939023
			59.7913815506793	-36.6660654939023
			59.7505961608085	-36.6252801040314
			59.7098107709376	-36.5844947141605
			59.6690253810668	-36.5844947141605
			59.6282399911959	-36.5437093242897
			59.587454601325	-36.5029239344188
			59.5466692114542	-36.5029239344188
			59.5058838215833	-36.462138544548
			59.4650984317125	-36.4213531546771
			59.4243130418416	-36.3805677648062
			59.3835276519707	-36.3397823749354
			59.3427422620999	-36.3397823749354
			59.3427422620999	-36.2989969850645
			59.301956872229	-36.2582115951937
			59.2611714823582	-36.2174262053228
			59.2203860924873	-36.2174262053228
			59.2203860924873	-36.176640815452
			59.1796007026164	-36.1358554255811
			59.1388153127456	-36.0950700357102
			59.1388153127456	-36.0542846458394
			59.0980299228747	-36.0542846458394
			59.0572445330039	-36.0134992559685
			59.0572445330039	-35.9727138660977
			59.016459143133	-35.9319284762268
			59.016459143133	-35.8911430863559
			58.9756737532621	-35.8503576964851
			58.9756737532621	-35.8095723066142
			58.9348883633913	-35.7687869167434
			58.8941029735204	-35.7280015268725
			58.8941029735204	-35.6872161370016
			58.8941029735204	-35.6464307471308
			58.8533175836496	-35.6056453572599
			58.8533175836496	-35.5648599673891
			58.8125321937787	-35.5240745775182
			58.8125321937787	-35.4832891876474
			58.8125321937787	-35.4425037977765
			58.8125321937787	-35.4017184079056
			58.8125321937787	-35.3609330180348
			58.7717468039079	-35.3201476281639
			58.7717468039079	-35.2793622382931
			58.7717468039079	-35.2385768484222
		</Opercle>
		<Preopercle type=matrix rownames=FALSE colnames=FALSE nrow=97 ncol=2 as.numeric=TRUE >
			60.9741578569342	-32.0573164384952
			60.9741578569342	-32.098101828366
			60.9333724670634	-32.1388872182369
			60.9333724670634	-32.1796726081078
			60.8925870771925	-32.2204579979786
			60.8925870771925	-32.2612433878495
			60.8518016873217	-32.3020287777203
			60.8518016873217	-32.3428141675912
			60.8110162974508	-32.3835995574621
			60.8110162974508	-32.4243849473329
			60.8110162974508	-32.4651703372038
			60.7702309075799	-32.5059557270746
			60.7702309075799	-32.5467411169455
			60.7294455177091	-32.5875265068164
			60.7294455177091	-32.6283118966872
			60.6886601278382	-32.6690972865581
			60.6886601278382	-32.7098826764289
			60.6886601278382	-32.7506680662998
			60.6478747379674	-32.7914534561707
			60.6478747379674	-32.8322388460415
			60.6070893480965	-32.8730242359124
			60.6070893480965	-32.9138096257832
			60.6070893480965	-32.9545950156541
			60.5663039582256	-32.9545950156541
			60.5663039582256	-32.9953804055249
			60.5255185683548	-33.0361657953958
			60.5255185683548	-33.0769511852667
			60.5255185683548	-33.1177365751375
			60.4847331784839	-33.1585219650084
			60.4439477886131	-33.1993073548792
			60.4439477886131	-33.2400927447501
			60.4439477886131	-33.280878134621
			60.4031623987422	-33.3216635244918
			60.4031623987422	-33.3624489143627
			60.3623770088714	-33.4032343042335
			60.3623770088714	-33.4440196941044
			60.3215916190005	-33.4440196941044
			60.3215916190005	-33.4848050839753
			60.2808062291296	-33.5255904738461
			60.2808062291296	-33.566375863717
			60.2808062291296	-33.6071612535878
			60.2400208392588	-33.6071612535878
			60.2400208392588	-33.6479466434587
			60.1992354493879	-33.6887320333296
			60.1992354493879	-33.7295174232004
			60.1584500595171	-33.7703028130713
			60.1176646696462	-33.8110882029421
			60.1176646696462	-33.851873592813
			60.0768792797753	-33.8926589826838
			60.0768792797753	-33.9334443725547
			60.0360938899045	-33.9742297624256
			60.0360938899045	-34.0150151522964
			59.9953085000336	-34.0558005421673
			59.9545231101628	-34.0965859320381
			59.9137377202919	-34.137371321909
			59.9137377202919	-34.1781567117799
			59.872952330421	-34.1781567117799
			59.872952330421	-34.2189421016507
			59.8321669405502	-34.2597274915216
			59.7913815506793	-34.3005128813924
			59.7505961608085	-34.3412982712633
			59.7505961608085	-34.3820836611342
			59.7505961608085	-34.422869051005
			59.7505961608085	-34.4636544408759
			59.7505961608085	-34.5044398307467
			59.7098107709376	-34.5452252206176
			59.7098107709376	-34.5860106104885
			59.7098107709376	-34.6267960003593
			59.7098107709376	-34.6675813902302
			59.7098107709376	-34.708366780101
			59.6690253810668	-34.7491521699719
			59.6690253810668	-34.7899375598427
			59.6282399911959	-34.8307229497136
			59.6282399911959	-34.8715083395845
			59.587454601325	-34.9122937294553
			59.587454601325	-34.9530791193262
			59.5466692114542	-34.9530791193262
			59.5058838215833	-34.993864509197
			59.5058838215833	-35.0346498990679
			59.4650984317125	-35.0754352889388
			59.4243130418416	-35.0754352889388
			59.3835276519707	-35.1162206788096
			59.3427422620999	-35.1570060686805
			59.301956872229	-35.1570060686805
			59.2611714823582	-35.1570060686805
			59.2203860924873	-35.1977914585513
			59.1796007026164	-35.1977914585513
			59.1388153127456	-35.1977914585513
			59.0980299228747	-35.2385768484222
			59.0572445330039	-35.2385768484222
			59.016459143133	-35.2385768484222
			58.9756737532621	-35.2385768484222
			58.9348883633913	-35.2385768484222
			58.8941029735204	-35.2385768484222
			58.8533175836496	-35.2385768484222
			58.8125321937787	-35.2385768484222
			58.7717468039079	-35.2385768484222
		</Preopercle>
	</curves.scaled>
	<ruler.points type=matrix rownames=TRUE colnames=FALSE nrow=2 ncol=2 as.numeric=TRUE >
		Ruler point 1	1258	581
		Ruler point 2	1227	1203
	</ruler.points>
</shapes>

