<shapes type=list>
	<ruler.pixel type=vector names=FALSE length=1 as.numeric=TRUE >651.479853871169</ruler.pixel>
	<ruler.interval type=vector names=FALSE length=1 as.numeric=TRUE >25.4</ruler.interval>
	<scaling.units type=vector names=FALSE length=1 as.numeric=FALSE >mm</scaling.units>
	<scaling type=vector names=FALSE length=1 as.numeric=TRUE >0.0389881588034845</scaling>
	<landmarks.pixel type=matrix rownames=TRUE colnames=FALSE nrow=12 ncol=2 as.numeric=TRUE >
		LM1	1516	1060
		LM2	1905	959
		LM3	2256	977
		LM4	2261	1065
		LM5	2083	1084
		LM6	2000	1131
		LM7	1714	1096
		LM8	1726	1136
		LM9	1697	1046
		LM10	1635	1143
		LM11	1642	1044
		LM12	1611	1010
	</landmarks.pixel>
	<landmarks.scaled type=matrix rownames=TRUE colnames=FALSE nrow=12 ncol=2 as.numeric=TRUE >
		LM1	59.1060487460824	-41.3274483316935
		LM2	74.2724425206379	-37.3896442925416
		LM3	87.957286260661	-38.0914311510043
		LM4	88.1522270546784	-41.522389125711
		LM5	81.2123347876581	-42.2631641429772
		LM6	77.9763176069689	-44.0956076067409
		LM7	66.8257041891724	-42.731022048619
		LM8	67.2935620948142	-44.2905484007583
		LM9	66.1629054895131	-40.7816141084447
		LM10	63.7456396436971	-44.5634655123827
		LM11	64.0185567553215	-40.7036377908378
		LM12	62.8099238324135	-39.3780403915193
	</landmarks.scaled>
	<curves.control type=list>
		<Eye type=matrix rownames=FALSE colnames=FALSE nrow=7 ncol=2 as.numeric=TRUE >
			1611	1010
			1643	1041
			1608	1074
			1565	1094
			1553	1051
			1544	1008
			1611	1010
		</Eye>
		<Head type=matrix rownames=FALSE colnames=FALSE nrow=11 ncol=2 as.numeric=TRUE >
			1516	1060
			1524	1044
			1550	1026
			1565	1004
			1658	989
			1734	972
			1768	976
			1846	967
			1882	960
			1895	959
			1905	959
		</Head>
		<Tail1 type=matrix rownames=FALSE colnames=FALSE nrow=9 ncol=2 as.numeric=TRUE >
			1905	959
			1952	965
			2000	975
			2044	979
			2103	982
			2129	979
			2160	986
			2210	975
			2256	977
		</Tail1>
		<End type=matrix rownames=FALSE colnames=FALSE nrow=5 ncol=2 as.numeric=TRUE >
			2256	977
			2300	971
			2299	1013
			2317	1059
			2261	1065
		</End>
		<Tail2 type=matrix rownames=FALSE colnames=FALSE nrow=7 ncol=2 as.numeric=TRUE >
			2261	1065
			2239	1066
			2204	1066
			2166	1069
			2133	1073
			2106	1076
			2083	1084
		</Tail2>
		<AnalFin type=matrix rownames=FALSE colnames=FALSE nrow=5 ncol=2 as.numeric=TRUE >
			2083	1084
			2051	1097
			2029	1110
			2013	1123
			2000	1131
		</AnalFin>
		<Pectfin type=matrix rownames=FALSE colnames=FALSE nrow=5 ncol=2 as.numeric=TRUE >
			1714	1096
			1720	1104
			1726	1117
			1728	1128
			1726	1136
		</Pectfin>
		<Opercle type=matrix rownames=FALSE colnames=FALSE nrow=7 ncol=2 as.numeric=TRUE >
			1697	1046
			1698	1069
			1694	1094
			1688	1111
			1675	1132
			1656	1147
			1635	1143
		</Opercle>
		<Preopercle type=matrix rownames=FALSE colnames=FALSE nrow=5 ncol=2 as.numeric=TRUE >
			1642	1044
			1642	1094
			1638	1131
			1642	1135
			1635	1143
		</Preopercle>
	</curves.control>
	<curves.pixel type=list>
		<Eye type=matrix rownames=FALSE colnames=FALSE nrow=214 ncol=2 as.numeric=TRUE >
			1611	1010
			1612	1011
			1613	1012
			1614	1013
			1615	1014
			1616	1015
			1617	1016
			1617	1017
			1618	1018
			1619	1019
			1620	1020
			1620	1021
			1621	1022
			1621	1023
			1622	1024
			1622	1025
			1623	1026
			1623	1027
			1624	1028
			1624	1029
			1625	1030
			1625	1031
			1625	1032
			1625	1033
			1626	1034
			1626	1035
			1626	1036
			1626	1037
			1626	1038
			1626	1039
			1626	1040
			1626	1041
			1626	1042
			1626	1043
			1626	1044
			1626	1045
			1626	1046
			1626	1047
			1625	1048
			1625	1049
			1625	1050
			1624	1051
			1624	1052
			1624	1053
			1623	1054
			1623	1055
			1622	1056
			1622	1057
			1621	1058
			1621	1059
			1620	1060
			1619	1061
			1619	1062
			1618	1063
			1617	1064
			1616	1065
			1615	1066
			1615	1067
			1614	1068
			1613	1069
			1612	1070
			1611	1071
			1610	1072
			1609	1073
			1608	1074
			1607	1075
			1606	1075
			1605	1075
			1604	1076
			1603	1076
			1602	1077
			1601	1077
			1600	1077
			1599	1078
			1598	1078
			1597	1078
			1596	1079
			1595	1079
			1594	1079
			1593	1079
			1592	1080
			1591	1080
			1590	1080
			1589	1080
			1588	1080
			1587	1080
			1586	1080
			1585	1080
			1584	1080
			1583	1080
			1582	1080
			1581	1080
			1580	1080
			1579	1080
			1578	1080
			1577	1080
			1576	1079
			1575	1079
			1574	1079
			1573	1078
			1572	1078
			1571	1078
			1570	1077
			1569	1076
			1568	1075
			1567	1075
			1566	1074
			1565	1073
			1564	1072
			1563	1072
			1563	1071
			1562	1070
			1561	1069
			1560	1068
			1560	1067
			1559	1066
			1559	1065
			1558	1064
			1558	1063
			1557	1062
			1557	1061
			1556	1060
			1556	1059
			1555	1058
			1555	1057
			1555	1056
			1554	1055
			1554	1054
			1554	1053
			1553	1052
			1553	1051
			1553	1050
			1553	1049
			1552	1048
			1552	1047
			1552	1046
			1552	1045
			1552	1044
			1552	1043
			1552	1042
			1552	1041
			1552	1040
			1552	1039
			1552	1038
			1552	1037
			1552	1036
			1553	1035
			1553	1034
			1553	1033
			1553	1032
			1554	1031
			1554	1030
			1554	1029
			1555	1028
			1556	1027
			1556	1026
			1557	1025
			1558	1024
			1559	1023
			1559	1022
			1560	1022
			1561	1021
			1562	1020
			1563	1019
			1564	1019
			1565	1018
			1566	1017
			1567	1017
			1568	1016
			1569	1016
			1570	1016
			1570	1015
			1571	1015
			1572	1015
			1573	1014
			1574	1014
			1575	1014
			1575	1013
			1576	1013
			1577	1013
			1578	1013
			1579	1012
			1580	1012
			1581	1012
			1582	1012
			1583	1012
			1584	1011
			1585	1011
			1586	1011
			1587	1011
			1588	1011
			1589	1011
			1590	1011
			1591	1011
			1592	1010
			1593	1010
			1594	1010
			1595	1010
			1596	1010
			1597	1010
			1598	1010
			1599	1010
			1600	1010
			1601	1010
			1602	1010
			1603	1010
			1604	1010
			1605	1010
			1606	1010
			1607	1010
			1608	1010
			1609	1010
			1610	1010
			1611	1010
		</Eye>
		<Head type=matrix rownames=FALSE colnames=FALSE nrow=403 ncol=2 as.numeric=TRUE >
			1516	1060
			1516	1059
			1517	1058
			1518	1057
			1518	1056
			1519	1055
			1520	1054
			1520	1053
			1521	1052
			1522	1051
			1522	1050
			1523	1049
			1524	1048
			1525	1047
			1526	1046
			1527	1045
			1528	1044
			1529	1043
			1530	1042
			1531	1041
			1532	1040
			1533	1039
			1534	1038
			1535	1037
			1536	1036
			1537	1035
			1538	1035
			1539	1034
			1540	1034
			1540	1033
			1541	1032
			1542	1032
			1543	1031
			1544	1031
			1545	1030
			1545	1029
			1546	1029
			1547	1028
			1548	1027
			1549	1027
			1550	1026
			1550	1025
			1551	1025
			1552	1024
			1552	1023
			1553	1022
			1554	1022
			1555	1021
			1555	1020
			1556	1019
			1557	1019
			1558	1018
			1559	1017
			1560	1017
			1561	1016
			1562	1016
			1563	1015
			1564	1014
			1565	1014
			1566	1013
			1567	1013
			1568	1012
			1569	1012
			1570	1012
			1571	1011
			1572	1011
			1573	1010
			1574	1010
			1575	1009
			1576	1009
			1577	1008
			1578	1008
			1579	1008
			1580	1007
			1581	1007
			1582	1007
			1583	1006
			1584	1006
			1585	1006
			1586	1005
			1587	1005
			1588	1005
			1589	1004
			1590	1004
			1591	1004
			1592	1003
			1593	1003
			1594	1003
			1595	1002
			1596	1002
			1597	1002
			1598	1001
			1599	1001
			1600	1001
			1601	1001
			1602	1000
			1603	1000
			1604	1000
			1605	1000
			1606	999
			1607	999
			1608	999
			1609	999
			1610	999
			1610	998
			1611	998
			1612	998
			1613	998
			1614	997
			1615	997
			1616	997
			1617	997
			1618	997
			1619	996
			1620	996
			1621	996
			1622	996
			1623	995
			1624	995
			1625	995
			1626	995
			1627	995
			1628	994
			1629	994
			1630	994
			1631	994
			1632	994
			1633	993
			1634	993
			1635	993
			1636	993
			1637	993
			1638	992
			1639	992
			1640	992
			1641	992
			1642	992
			1643	992
			1644	991
			1645	991
			1646	991
			1647	991
			1648	991
			1649	990
			1650	990
			1651	990
			1652	990
			1653	990
			1654	990
			1655	989
			1656	989
			1657	989
			1658	989
			1659	989
			1660	988
			1661	988
			1662	988
			1663	988
			1664	988
			1665	987
			1666	987
			1667	987
			1668	987
			1669	987
			1670	986
			1671	986
			1672	986
			1673	986
			1674	986
			1675	985
			1676	985
			1677	985
			1678	985
			1679	984
			1680	984
			1681	984
			1682	984
			1683	984
			1684	983
			1685	983
			1686	983
			1687	983
			1688	983
			1689	983
			1690	982
			1691	982
			1692	982
			1693	982
			1694	982
			1695	982
			1696	981
			1697	981
			1698	981
			1699	981
			1700	981
			1701	981
			1701	980
			1702	980
			1703	980
			1704	980
			1705	980
			1706	980
			1707	980
			1708	979
			1709	979
			1710	979
			1711	979
			1712	979
			1713	979
			1714	978
			1715	978
			1716	978
			1717	978
			1718	978
			1719	978
			1720	978
			1721	978
			1722	977
			1723	977
			1724	977
			1725	977
			1726	977
			1727	977
			1728	977
			1729	977
			1730	977
			1731	976
			1732	976
			1733	976
			1734	976
			1735	976
			1736	976
			1737	976
			1738	976
			1739	976
			1740	976
			1741	976
			1742	976
			1743	976
			1744	975
			1745	975
			1746	975
			1747	975
			1748	975
			1749	975
			1750	975
			1751	975
			1752	975
			1753	975
			1754	975
			1755	975
			1756	975
			1757	975
			1758	975
			1759	975
			1760	975
			1761	975
			1762	975
			1763	976
			1764	976
			1765	976
			1766	976
			1767	976
			1768	976
			1769	976
			1770	976
			1771	976
			1772	975
			1773	975
			1774	975
			1775	975
			1776	975
			1777	975
			1778	975
			1779	975
			1780	975
			1781	975
			1781	974
			1782	974
			1783	974
			1784	974
			1785	974
			1786	974
			1787	974
			1788	974
			1789	974
			1790	973
			1791	973
			1792	973
			1793	973
			1794	973
			1795	973
			1796	973
			1797	973
			1798	972
			1799	972
			1800	972
			1801	972
			1802	972
			1803	972
			1804	972
			1805	972
			1806	971
			1807	971
			1808	971
			1809	971
			1810	971
			1811	971
			1812	971
			1813	970
			1814	970
			1815	970
			1816	970
			1817	970
			1818	970
			1819	970
			1820	970
			1821	969
			1822	969
			1823	969
			1824	969
			1825	969
			1826	969
			1827	969
			1828	969
			1829	968
			1830	968
			1831	968
			1832	968
			1833	968
			1834	968
			1835	968
			1836	967
			1837	967
			1838	967
			1839	967
			1840	967
			1841	967
			1842	967
			1843	967
			1843	966
			1844	966
			1845	966
			1846	966
			1847	966
			1848	966
			1849	966
			1850	965
			1851	965
			1852	965
			1853	965
			1854	965
			1855	965
			1856	964
			1857	964
			1858	964
			1859	964
			1860	964
			1861	964
			1862	964
			1863	963
			1864	963
			1865	963
			1866	963
			1867	963
			1868	962
			1869	962
			1870	962
			1871	962
			1872	962
			1873	962
			1874	961
			1875	961
			1876	961
			1877	961
			1878	961
			1879	961
			1880	960
			1881	960
			1882	960
			1883	960
			1884	960
			1885	960
			1886	960
			1887	960
			1888	960
			1889	960
			1890	959
			1891	959
			1892	959
			1893	959
			1894	959
			1895	959
			1896	959
			1897	959
			1898	959
			1899	959
			1900	959
			1901	959
			1902	959
			1903	959
			1904	959
			1905	959
		</Head>
		<Tail1 type=matrix rownames=FALSE colnames=FALSE nrow=355 ncol=2 as.numeric=TRUE >
			1905	959
			1906	959
			1907	959
			1908	959
			1909	960
			1910	960
			1911	960
			1912	960
			1913	960
			1914	960
			1915	960
			1916	960
			1917	961
			1918	961
			1919	961
			1920	961
			1921	961
			1922	961
			1923	961
			1924	962
			1925	962
			1926	962
			1927	962
			1928	962
			1929	962
			1930	962
			1930	963
			1931	963
			1932	963
			1933	963
			1934	963
			1935	963
			1936	963
			1937	964
			1938	964
			1939	964
			1940	964
			1941	964
			1942	964
			1943	964
			1944	965
			1945	965
			1946	965
			1947	965
			1948	965
			1949	965
			1950	966
			1951	966
			1952	966
			1953	966
			1954	966
			1955	966
			1956	967
			1957	967
			1958	967
			1959	967
			1960	967
			1961	967
			1961	968
			1962	968
			1963	968
			1964	968
			1965	968
			1966	968
			1967	969
			1968	969
			1969	969
			1970	969
			1971	969
			1972	970
			1973	970
			1974	970
			1975	970
			1976	970
			1977	970
			1978	971
			1979	971
			1980	971
			1981	971
			1982	971
			1983	972
			1984	972
			1985	972
			1986	972
			1987	972
			1988	973
			1989	973
			1990	973
			1991	973
			1992	973
			1993	974
			1994	974
			1995	974
			1996	974
			1997	974
			1998	975
			1999	975
			2000	975
			2001	975
			2002	975
			2003	975
			2004	975
			2005	975
			2006	976
			2007	976
			2008	976
			2009	976
			2010	976
			2011	976
			2012	976
			2013	976
			2014	976
			2015	976
			2016	976
			2017	976
			2018	977
			2019	977
			2020	977
			2021	977
			2022	977
			2023	977
			2024	977
			2025	977
			2026	977
			2027	977
			2028	977
			2029	977
			2030	977
			2031	978
			2032	978
			2033	978
			2034	978
			2035	978
			2036	978
			2037	978
			2038	978
			2039	978
			2040	978
			2041	978
			2042	978
			2043	978
			2044	979
			2045	979
			2046	979
			2047	979
			2048	979
			2049	979
			2050	979
			2051	979
			2052	979
			2053	979
			2054	979
			2055	979
			2056	979
			2057	979
			2058	979
			2059	979
			2060	980
			2061	980
			2062	980
			2063	980
			2064	980
			2065	980
			2066	980
			2067	980
			2068	980
			2069	980
			2070	980
			2071	980
			2072	980
			2073	980
			2074	980
			2075	980
			2076	981
			2077	981
			2078	981
			2079	981
			2080	981
			2081	981
			2082	981
			2083	981
			2084	981
			2085	981
			2086	981
			2087	981
			2088	981
			2089	981
			2090	981
			2091	981
			2092	981
			2093	981
			2094	982
			2095	982
			2096	982
			2097	982
			2098	982
			2099	982
			2100	982
			2101	982
			2102	982
			2103	982
			2104	982
			2105	982
			2106	982
			2107	982
			2108	982
			2109	981
			2110	981
			2111	981
			2112	981
			2113	981
			2114	981
			2115	981
			2116	981
			2117	981
			2118	981
			2119	981
			2120	981
			2121	981
			2122	981
			2123	981
			2124	981
			2125	981
			2126	981
			2127	981
			2128	981
			2129	981
			2130	981
			2131	982
			2132	982
			2133	982
			2134	982
			2135	982
			2136	982
			2137	982
			2138	982
			2139	982
			2140	982
			2141	983
			2142	983
			2143	983
			2144	983
			2145	983
			2146	983
			2147	984
			2148	984
			2149	984
			2150	984
			2151	984
			2152	984
			2153	985
			2154	985
			2155	985
			2156	985
			2157	985
			2158	986
			2159	986
			2160	986
			2161	986
			2162	985
			2163	985
			2164	985
			2165	985
			2166	985
			2167	984
			2168	984
			2169	984
			2170	984
			2171	984
			2172	984
			2173	983
			2174	983
			2175	983
			2176	983
			2177	983
			2178	982
			2179	982
			2180	982
			2181	982
			2182	982
			2183	982
			2184	981
			2185	981
			2186	981
			2187	981
			2188	981
			2189	981
			2190	981
			2190	980
			2191	980
			2192	980
			2193	980
			2194	980
			2195	980
			2196	980
			2197	980
			2198	979
			2199	979
			2200	979
			2201	979
			2202	979
			2203	979
			2204	979
			2205	979
			2206	979
			2207	978
			2208	978
			2209	978
			2210	978
			2211	978
			2212	978
			2213	978
			2214	978
			2215	978
			2216	978
			2217	978
			2218	977
			2219	977
			2220	977
			2221	977
			2222	977
			2223	977
			2224	977
			2225	977
			2226	977
			2227	977
			2228	977
			2229	977
			2230	977
			2231	977
			2232	977
			2233	977
			2234	977
			2235	977
			2236	977
			2237	977
			2238	977
			2239	977
			2240	977
			2241	977
			2242	977
			2243	977
			2244	977
			2245	977
			2246	977
			2247	977
			2248	977
			2249	977
			2250	977
			2251	977
			2252	977
			2253	977
			2254	977
			2255	977
			2256	977
		</Tail1>
		<End type=matrix rownames=FALSE colnames=FALSE nrow=140 ncol=2 as.numeric=TRUE >
			2256	977
			2257	977
			2258	977
			2259	977
			2260	977
			2261	976
			2262	976
			2263	976
			2264	976
			2265	976
			2266	976
			2267	976
			2268	976
			2269	976
			2270	976
			2271	976
			2272	977
			2273	977
			2274	977
			2275	977
			2276	977
			2277	977
			2278	978
			2279	978
			2280	978
			2281	979
			2282	979
			2283	979
			2284	980
			2285	980
			2286	981
			2287	982
			2288	983
			2289	983
			2290	984
			2291	985
			2291	986
			2292	987
			2293	988
			2294	988
			2294	989
			2295	990
			2295	991
			2296	992
			2296	993
			2296	994
			2297	995
			2297	996
			2297	997
			2298	998
			2298	999
			2298	1000
			2298	1001
			2298	1002
			2299	1003
			2299	1004
			2299	1005
			2299	1006
			2299	1007
			2299	1008
			2299	1009
			2299	1010
			2299	1011
			2299	1012
			2299	1013
			2300	1014
			2300	1015
			2300	1016
			2301	1017
			2301	1018
			2301	1019
			2301	1020
			2302	1021
			2302	1022
			2302	1023
			2302	1024
			2303	1025
			2303	1026
			2303	1027
			2303	1028
			2303	1029
			2303	1030
			2303	1031
			2303	1032
			2303	1033
			2303	1034
			2303	1035
			2303	1036
			2303	1037
			2303	1038
			2303	1039
			2303	1040
			2302	1041
			2302	1042
			2302	1043
			2301	1044
			2301	1045
			2301	1046
			2300	1047
			2299	1048
			2298	1049
			2298	1050
			2297	1051
			2296	1052
			2295	1053
			2294	1054
			2293	1054
			2292	1055
			2291	1056
			2290	1057
			2289	1057
			2288	1058
			2287	1058
			2286	1059
			2285	1059
			2284	1060
			2283	1060
			2282	1061
			2281	1061
			2280	1061
			2279	1061
			2279	1062
			2278	1062
			2277	1062
			2276	1062
			2275	1063
			2274	1063
			2273	1063
			2272	1063
			2271	1063
			2270	1064
			2269	1064
			2268	1064
			2267	1064
			2266	1064
			2265	1065
			2264	1065
			2263	1065
			2262	1065
			2261	1065
		</End>
		<Tail2 type=matrix rownames=FALSE colnames=FALSE nrow=181 ncol=2 as.numeric=TRUE >
			2261	1065
			2260	1065
			2259	1065
			2258	1065
			2257	1065
			2256	1065
			2255	1065
			2254	1065
			2253	1065
			2252	1065
			2251	1065
			2250	1065
			2249	1065
			2248	1065
			2247	1065
			2246	1066
			2245	1066
			2244	1066
			2243	1066
			2242	1066
			2241	1066
			2240	1066
			2239	1066
			2238	1066
			2237	1066
			2236	1066
			2235	1066
			2234	1066
			2233	1066
			2232	1066
			2231	1066
			2230	1066
			2229	1066
			2228	1066
			2227	1066
			2226	1066
			2225	1066
			2224	1066
			2223	1066
			2222	1066
			2221	1066
			2220	1066
			2219	1066
			2218	1066
			2217	1066
			2216	1066
			2215	1066
			2214	1066
			2213	1066
			2212	1066
			2211	1066
			2210	1066
			2209	1066
			2208	1066
			2207	1066
			2206	1066
			2205	1066
			2204	1066
			2203	1066
			2202	1066
			2201	1066
			2200	1066
			2199	1066
			2198	1066
			2197	1067
			2196	1067
			2195	1067
			2194	1067
			2193	1067
			2192	1067
			2191	1067
			2190	1067
			2189	1067
			2188	1067
			2187	1067
			2186	1067
			2185	1068
			2184	1068
			2183	1068
			2182	1068
			2181	1068
			2180	1068
			2179	1068
			2178	1068
			2177	1068
			2176	1068
			2175	1069
			2174	1069
			2173	1069
			2172	1069
			2171	1069
			2170	1069
			2169	1069
			2168	1069
			2167	1069
			2166	1069
			2165	1069
			2164	1070
			2163	1070
			2162	1070
			2161	1070
			2160	1070
			2159	1070
			2158	1070
			2157	1070
			2156	1070
			2155	1070
			2155	1071
			2154	1071
			2153	1071
			2152	1071
			2151	1071
			2150	1071
			2149	1071
			2148	1071
			2147	1071
			2146	1072
			2145	1072
			2144	1072
			2143	1072
			2142	1072
			2141	1072
			2140	1072
			2139	1072
			2138	1072
			2137	1072
			2137	1073
			2136	1073
			2135	1073
			2134	1073
			2133	1073
			2132	1073
			2131	1073
			2130	1073
			2129	1073
			2128	1074
			2127	1074
			2126	1074
			2125	1074
			2124	1074
			2123	1074
			2122	1075
			2121	1075
			2120	1075
			2119	1075
			2118	1075
			2117	1075
			2116	1075
			2115	1076
			2114	1076
			2113	1076
			2112	1076
			2111	1076
			2110	1077
			2109	1077
			2108	1077
			2107	1077
			2106	1078
			2105	1078
			2104	1078
			2103	1078
			2102	1079
			2101	1079
			2100	1079
			2099	1079
			2098	1080
			2097	1080
			2096	1080
			2095	1080
			2094	1081
			2093	1081
			2092	1081
			2091	1082
			2090	1082
			2089	1082
			2088	1082
			2087	1083
			2086	1083
			2085	1083
			2084	1084
			2083	1084
		</Tail2>
		<AnalFin type=matrix rownames=FALSE colnames=FALSE nrow=90 ncol=2 as.numeric=TRUE >
			2083	1084
			2082	1085
			2081	1085
			2080	1085
			2079	1086
			2078	1086
			2077	1087
			2076	1087
			2075	1087
			2074	1088
			2073	1088
			2072	1089
			2071	1089
			2070	1089
			2069	1090
			2068	1090
			2067	1091
			2066	1091
			2065	1092
			2064	1092
			2063	1092
			2063	1093
			2062	1093
			2061	1093
			2061	1094
			2060	1094
			2059	1094
			2058	1095
			2057	1096
			2056	1096
			2055	1096
			2054	1097
			2053	1097
			2052	1098
			2051	1098
			2050	1099
			2049	1099
			2048	1100
			2047	1100
			2046	1101
			2045	1101
			2044	1102
			2043	1102
			2042	1103
			2041	1103
			2040	1104
			2039	1104
			2038	1105
			2037	1105
			2037	1106
			2036	1106
			2035	1107
			2034	1107
			2033	1108
			2032	1108
			2031	1109
			2030	1110
			2029	1110
			2028	1111
			2027	1111
			2027	1112
			2026	1112
			2025	1113
			2025	1114
			2024	1114
			2023	1115
			2022	1115
			2022	1116
			2021	1116
			2020	1117
			2019	1118
			2018	1119
			2017	1119
			2016	1120
			2015	1121
			2014	1122
			2013	1122
			2012	1123
			2011	1124
			2010	1124
			2009	1125
			2008	1126
			2007	1126
			2006	1127
			2005	1128
			2004	1129
			2003	1129
			2002	1130
			2001	1131
			2000	1131
		</AnalFin>
		<Pectfin type=matrix rownames=FALSE colnames=FALSE nrow=43 ncol=2 as.numeric=TRUE >
			1714	1096
			1715	1097
			1715	1098
			1716	1098
			1716	1099
			1717	1100
			1717	1101
			1718	1102
			1718	1103
			1719	1104
			1720	1104
			1720	1105
			1721	1106
			1721	1107
			1722	1108
			1722	1109
			1723	1110
			1723	1111
			1724	1112
			1724	1113
			1725	1114
			1725	1115
			1725	1116
			1726	1117
			1726	1118
			1726	1119
			1727	1120
			1727	1121
			1727	1122
			1727	1123
			1727	1124
			1727	1125
			1727	1126
			1727	1127
			1727	1128
			1727	1129
			1727	1130
			1727	1131
			1727	1132
			1727	1133
			1726	1134
			1726	1135
			1726	1136
		</Pectfin>
		<Opercle type=matrix rownames=FALSE colnames=FALSE nrow=130 ncol=2 as.numeric=TRUE >
			1697	1046
			1697	1047
			1697	1048
			1697	1049
			1697	1050
			1697	1051
			1697	1052
			1697	1053
			1697	1054
			1697	1055
			1697	1056
			1697	1057
			1697	1058
			1697	1059
			1697	1060
			1697	1061
			1697	1062
			1697	1063
			1697	1064
			1697	1065
			1697	1066
			1697	1067
			1697	1068
			1697	1069
			1697	1070
			1697	1071
			1697	1072
			1697	1073
			1696	1074
			1696	1075
			1696	1076
			1696	1077
			1696	1078
			1696	1079
			1696	1080
			1696	1081
			1696	1082
			1696	1083
			1695	1084
			1695	1085
			1695	1086
			1695	1087
			1695	1088
			1695	1089
			1695	1090
			1694	1091
			1694	1092
			1694	1093
			1694	1094
			1694	1095
			1693	1096
			1693	1097
			1692	1098
			1692	1099
			1692	1100
			1691	1101
			1691	1102
			1691	1103
			1690	1103
			1690	1104
			1689	1105
			1689	1106
			1689	1107
			1688	1108
			1688	1109
			1687	1110
			1687	1111
			1686	1112
			1686	1113
			1685	1114
			1685	1115
			1684	1116
			1684	1117
			1683	1118
			1683	1119
			1682	1120
			1681	1121
			1681	1122
			1680	1123
			1680	1124
			1679	1125
			1678	1126
			1678	1127
			1677	1128
			1677	1129
			1676	1130
			1676	1131
			1675	1132
			1674	1133
			1673	1134
			1672	1134
			1671	1135
			1670	1136
			1669	1136
			1668	1137
			1667	1137
			1667	1138
			1666	1138
			1665	1138
			1665	1139
			1664	1139
			1663	1139
			1662	1140
			1661	1140
			1660	1141
			1659	1141
			1658	1142
			1657	1142
			1656	1142
			1655	1142
			1654	1143
			1653	1143
			1652	1143
			1651	1143
			1650	1143
			1649	1144
			1648	1144
			1647	1144
			1646	1144
			1645	1144
			1644	1144
			1643	1144
			1642	1144
			1641	1144
			1640	1144
			1639	1144
			1638	1143
			1637	1143
			1636	1143
			1635	1143
		</Opercle>
		<Preopercle type=matrix rownames=FALSE colnames=FALSE nrow=102 ncol=2 as.numeric=TRUE >
			1642	1044
			1642	1045
			1642	1046
			1642	1047
			1642	1048
			1642	1049
			1642	1050
			1642	1051
			1642	1052
			1642	1053
			1642	1054
			1642	1055
			1642	1056
			1642	1057
			1642	1058
			1642	1059
			1642	1060
			1642	1061
			1642	1062
			1642	1063
			1642	1064
			1642	1065
			1642	1066
			1642	1067
			1642	1068
			1642	1069
			1642	1070
			1642	1071
			1642	1072
			1642	1073
			1642	1074
			1642	1075
			1642	1076
			1642	1077
			1641	1078
			1641	1079
			1641	1080
			1641	1081
			1641	1082
			1641	1083
			1641	1084
			1641	1085
			1641	1086
			1641	1087
			1641	1088
			1641	1089
			1641	1090
			1641	1091
			1641	1092
			1641	1093
			1641	1094
			1641	1095
			1641	1096
			1641	1097
			1641	1098
			1641	1099
			1641	1100
			1640	1101
			1640	1102
			1640	1103
			1640	1104
			1640	1105
			1640	1106
			1640	1107
			1640	1108
			1640	1109
			1640	1110
			1640	1111
			1640	1112
			1640	1113
			1640	1114
			1640	1115
			1639	1115
			1639	1116
			1639	1117
			1639	1118
			1639	1119
			1639	1120
			1639	1121
			1639	1122
			1639	1123
			1639	1124
			1639	1125
			1638	1126
			1638	1127
			1638	1128
			1638	1129
			1638	1130
			1638	1131
			1639	1132
			1639	1133
			1639	1134
			1639	1135
			1639	1136
			1639	1137
			1639	1138
			1638	1138
			1638	1139
			1637	1140
			1636	1141
			1636	1142
			1635	1143
		</Preopercle>
	</curves.pixel>
	<curves.scaled type=list>
		<Eye type=matrix rownames=FALSE colnames=FALSE nrow=214 ncol=2 as.numeric=TRUE >
			62.8099238324135	-39.3780403915193
			62.848911991217	-39.4170285503228
			62.8879001500204	-39.4560167091263
			62.9268883088239	-39.4950048679298
			62.9658764676274	-39.5339930267332
			63.0048646264309	-39.5729811855367
			63.0438527852344	-39.6119693443402
			63.0438527852344	-39.6509575031437
			63.0828409440379	-39.6899456619472
			63.1218291028413	-39.7289338207507
			63.1608172616448	-39.7679219795542
			63.1608172616448	-39.8069101383576
			63.1998054204483	-39.8458982971611
			63.1998054204483	-39.8848864559646
			63.2387935792518	-39.9238746147681
			63.2387935792518	-39.9628627735716
			63.2777817380553	-40.0018509323751
			63.2777817380553	-40.0408390911785
			63.3167698968588	-40.079827249982
			63.3167698968588	-40.1188154087855
			63.3557580556622	-40.157803567589
			63.3557580556622	-40.1967917263925
			63.3557580556622	-40.235779885196
			63.3557580556622	-40.2747680439995
			63.3947462144657	-40.3137562028029
			63.3947462144657	-40.3527443616064
			63.3947462144657	-40.3917325204099
			63.3947462144657	-40.4307206792134
			63.3947462144657	-40.4697088380169
			63.3947462144657	-40.5086969968204
			63.3947462144657	-40.5476851556238
			63.3947462144657	-40.5866733144273
			63.3947462144657	-40.6256614732308
			63.3947462144657	-40.6646496320343
			63.3947462144657	-40.7036377908378
			63.3947462144657	-40.7426259496413
			63.3947462144657	-40.7816141084447
			63.3947462144657	-40.8206022672482
			63.3557580556622	-40.8595904260517
			63.3557580556622	-40.8985785848552
			63.3557580556622	-40.9375667436587
			63.3167698968588	-40.9765549024622
			63.3167698968588	-41.0155430612657
			63.3167698968588	-41.0545312200691
			63.2777817380553	-41.0935193788726
			63.2777817380553	-41.1325075376761
			63.2387935792518	-41.1714956964796
			63.2387935792518	-41.2104838552831
			63.1998054204483	-41.2494720140866
			63.1998054204483	-41.28846017289
			63.1608172616448	-41.3274483316935
			63.1218291028413	-41.366436490497
			63.1218291028413	-41.4054246493005
			63.0828409440379	-41.444412808104
			63.0438527852344	-41.4834009669075
			63.0048646264309	-41.522389125711
			62.9658764676274	-41.5613772845144
			62.9658764676274	-41.6003654433179
			62.9268883088239	-41.6393536021214
			62.8879001500204	-41.6783417609249
			62.848911991217	-41.7173299197284
			62.8099238324135	-41.7563180785319
			62.77093567361	-41.7953062373353
			62.7319475148065	-41.8342943961388
			62.692959356003	-41.8732825549423
			62.6539711971995	-41.9122707137458
			62.614983038396	-41.9122707137458
			62.5759948795926	-41.9122707137458
			62.5370067207891	-41.9512588725493
			62.4980185619856	-41.9512588725493
			62.4590304031821	-41.9902470313528
			62.4200422443786	-41.9902470313528
			62.3810540855751	-41.9902470313528
			62.3420659267717	-42.0292351901562
			62.3030777679682	-42.0292351901562
			62.2640896091647	-42.0292351901562
			62.2251014503612	-42.0682233489597
			62.1861132915577	-42.0682233489597
			62.1471251327542	-42.0682233489597
			62.1081369739507	-42.0682233489597
			62.0691488151473	-42.1072115077632
			62.0301606563438	-42.1072115077632
			61.9911724975403	-42.1072115077632
			61.9521843387368	-42.1072115077632
			61.9131961799333	-42.1072115077632
			61.8742080211298	-42.1072115077632
			61.8352198623264	-42.1072115077632
			61.7962317035229	-42.1072115077632
			61.7572435447194	-42.1072115077632
			61.7182553859159	-42.1072115077632
			61.6792672271124	-42.1072115077632
			61.6402790683089	-42.1072115077632
			61.6012909095055	-42.1072115077632
			61.562302750702	-42.1072115077632
			61.5233145918985	-42.1072115077632
			61.484326433095	-42.1072115077632
			61.4453382742915	-42.0682233489597
			61.406350115488	-42.0682233489597
			61.3673619566845	-42.0682233489597
			61.3283737978811	-42.0292351901562
			61.2893856390776	-42.0292351901562
			61.2503974802741	-42.0292351901562
			61.2114093214706	-41.9902470313528
			61.1724211626671	-41.9512588725493
			61.1334330038636	-41.9122707137458
			61.0944448450602	-41.9122707137458
			61.0554566862567	-41.8732825549423
			61.0164685274532	-41.8342943961388
			60.9774803686497	-41.7953062373353
			60.9384922098462	-41.7953062373353
			60.9384922098462	-41.7563180785319
			60.8995040510427	-41.7173299197284
			60.8605158922392	-41.6783417609249
			60.8215277334358	-41.6393536021214
			60.8215277334358	-41.6003654433179
			60.7825395746323	-41.5613772845144
			60.7825395746323	-41.522389125711
			60.7435514158288	-41.4834009669075
			60.7435514158288	-41.444412808104
			60.7045632570253	-41.4054246493005
			60.7045632570253	-41.366436490497
			60.6655750982218	-41.3274483316935
			60.6655750982218	-41.28846017289
			60.6265869394183	-41.2494720140866
			60.6265869394183	-41.2104838552831
			60.6265869394183	-41.1714956964796
			60.5875987806149	-41.1325075376761
			60.5875987806149	-41.0935193788726
			60.5875987806149	-41.0545312200691
			60.5486106218114	-41.0155430612657
			60.5486106218114	-40.9765549024622
			60.5486106218114	-40.9375667436587
			60.5486106218114	-40.8985785848552
			60.5096224630079	-40.8595904260517
			60.5096224630079	-40.8206022672482
			60.5096224630079	-40.7816141084447
			60.5096224630079	-40.7426259496413
			60.5096224630079	-40.7036377908378
			60.5096224630079	-40.6646496320343
			60.5096224630079	-40.6256614732308
			60.5096224630079	-40.5866733144273
			60.5096224630079	-40.5476851556238
			60.5096224630079	-40.5086969968204
			60.5096224630079	-40.4697088380169
			60.5096224630079	-40.4307206792134
			60.5096224630079	-40.3917325204099
			60.5486106218114	-40.3527443616064
			60.5486106218114	-40.3137562028029
			60.5486106218114	-40.2747680439995
			60.5486106218114	-40.235779885196
			60.5875987806149	-40.1967917263925
			60.5875987806149	-40.157803567589
			60.5875987806149	-40.1188154087855
			60.6265869394183	-40.079827249982
			60.6655750982218	-40.0408390911785
			60.6655750982218	-40.0018509323751
			60.7045632570253	-39.9628627735716
			60.7435514158288	-39.9238746147681
			60.7825395746323	-39.8848864559646
			60.7825395746323	-39.8458982971611
			60.8215277334358	-39.8458982971611
			60.8605158922392	-39.8069101383576
			60.8995040510427	-39.7679219795542
			60.9384922098462	-39.7289338207507
			60.9774803686497	-39.7289338207507
			61.0164685274532	-39.6899456619472
			61.0554566862567	-39.6509575031437
			61.0944448450602	-39.6509575031437
			61.1334330038636	-39.6119693443402
			61.1724211626671	-39.6119693443402
			61.2114093214706	-39.6119693443402
			61.2114093214706	-39.5729811855367
			61.2503974802741	-39.5729811855367
			61.2893856390776	-39.5729811855367
			61.3283737978811	-39.5339930267332
			61.3673619566845	-39.5339930267332
			61.406350115488	-39.5339930267332
			61.406350115488	-39.4950048679298
			61.4453382742915	-39.4950048679298
			61.484326433095	-39.4950048679298
			61.5233145918985	-39.4950048679298
			61.562302750702	-39.4560167091263
			61.6012909095055	-39.4560167091263
			61.6402790683089	-39.4560167091263
			61.6792672271124	-39.4560167091263
			61.7182553859159	-39.4560167091263
			61.7572435447194	-39.4170285503228
			61.7962317035229	-39.4170285503228
			61.8352198623264	-39.4170285503228
			61.8742080211298	-39.4170285503228
			61.9131961799333	-39.4170285503228
			61.9521843387368	-39.4170285503228
			61.9911724975403	-39.4170285503228
			62.0301606563438	-39.4170285503228
			62.0691488151473	-39.3780403915193
			62.1081369739507	-39.3780403915193
			62.1471251327542	-39.3780403915193
			62.1861132915577	-39.3780403915193
			62.2251014503612	-39.3780403915193
			62.2640896091647	-39.3780403915193
			62.3030777679682	-39.3780403915193
			62.3420659267717	-39.3780403915193
			62.3810540855751	-39.3780403915193
			62.4200422443786	-39.3780403915193
			62.4590304031821	-39.3780403915193
			62.4980185619856	-39.3780403915193
			62.5370067207891	-39.3780403915193
			62.5759948795926	-39.3780403915193
			62.614983038396	-39.3780403915193
			62.6539711971995	-39.3780403915193
			62.692959356003	-39.3780403915193
			62.7319475148065	-39.3780403915193
			62.77093567361	-39.3780403915193
			62.8099238324135	-39.3780403915193
		</Eye>
		<Head type=matrix rownames=FALSE colnames=FALSE nrow=403 ncol=2 as.numeric=TRUE >
			59.1060487460824	-41.3274483316935
			59.1060487460824	-41.28846017289
			59.1450369048859	-41.2494720140866
			59.1840250636894	-41.2104838552831
			59.1840250636894	-41.1714956964796
			59.2230132224929	-41.1325075376761
			59.2620013812964	-41.0935193788726
			59.2620013812964	-41.0545312200691
			59.3009895400999	-41.0155430612657
			59.3399776989033	-40.9765549024622
			59.3399776989033	-40.9375667436587
			59.3789658577068	-40.8985785848552
			59.4179540165103	-40.8595904260517
			59.4569421753138	-40.8206022672482
			59.4959303341173	-40.7816141084447
			59.5349184929208	-40.7426259496413
			59.5739066517243	-40.7036377908378
			59.6128948105277	-40.6646496320343
			59.6518829693312	-40.6256614732308
			59.6908711281347	-40.5866733144273
			59.7298592869382	-40.5476851556238
			59.7688474457417	-40.5086969968204
			59.8078356045452	-40.4697088380169
			59.8468237633486	-40.4307206792134
			59.8858119221521	-40.3917325204099
			59.9248000809556	-40.3527443616064
			59.9637882397591	-40.3527443616064
			60.0027763985626	-40.3137562028029
			60.0417645573661	-40.3137562028029
			60.0417645573661	-40.2747680439995
			60.0807527161696	-40.235779885196
			60.119740874973	-40.235779885196
			60.1587290337765	-40.1967917263925
			60.19771719258	-40.1967917263925
			60.2367053513835	-40.157803567589
			60.2367053513835	-40.1188154087855
			60.275693510187	-40.1188154087855
			60.3146816689905	-40.079827249982
			60.3536698277939	-40.0408390911785
			60.3926579865974	-40.0408390911785
			60.4316461454009	-40.0018509323751
			60.4316461454009	-39.9628627735716
			60.4706343042044	-39.9628627735716
			60.5096224630079	-39.9238746147681
			60.5096224630079	-39.8848864559646
			60.5486106218114	-39.8458982971611
			60.5875987806149	-39.8458982971611
			60.6265869394183	-39.8069101383576
			60.6265869394183	-39.7679219795542
			60.6655750982218	-39.7289338207507
			60.7045632570253	-39.7289338207507
			60.7435514158288	-39.6899456619472
			60.7825395746323	-39.6509575031437
			60.8215277334358	-39.6509575031437
			60.8605158922392	-39.6119693443402
			60.8995040510427	-39.6119693443402
			60.9384922098462	-39.5729811855367
			60.9774803686497	-39.5339930267332
			61.0164685274532	-39.5339930267332
			61.0554566862567	-39.4950048679298
			61.0944448450602	-39.4950048679298
			61.1334330038636	-39.4560167091263
			61.1724211626671	-39.4560167091263
			61.2114093214706	-39.4560167091263
			61.2503974802741	-39.4170285503228
			61.2893856390776	-39.4170285503228
			61.3283737978811	-39.3780403915193
			61.3673619566845	-39.3780403915193
			61.406350115488	-39.3390522327158
			61.4453382742915	-39.3390522327158
			61.484326433095	-39.3000640739123
			61.5233145918985	-39.3000640739123
			61.562302750702	-39.3000640739123
			61.6012909095055	-39.2610759151089
			61.6402790683089	-39.2610759151089
			61.6792672271124	-39.2610759151089
			61.7182553859159	-39.2220877563054
			61.7572435447194	-39.2220877563054
			61.7962317035229	-39.2220877563054
			61.8352198623264	-39.1830995975019
			61.8742080211298	-39.1830995975019
			61.9131961799333	-39.1830995975019
			61.9521843387368	-39.1441114386984
			61.9911724975403	-39.1441114386984
			62.0301606563438	-39.1441114386984
			62.0691488151473	-39.1051232798949
			62.1081369739507	-39.1051232798949
			62.1471251327542	-39.1051232798949
			62.1861132915577	-39.0661351210914
			62.2251014503612	-39.0661351210914
			62.2640896091647	-39.0661351210914
			62.3030777679682	-39.0271469622879
			62.3420659267717	-39.0271469622879
			62.3810540855751	-39.0271469622879
			62.4200422443786	-39.0271469622879
			62.4590304031821	-38.9881588034845
			62.4980185619856	-38.9881588034845
			62.5370067207891	-38.9881588034845
			62.5759948795926	-38.9881588034845
			62.614983038396	-38.949170644681
			62.6539711971995	-38.949170644681
			62.692959356003	-38.949170644681
			62.7319475148065	-38.949170644681
			62.77093567361	-38.949170644681
			62.77093567361	-38.9101824858775
			62.8099238324135	-38.9101824858775
			62.848911991217	-38.9101824858775
			62.8879001500204	-38.9101824858775
			62.9268883088239	-38.871194327074
			62.9658764676274	-38.871194327074
			63.0048646264309	-38.871194327074
			63.0438527852344	-38.871194327074
			63.0828409440379	-38.871194327074
			63.1218291028413	-38.8322061682705
			63.1608172616448	-38.8322061682705
			63.1998054204483	-38.8322061682705
			63.2387935792518	-38.8322061682705
			63.2777817380553	-38.793218009467
			63.3167698968588	-38.793218009467
			63.3557580556622	-38.793218009467
			63.3947462144657	-38.793218009467
			63.4337343732692	-38.793218009467
			63.4727225320727	-38.7542298506636
			63.5117106908762	-38.7542298506636
			63.5506988496797	-38.7542298506636
			63.5896870084832	-38.7542298506636
			63.6286751672866	-38.7542298506636
			63.6676633260901	-38.7152416918601
			63.7066514848936	-38.7152416918601
			63.7456396436971	-38.7152416918601
			63.7846278025006	-38.7152416918601
			63.8236159613041	-38.7152416918601
			63.8626041201075	-38.6762535330566
			63.901592278911	-38.6762535330566
			63.9405804377145	-38.6762535330566
			63.979568596518	-38.6762535330566
			64.0185567553215	-38.6762535330566
			64.057544914125	-38.6762535330566
			64.0965330729285	-38.6372653742531
			64.1355212317319	-38.6372653742531
			64.1745093905354	-38.6372653742531
			64.2134975493389	-38.6372653742531
			64.2524857081424	-38.6372653742531
			64.2914738669459	-38.5982772154496
			64.3304620257494	-38.5982772154496
			64.3694501845528	-38.5982772154496
			64.4084383433563	-38.5982772154496
			64.4474265021598	-38.5982772154496
			64.4864146609633	-38.5982772154496
			64.5254028197668	-38.5592890566461
			64.5643909785703	-38.5592890566461
			64.6033791373738	-38.5592890566461
			64.6423672961772	-38.5592890566461
			64.6813554549807	-38.5592890566461
			64.7203436137842	-38.5203008978426
			64.7593317725877	-38.5203008978426
			64.7983199313912	-38.5203008978426
			64.8373080901947	-38.5203008978426
			64.8762962489981	-38.5203008978426
			64.9152844078016	-38.4813127390392
			64.9542725666051	-38.4813127390392
			64.9932607254086	-38.4813127390392
			65.0322488842121	-38.4813127390392
			65.0712370430156	-38.4813127390392
			65.110225201819	-38.4423245802357
			65.1492133606225	-38.4423245802357
			65.188201519426	-38.4423245802357
			65.2271896782295	-38.4423245802357
			65.266177837033	-38.4423245802357
			65.3051659958365	-38.4033364214322
			65.34415415464	-38.4033364214322
			65.3831423134434	-38.4033364214322
			65.4221304722469	-38.4033364214322
			65.4611186310504	-38.3643482626287
			65.5001067898539	-38.3643482626287
			65.5390949486574	-38.3643482626287
			65.5780831074609	-38.3643482626287
			65.6170712662643	-38.3643482626287
			65.6560594250678	-38.3253601038252
			65.6950475838713	-38.3253601038252
			65.7340357426748	-38.3253601038252
			65.7730239014783	-38.3253601038252
			65.8120120602818	-38.3253601038252
			65.8510002190853	-38.3253601038252
			65.8899883778887	-38.2863719450217
			65.9289765366922	-38.2863719450217
			65.9679646954957	-38.2863719450217
			66.0069528542992	-38.2863719450217
			66.0459410131027	-38.2863719450217
			66.0849291719062	-38.2863719450217
			66.1239173307096	-38.2473837862183
			66.1629054895131	-38.2473837862183
			66.2018936483166	-38.2473837862183
			66.2408818071201	-38.2473837862183
			66.2798699659236	-38.2473837862183
			66.3188581247271	-38.2473837862183
			66.3188581247271	-38.2083956274148
			66.3578462835305	-38.2083956274148
			66.396834442334	-38.2083956274148
			66.4358226011375	-38.2083956274148
			66.474810759941	-38.2083956274148
			66.5137989187445	-38.2083956274148
			66.552787077548	-38.2083956274148
			66.5917752363515	-38.1694074686113
			66.6307633951549	-38.1694074686113
			66.6697515539584	-38.1694074686113
			66.7087397127619	-38.1694074686113
			66.7477278715654	-38.1694074686113
			66.7867160303689	-38.1694074686113
			66.8257041891724	-38.1304193098078
			66.8646923479758	-38.1304193098078
			66.9036805067793	-38.1304193098078
			66.9426686655828	-38.1304193098078
			66.9816568243863	-38.1304193098078
			67.0206449831898	-38.1304193098078
			67.0596331419933	-38.1304193098078
			67.0986213007968	-38.1304193098078
			67.1376094596002	-38.0914311510043
			67.1765976184037	-38.0914311510043
			67.2155857772072	-38.0914311510043
			67.2545739360107	-38.0914311510043
			67.2935620948142	-38.0914311510043
			67.3325502536177	-38.0914311510043
			67.3715384124211	-38.0914311510043
			67.4105265712246	-38.0914311510043
			67.4495147300281	-38.0914311510043
			67.4885028888316	-38.0524429922008
			67.5274910476351	-38.0524429922008
			67.5664792064386	-38.0524429922008
			67.6054673652421	-38.0524429922008
			67.6444555240455	-38.0524429922008
			67.683443682849	-38.0524429922008
			67.7224318416525	-38.0524429922008
			67.761420000456	-38.0524429922008
			67.8004081592595	-38.0524429922008
			67.839396318063	-38.0524429922008
			67.8783844768664	-38.0524429922008
			67.9173726356699	-38.0524429922008
			67.9563607944734	-38.0524429922008
			67.9953489532769	-38.0134548333973
			68.0343371120804	-38.0134548333973
			68.0733252708839	-38.0134548333973
			68.1123134296873	-38.0134548333973
			68.1513015884908	-38.0134548333973
			68.1902897472943	-38.0134548333973
			68.2292779060978	-38.0134548333973
			68.2682660649013	-38.0134548333973
			68.3072542237048	-38.0134548333973
			68.3462423825083	-38.0134548333973
			68.3852305413117	-38.0134548333973
			68.4242187001152	-38.0134548333973
			68.4632068589187	-38.0134548333973
			68.5021950177222	-38.0134548333973
			68.5411831765257	-38.0134548333973
			68.5801713353292	-38.0134548333973
			68.6191594941326	-38.0134548333973
			68.6581476529361	-38.0134548333973
			68.6971358117396	-38.0134548333973
			68.7361239705431	-38.0524429922008
			68.7751121293466	-38.0524429922008
			68.8141002881501	-38.0524429922008
			68.8530884469536	-38.0524429922008
			68.892076605757	-38.0524429922008
			68.9310647645605	-38.0524429922008
			68.970052923364	-38.0524429922008
			69.0090410821675	-38.0524429922008
			69.048029240971	-38.0524429922008
			69.0870173997745	-38.0134548333973
			69.1260055585779	-38.0134548333973
			69.1649937173814	-38.0134548333973
			69.2039818761849	-38.0134548333973
			69.2429700349884	-38.0134548333973
			69.2819581937919	-38.0134548333973
			69.3209463525954	-38.0134548333973
			69.3599345113989	-38.0134548333973
			69.3989226702023	-38.0134548333973
			69.4379108290058	-38.0134548333973
			69.4379108290058	-37.9744666745939
			69.4768989878093	-37.9744666745939
			69.5158871466128	-37.9744666745939
			69.5548753054163	-37.9744666745939
			69.5938634642198	-37.9744666745939
			69.6328516230232	-37.9744666745939
			69.6718397818267	-37.9744666745939
			69.7108279406302	-37.9744666745939
			69.7498160994337	-37.9744666745939
			69.7888042582372	-37.9354785157904
			69.8277924170407	-37.9354785157904
			69.8667805758442	-37.9354785157904
			69.9057687346476	-37.9354785157904
			69.9447568934511	-37.9354785157904
			69.9837450522546	-37.9354785157904
			70.0227332110581	-37.9354785157904
			70.0617213698616	-37.9354785157904
			70.1007095286651	-37.8964903569869
			70.1396976874685	-37.8964903569869
			70.178685846272	-37.8964903569869
			70.2176740050755	-37.8964903569869
			70.256662163879	-37.8964903569869
			70.2956503226825	-37.8964903569869
			70.334638481486	-37.8964903569869
			70.3736266402895	-37.8964903569869
			70.4126147990929	-37.8575021981834
			70.4516029578964	-37.8575021981834
			70.4905911166999	-37.8575021981834
			70.5295792755034	-37.8575021981834
			70.5685674343069	-37.8575021981834
			70.6075555931104	-37.8575021981834
			70.6465437519138	-37.8575021981834
			70.6855319107173	-37.8185140393799
			70.7245200695208	-37.8185140393799
			70.7635082283243	-37.8185140393799
			70.8024963871278	-37.8185140393799
			70.8414845459313	-37.8185140393799
			70.8804727047348	-37.8185140393799
			70.9194608635382	-37.8185140393799
			70.9584490223417	-37.8185140393799
			70.9974371811452	-37.7795258805764
			71.0364253399487	-37.7795258805764
			71.0754134987522	-37.7795258805764
			71.1144016575557	-37.7795258805764
			71.1533898163591	-37.7795258805764
			71.1923779751626	-37.7795258805764
			71.2313661339661	-37.7795258805764
			71.2703542927696	-37.7795258805764
			71.3093424515731	-37.740537721773
			71.3483306103766	-37.740537721773
			71.3873187691801	-37.740537721773
			71.4263069279835	-37.740537721773
			71.465295086787	-37.740537721773
			71.5042832455905	-37.740537721773
			71.543271404394	-37.740537721773
			71.5822595631975	-37.7015495629695
			71.621247722001	-37.7015495629695
			71.6602358808044	-37.7015495629695
			71.6992240396079	-37.7015495629695
			71.7382121984114	-37.7015495629695
			71.7772003572149	-37.7015495629695
			71.8161885160184	-37.7015495629695
			71.8551766748219	-37.7015495629695
			71.8551766748219	-37.662561404166
			71.8941648336254	-37.662561404166
			71.9331529924288	-37.662561404166
			71.9721411512323	-37.662561404166
			72.0111293100358	-37.662561404166
			72.0501174688393	-37.662561404166
			72.0891056276428	-37.662561404166
			72.1280937864463	-37.6235732453625
			72.1670819452497	-37.6235732453625
			72.2060701040532	-37.6235732453625
			72.2450582628567	-37.6235732453625
			72.2840464216602	-37.6235732453625
			72.3230345804637	-37.6235732453625
			72.3620227392672	-37.584585086559
			72.4010108980707	-37.584585086559
			72.4399990568741	-37.584585086559
			72.4789872156776	-37.584585086559
			72.5179753744811	-37.584585086559
			72.5569635332846	-37.584585086559
			72.5959516920881	-37.584585086559
			72.6349398508916	-37.5455969277555
			72.673928009695	-37.5455969277555
			72.7129161684985	-37.5455969277555
			72.751904327302	-37.5455969277555
			72.7908924861055	-37.5455969277555
			72.829880644909	-37.506608768952
			72.8688688037125	-37.506608768952
			72.9078569625159	-37.506608768952
			72.9468451213194	-37.506608768952
			72.9858332801229	-37.506608768952
			73.0248214389264	-37.506608768952
			73.0638095977299	-37.4676206101486
			73.1027977565334	-37.4676206101486
			73.1417859153369	-37.4676206101486
			73.1807740741403	-37.4676206101486
			73.2197622329438	-37.4676206101486
			73.2587503917473	-37.4676206101486
			73.2977385505508	-37.4286324513451
			73.3367267093543	-37.4286324513451
			73.3757148681578	-37.4286324513451
			73.4147030269612	-37.4286324513451
			73.4536911857647	-37.4286324513451
			73.4926793445682	-37.4286324513451
			73.5316675033717	-37.4286324513451
			73.5706556621752	-37.4286324513451
			73.6096438209787	-37.4286324513451
			73.6486319797822	-37.4286324513451
			73.6876201385856	-37.3896442925416
			73.7266082973891	-37.3896442925416
			73.7655964561926	-37.3896442925416
			73.8045846149961	-37.3896442925416
			73.8435727737996	-37.3896442925416
			73.8825609326031	-37.3896442925416
			73.9215490914065	-37.3896442925416
			73.96053725021	-37.3896442925416
			73.9995254090135	-37.3896442925416
			74.038513567817	-37.3896442925416
			74.0775017266205	-37.3896442925416
			74.116489885424	-37.3896442925416
			74.1554780442275	-37.3896442925416
			74.1944662030309	-37.3896442925416
			74.2334543618344	-37.3896442925416
			74.2724425206379	-37.3896442925416
		</Head>
		<Tail1 type=matrix rownames=FALSE colnames=FALSE nrow=355 ncol=2 as.numeric=TRUE >
			74.2724425206379	-37.3896442925416
			74.3114306794414	-37.3896442925416
			74.3504188382449	-37.3896442925416
			74.3894069970484	-37.3896442925416
			74.4283951558518	-37.4286324513451
			74.4673833146553	-37.4286324513451
			74.5063714734588	-37.4286324513451
			74.5453596322623	-37.4286324513451
			74.5843477910658	-37.4286324513451
			74.6233359498693	-37.4286324513451
			74.6623241086727	-37.4286324513451
			74.7013122674762	-37.4286324513451
			74.7403004262797	-37.4676206101486
			74.7792885850832	-37.4676206101486
			74.8182767438867	-37.4676206101486
			74.8572649026902	-37.4676206101486
			74.8962530614937	-37.4676206101486
			74.9352412202971	-37.4676206101486
			74.9742293791006	-37.4676206101486
			75.0132175379041	-37.506608768952
			75.0522056967076	-37.506608768952
			75.0911938555111	-37.506608768952
			75.1301820143146	-37.506608768952
			75.169170173118	-37.506608768952
			75.2081583319215	-37.506608768952
			75.247146490725	-37.506608768952
			75.247146490725	-37.5455969277555
			75.2861346495285	-37.5455969277555
			75.325122808332	-37.5455969277555
			75.3641109671355	-37.5455969277555
			75.403099125939	-37.5455969277555
			75.4420872847424	-37.5455969277555
			75.4810754435459	-37.5455969277555
			75.5200636023494	-37.584585086559
			75.5590517611529	-37.584585086559
			75.5980399199564	-37.584585086559
			75.6370280787599	-37.584585086559
			75.6760162375633	-37.584585086559
			75.7150043963668	-37.584585086559
			75.7539925551703	-37.584585086559
			75.7929807139738	-37.6235732453625
			75.8319688727773	-37.6235732453625
			75.8709570315808	-37.6235732453625
			75.9099451903842	-37.6235732453625
			75.9489333491877	-37.6235732453625
			75.9879215079912	-37.6235732453625
			76.0269096667947	-37.662561404166
			76.0658978255982	-37.662561404166
			76.1048859844017	-37.662561404166
			76.1438741432052	-37.662561404166
			76.1828623020086	-37.662561404166
			76.2218504608121	-37.662561404166
			76.2608386196156	-37.7015495629695
			76.2998267784191	-37.7015495629695
			76.3388149372226	-37.7015495629695
			76.3778030960261	-37.7015495629695
			76.4167912548295	-37.7015495629695
			76.455779413633	-37.7015495629695
			76.455779413633	-37.740537721773
			76.4947675724365	-37.740537721773
			76.53375573124	-37.740537721773
			76.5727438900435	-37.740537721773
			76.611732048847	-37.740537721773
			76.6507202076505	-37.740537721773
			76.6897083664539	-37.7795258805764
			76.7286965252574	-37.7795258805764
			76.7676846840609	-37.7795258805764
			76.8066728428644	-37.7795258805764
			76.8456610016679	-37.7795258805764
			76.8846491604714	-37.8185140393799
			76.9236373192748	-37.8185140393799
			76.9626254780783	-37.8185140393799
			77.0016136368818	-37.8185140393799
			77.0406017956853	-37.8185140393799
			77.0795899544888	-37.8185140393799
			77.1185781132923	-37.8575021981834
			77.1575662720957	-37.8575021981834
			77.1965544308992	-37.8575021981834
			77.2355425897027	-37.8575021981834
			77.2745307485062	-37.8575021981834
			77.3135189073097	-37.8964903569869
			77.3525070661132	-37.8964903569869
			77.3914952249167	-37.8964903569869
			77.4304833837201	-37.8964903569869
			77.4694715425236	-37.8964903569869
			77.5084597013271	-37.9354785157904
			77.5474478601306	-37.9354785157904
			77.5864360189341	-37.9354785157904
			77.6254241777376	-37.9354785157904
			77.664412336541	-37.9354785157904
			77.7034004953445	-37.9744666745939
			77.742388654148	-37.9744666745939
			77.7813768129515	-37.9744666745939
			77.820364971755	-37.9744666745939
			77.8593531305585	-37.9744666745939
			77.898341289362	-38.0134548333973
			77.9373294481654	-38.0134548333973
			77.9763176069689	-38.0134548333973
			78.0153057657724	-38.0134548333973
			78.0542939245759	-38.0134548333973
			78.0932820833794	-38.0134548333973
			78.1322702421829	-38.0134548333973
			78.1712584009863	-38.0134548333973
			78.2102465597898	-38.0524429922008
			78.2492347185933	-38.0524429922008
			78.2882228773968	-38.0524429922008
			78.3272110362003	-38.0524429922008
			78.3661991950038	-38.0524429922008
			78.4051873538072	-38.0524429922008
			78.4441755126107	-38.0524429922008
			78.4831636714142	-38.0524429922008
			78.5221518302177	-38.0524429922008
			78.5611399890212	-38.0524429922008
			78.6001281478247	-38.0524429922008
			78.6391163066282	-38.0524429922008
			78.6781044654316	-38.0914311510043
			78.7170926242351	-38.0914311510043
			78.7560807830386	-38.0914311510043
			78.7950689418421	-38.0914311510043
			78.8340571006456	-38.0914311510043
			78.8730452594491	-38.0914311510043
			78.9120334182525	-38.0914311510043
			78.951021577056	-38.0914311510043
			78.9900097358595	-38.0914311510043
			79.028997894663	-38.0914311510043
			79.0679860534665	-38.0914311510043
			79.10697421227	-38.0914311510043
			79.1459623710735	-38.0914311510043
			79.1849505298769	-38.1304193098078
			79.2239386886804	-38.1304193098078
			79.2629268474839	-38.1304193098078
			79.3019150062874	-38.1304193098078
			79.3409031650909	-38.1304193098078
			79.3798913238944	-38.1304193098078
			79.4188794826978	-38.1304193098078
			79.4578676415013	-38.1304193098078
			79.4968558003048	-38.1304193098078
			79.5358439591083	-38.1304193098078
			79.5748321179118	-38.1304193098078
			79.6138202767153	-38.1304193098078
			79.6528084355188	-38.1304193098078
			79.6917965943222	-38.1694074686113
			79.7307847531257	-38.1694074686113
			79.7697729119292	-38.1694074686113
			79.8087610707327	-38.1694074686113
			79.8477492295362	-38.1694074686113
			79.8867373883397	-38.1694074686113
			79.9257255471431	-38.1694074686113
			79.9647137059466	-38.1694074686113
			80.0037018647501	-38.1694074686113
			80.0426900235536	-38.1694074686113
			80.0816781823571	-38.1694074686113
			80.1206663411606	-38.1694074686113
			80.159654499964	-38.1694074686113
			80.1986426587675	-38.1694074686113
			80.237630817571	-38.1694074686113
			80.2766189763745	-38.1694074686113
			80.315607135178	-38.2083956274148
			80.3545952939815	-38.2083956274148
			80.393583452785	-38.2083956274148
			80.4325716115884	-38.2083956274148
			80.4715597703919	-38.2083956274148
			80.5105479291954	-38.2083956274148
			80.5495360879989	-38.2083956274148
			80.5885242468024	-38.2083956274148
			80.6275124056059	-38.2083956274148
			80.6665005644093	-38.2083956274148
			80.7054887232128	-38.2083956274148
			80.7444768820163	-38.2083956274148
			80.7834650408198	-38.2083956274148
			80.8224531996233	-38.2083956274148
			80.8614413584268	-38.2083956274148
			80.9004295172303	-38.2083956274148
			80.9394176760337	-38.2473837862183
			80.9784058348372	-38.2473837862183
			81.0173939936407	-38.2473837862183
			81.0563821524442	-38.2473837862183
			81.0953703112477	-38.2473837862183
			81.1343584700512	-38.2473837862183
			81.1733466288546	-38.2473837862183
			81.2123347876581	-38.2473837862183
			81.2513229464616	-38.2473837862183
			81.2903111052651	-38.2473837862183
			81.3292992640686	-38.2473837862183
			81.3682874228721	-38.2473837862183
			81.4072755816755	-38.2473837862183
			81.446263740479	-38.2473837862183
			81.4852518992825	-38.2473837862183
			81.524240058086	-38.2473837862183
			81.5632282168895	-38.2473837862183
			81.602216375693	-38.2473837862183
			81.6412045344965	-38.2863719450217
			81.6801926932999	-38.2863719450217
			81.7191808521034	-38.2863719450217
			81.7581690109069	-38.2863719450217
			81.7971571697104	-38.2863719450217
			81.8361453285139	-38.2863719450217
			81.8751334873174	-38.2863719450217
			81.9141216461208	-38.2863719450217
			81.9531098049243	-38.2863719450217
			81.9920979637278	-38.2863719450217
			82.0310861225313	-38.2863719450217
			82.0700742813348	-38.2863719450217
			82.1090624401383	-38.2863719450217
			82.1480505989418	-38.2863719450217
			82.1870387577452	-38.2863719450217
			82.2260269165487	-38.2473837862183
			82.2650150753522	-38.2473837862183
			82.3040032341557	-38.2473837862183
			82.3429913929592	-38.2473837862183
			82.3819795517627	-38.2473837862183
			82.4209677105661	-38.2473837862183
			82.4599558693696	-38.2473837862183
			82.4989440281731	-38.2473837862183
			82.5379321869766	-38.2473837862183
			82.5769203457801	-38.2473837862183
			82.6159085045836	-38.2473837862183
			82.6548966633871	-38.2473837862183
			82.6938848221905	-38.2473837862183
			82.732872980994	-38.2473837862183
			82.7718611397975	-38.2473837862183
			82.810849298601	-38.2473837862183
			82.8498374574045	-38.2473837862183
			82.888825616208	-38.2473837862183
			82.9278137750114	-38.2473837862183
			82.9668019338149	-38.2473837862183
			83.0057900926184	-38.2473837862183
			83.0447782514219	-38.2473837862183
			83.0837664102254	-38.2863719450217
			83.1227545690289	-38.2863719450217
			83.1617427278324	-38.2863719450217
			83.2007308866358	-38.2863719450217
			83.2397190454393	-38.2863719450217
			83.2787072042428	-38.2863719450217
			83.3176953630463	-38.2863719450217
			83.3566835218498	-38.2863719450217
			83.3956716806533	-38.2863719450217
			83.4346598394567	-38.2863719450217
			83.4736479982602	-38.3253601038252
			83.5126361570637	-38.3253601038252
			83.5516243158672	-38.3253601038252
			83.5906124746707	-38.3253601038252
			83.6296006334742	-38.3253601038252
			83.6685887922777	-38.3253601038252
			83.7075769510811	-38.3643482626287
			83.7465651098846	-38.3643482626287
			83.7855532686881	-38.3643482626287
			83.8245414274916	-38.3643482626287
			83.8635295862951	-38.3643482626287
			83.9025177450986	-38.3643482626287
			83.941505903902	-38.4033364214322
			83.9804940627055	-38.4033364214322
			84.019482221509	-38.4033364214322
			84.0584703803125	-38.4033364214322
			84.097458539116	-38.4033364214322
			84.1364466979195	-38.4423245802357
			84.175434856723	-38.4423245802357
			84.2144230155264	-38.4423245802357
			84.2534111743299	-38.4423245802357
			84.2923993331334	-38.4033364214322
			84.3313874919369	-38.4033364214322
			84.3703756507404	-38.4033364214322
			84.4093638095439	-38.4033364214322
			84.4483519683473	-38.4033364214322
			84.4873401271508	-38.3643482626287
			84.5263282859543	-38.3643482626287
			84.5653164447578	-38.3643482626287
			84.6043046035613	-38.3643482626287
			84.6432927623648	-38.3643482626287
			84.6822809211683	-38.3643482626287
			84.7212690799717	-38.3253601038252
			84.7602572387752	-38.3253601038252
			84.7992453975787	-38.3253601038252
			84.8382335563822	-38.3253601038252
			84.8772217151857	-38.3253601038252
			84.9162098739892	-38.2863719450217
			84.9551980327926	-38.2863719450217
			84.9941861915961	-38.2863719450217
			85.0331743503996	-38.2863719450217
			85.0721625092031	-38.2863719450217
			85.1111506680066	-38.2863719450217
			85.1501388268101	-38.2473837862183
			85.1891269856136	-38.2473837862183
			85.228115144417	-38.2473837862183
			85.2671033032205	-38.2473837862183
			85.306091462024	-38.2473837862183
			85.3450796208275	-38.2473837862183
			85.384067779631	-38.2473837862183
			85.384067779631	-38.2083956274148
			85.4230559384345	-38.2083956274148
			85.4620440972379	-38.2083956274148
			85.5010322560414	-38.2083956274148
			85.5400204148449	-38.2083956274148
			85.5790085736484	-38.2083956274148
			85.6179967324519	-38.2083956274148
			85.6569848912554	-38.2083956274148
			85.6959730500588	-38.1694074686113
			85.7349612088623	-38.1694074686113
			85.7739493676658	-38.1694074686113
			85.8129375264693	-38.1694074686113
			85.8519256852728	-38.1694074686113
			85.8909138440763	-38.1694074686113
			85.9299020028798	-38.1694074686113
			85.9688901616832	-38.1694074686113
			86.0078783204867	-38.1694074686113
			86.0468664792902	-38.1304193098078
			86.0858546380937	-38.1304193098078
			86.1248427968972	-38.1304193098078
			86.1638309557007	-38.1304193098078
			86.2028191145041	-38.1304193098078
			86.2418072733076	-38.1304193098078
			86.2807954321111	-38.1304193098078
			86.3197835909146	-38.1304193098078
			86.3587717497181	-38.1304193098078
			86.3977599085216	-38.1304193098078
			86.4367480673251	-38.1304193098078
			86.4757362261285	-38.0914311510043
			86.514724384932	-38.0914311510043
			86.5537125437355	-38.0914311510043
			86.592700702539	-38.0914311510043
			86.6316888613425	-38.0914311510043
			86.670677020146	-38.0914311510043
			86.7096651789494	-38.0914311510043
			86.7486533377529	-38.0914311510043
			86.7876414965564	-38.0914311510043
			86.8266296553599	-38.0914311510043
			86.8656178141634	-38.0914311510043
			86.9046059729669	-38.0914311510043
			86.9435941317704	-38.0914311510043
			86.9825822905738	-38.0914311510043
			87.0215704493773	-38.0914311510043
			87.0605586081808	-38.0914311510043
			87.0995467669843	-38.0914311510043
			87.1385349257878	-38.0914311510043
			87.1775230845913	-38.0914311510043
			87.2165112433947	-38.0914311510043
			87.2554994021982	-38.0914311510043
			87.2944875610017	-38.0914311510043
			87.3334757198052	-38.0914311510043
			87.3724638786087	-38.0914311510043
			87.4114520374122	-38.0914311510043
			87.4504401962157	-38.0914311510043
			87.4894283550191	-38.0914311510043
			87.5284165138226	-38.0914311510043
			87.5674046726261	-38.0914311510043
			87.6063928314296	-38.0914311510043
			87.6453809902331	-38.0914311510043
			87.6843691490366	-38.0914311510043
			87.72335730784	-38.0914311510043
			87.7623454666435	-38.0914311510043
			87.801333625447	-38.0914311510043
			87.8403217842505	-38.0914311510043
			87.879309943054	-38.0914311510043
			87.9182981018575	-38.0914311510043
			87.957286260661	-38.0914311510043
		</Tail1>
		<End type=matrix rownames=FALSE colnames=FALSE nrow=140 ncol=2 as.numeric=TRUE >
			87.957286260661	-38.0914311510043
			87.9962744194644	-38.0914311510043
			88.0352625782679	-38.0914311510043
			88.0742507370714	-38.0914311510043
			88.1132388958749	-38.0914311510043
			88.1522270546784	-38.0524429922008
			88.1912152134819	-38.0524429922008
			88.2302033722853	-38.0524429922008
			88.2691915310888	-38.0524429922008
			88.3081796898923	-38.0524429922008
			88.3471678486958	-38.0524429922008
			88.3861560074993	-38.0524429922008
			88.4251441663028	-38.0524429922008
			88.4641323251062	-38.0524429922008
			88.5031204839097	-38.0524429922008
			88.5421086427132	-38.0524429922008
			88.5810968015167	-38.0914311510043
			88.6200849603202	-38.0914311510043
			88.6590731191237	-38.0914311510043
			88.6980612779272	-38.0914311510043
			88.7370494367306	-38.0914311510043
			88.7760375955341	-38.0914311510043
			88.8150257543376	-38.1304193098078
			88.8540139131411	-38.1304193098078
			88.8930020719446	-38.1304193098078
			88.9319902307481	-38.1694074686113
			88.9709783895515	-38.1694074686113
			89.009966548355	-38.1694074686113
			89.0489547071585	-38.2083956274148
			89.087942865962	-38.2083956274148
			89.1269310247655	-38.2473837862183
			89.165919183569	-38.2863719450217
			89.2049073423725	-38.3253601038252
			89.2438955011759	-38.3253601038252
			89.2828836599794	-38.3643482626287
			89.3218718187829	-38.4033364214322
			89.3218718187829	-38.4423245802357
			89.3608599775864	-38.4813127390392
			89.3998481363899	-38.5203008978426
			89.4388362951934	-38.5203008978426
			89.4388362951934	-38.5592890566461
			89.4778244539968	-38.5982772154496
			89.4778244539968	-38.6372653742531
			89.5168126128003	-38.6762535330566
			89.5168126128003	-38.7152416918601
			89.5168126128003	-38.7542298506636
			89.5558007716038	-38.793218009467
			89.5558007716038	-38.8322061682705
			89.5558007716038	-38.871194327074
			89.5947889304073	-38.9101824858775
			89.5947889304073	-38.949170644681
			89.5947889304073	-38.9881588034845
			89.5947889304073	-39.0271469622879
			89.5947889304073	-39.0661351210914
			89.6337770892108	-39.1051232798949
			89.6337770892108	-39.1441114386984
			89.6337770892108	-39.1830995975019
			89.6337770892108	-39.2220877563054
			89.6337770892108	-39.2610759151089
			89.6337770892108	-39.3000640739123
			89.6337770892108	-39.3390522327158
			89.6337770892108	-39.3780403915193
			89.6337770892108	-39.4170285503228
			89.6337770892108	-39.4560167091263
			89.6337770892108	-39.4950048679298
			89.6727652480143	-39.5339930267332
			89.6727652480143	-39.5729811855367
			89.6727652480143	-39.6119693443402
			89.7117534068177	-39.6509575031437
			89.7117534068177	-39.6899456619472
			89.7117534068177	-39.7289338207507
			89.7117534068177	-39.7679219795542
			89.7507415656212	-39.8069101383576
			89.7507415656212	-39.8458982971611
			89.7507415656212	-39.8848864559646
			89.7507415656212	-39.9238746147681
			89.7897297244247	-39.9628627735716
			89.7897297244247	-40.0018509323751
			89.7897297244247	-40.0408390911785
			89.7897297244247	-40.079827249982
			89.7897297244247	-40.1188154087855
			89.7897297244247	-40.157803567589
			89.7897297244247	-40.1967917263925
			89.7897297244247	-40.235779885196
			89.7897297244247	-40.2747680439995
			89.7897297244247	-40.3137562028029
			89.7897297244247	-40.3527443616064
			89.7897297244247	-40.3917325204099
			89.7897297244247	-40.4307206792134
			89.7897297244247	-40.4697088380169
			89.7897297244247	-40.5086969968204
			89.7897297244247	-40.5476851556238
			89.7507415656212	-40.5866733144273
			89.7507415656212	-40.6256614732308
			89.7507415656212	-40.6646496320343
			89.7117534068177	-40.7036377908378
			89.7117534068177	-40.7426259496413
			89.7117534068177	-40.7816141084447
			89.6727652480143	-40.8206022672482
			89.6337770892108	-40.8595904260517
			89.5947889304073	-40.8985785848552
			89.5947889304073	-40.9375667436587
			89.5558007716038	-40.9765549024622
			89.5168126128003	-41.0155430612657
			89.4778244539968	-41.0545312200691
			89.4388362951934	-41.0935193788726
			89.3998481363899	-41.0935193788726
			89.3608599775864	-41.1325075376761
			89.3218718187829	-41.1714956964796
			89.2828836599794	-41.2104838552831
			89.2438955011759	-41.2104838552831
			89.2049073423725	-41.2494720140866
			89.165919183569	-41.2494720140866
			89.1269310247655	-41.28846017289
			89.087942865962	-41.28846017289
			89.0489547071585	-41.3274483316935
			89.009966548355	-41.3274483316935
			88.9709783895515	-41.366436490497
			88.9319902307481	-41.366436490497
			88.8930020719446	-41.366436490497
			88.8540139131411	-41.366436490497
			88.8540139131411	-41.4054246493005
			88.8150257543376	-41.4054246493005
			88.7760375955341	-41.4054246493005
			88.7370494367306	-41.4054246493005
			88.6980612779272	-41.444412808104
			88.6590731191237	-41.444412808104
			88.6200849603202	-41.444412808104
			88.5810968015167	-41.444412808104
			88.5421086427132	-41.444412808104
			88.5031204839097	-41.4834009669075
			88.4641323251062	-41.4834009669075
			88.4251441663028	-41.4834009669075
			88.3861560074993	-41.4834009669075
			88.3471678486958	-41.4834009669075
			88.3081796898923	-41.522389125711
			88.2691915310888	-41.522389125711
			88.2302033722853	-41.522389125711
			88.1912152134819	-41.522389125711
			88.1522270546784	-41.522389125711
		</End>
		<Tail2 type=matrix rownames=FALSE colnames=FALSE nrow=181 ncol=2 as.numeric=TRUE >
			88.1522270546784	-41.522389125711
			88.1132388958749	-41.522389125711
			88.0742507370714	-41.522389125711
			88.0352625782679	-41.522389125711
			87.9962744194644	-41.522389125711
			87.957286260661	-41.522389125711
			87.9182981018575	-41.522389125711
			87.879309943054	-41.522389125711
			87.8403217842505	-41.522389125711
			87.801333625447	-41.522389125711
			87.7623454666435	-41.522389125711
			87.72335730784	-41.522389125711
			87.6843691490366	-41.522389125711
			87.6453809902331	-41.522389125711
			87.6063928314296	-41.522389125711
			87.5674046726261	-41.5613772845144
			87.5284165138226	-41.5613772845144
			87.4894283550191	-41.5613772845144
			87.4504401962157	-41.5613772845144
			87.4114520374122	-41.5613772845144
			87.3724638786087	-41.5613772845144
			87.3334757198052	-41.5613772845144
			87.2944875610017	-41.5613772845144
			87.2554994021982	-41.5613772845144
			87.2165112433947	-41.5613772845144
			87.1775230845913	-41.5613772845144
			87.1385349257878	-41.5613772845144
			87.0995467669843	-41.5613772845144
			87.0605586081808	-41.5613772845144
			87.0215704493773	-41.5613772845144
			86.9825822905738	-41.5613772845144
			86.9435941317704	-41.5613772845144
			86.9046059729669	-41.5613772845144
			86.8656178141634	-41.5613772845144
			86.8266296553599	-41.5613772845144
			86.7876414965564	-41.5613772845144
			86.7486533377529	-41.5613772845144
			86.7096651789494	-41.5613772845144
			86.670677020146	-41.5613772845144
			86.6316888613425	-41.5613772845144
			86.592700702539	-41.5613772845144
			86.5537125437355	-41.5613772845144
			86.514724384932	-41.5613772845144
			86.4757362261285	-41.5613772845144
			86.4367480673251	-41.5613772845144
			86.3977599085216	-41.5613772845144
			86.3587717497181	-41.5613772845144
			86.3197835909146	-41.5613772845144
			86.2807954321111	-41.5613772845144
			86.2418072733076	-41.5613772845144
			86.2028191145041	-41.5613772845144
			86.1638309557007	-41.5613772845144
			86.1248427968972	-41.5613772845144
			86.0858546380937	-41.5613772845144
			86.0468664792902	-41.5613772845144
			86.0078783204867	-41.5613772845144
			85.9688901616832	-41.5613772845144
			85.9299020028798	-41.5613772845144
			85.8909138440763	-41.5613772845144
			85.8519256852728	-41.5613772845144
			85.8129375264693	-41.5613772845144
			85.7739493676658	-41.5613772845144
			85.7349612088623	-41.5613772845144
			85.6959730500588	-41.5613772845144
			85.6569848912554	-41.6003654433179
			85.6179967324519	-41.6003654433179
			85.5790085736484	-41.6003654433179
			85.5400204148449	-41.6003654433179
			85.5010322560414	-41.6003654433179
			85.4620440972379	-41.6003654433179
			85.4230559384345	-41.6003654433179
			85.384067779631	-41.6003654433179
			85.3450796208275	-41.6003654433179
			85.306091462024	-41.6003654433179
			85.2671033032205	-41.6003654433179
			85.228115144417	-41.6003654433179
			85.1891269856136	-41.6393536021214
			85.1501388268101	-41.6393536021214
			85.1111506680066	-41.6393536021214
			85.0721625092031	-41.6393536021214
			85.0331743503996	-41.6393536021214
			84.9941861915961	-41.6393536021214
			84.9551980327926	-41.6393536021214
			84.9162098739892	-41.6393536021214
			84.8772217151857	-41.6393536021214
			84.8382335563822	-41.6393536021214
			84.7992453975787	-41.6783417609249
			84.7602572387752	-41.6783417609249
			84.7212690799717	-41.6783417609249
			84.6822809211683	-41.6783417609249
			84.6432927623648	-41.6783417609249
			84.6043046035613	-41.6783417609249
			84.5653164447578	-41.6783417609249
			84.5263282859543	-41.6783417609249
			84.4873401271508	-41.6783417609249
			84.4483519683473	-41.6783417609249
			84.4093638095439	-41.6783417609249
			84.3703756507404	-41.7173299197284
			84.3313874919369	-41.7173299197284
			84.2923993331334	-41.7173299197284
			84.2534111743299	-41.7173299197284
			84.2144230155264	-41.7173299197284
			84.175434856723	-41.7173299197284
			84.1364466979195	-41.7173299197284
			84.097458539116	-41.7173299197284
			84.0584703803125	-41.7173299197284
			84.019482221509	-41.7173299197284
			84.019482221509	-41.7563180785319
			83.9804940627055	-41.7563180785319
			83.941505903902	-41.7563180785319
			83.9025177450986	-41.7563180785319
			83.8635295862951	-41.7563180785319
			83.8245414274916	-41.7563180785319
			83.7855532686881	-41.7563180785319
			83.7465651098846	-41.7563180785319
			83.7075769510811	-41.7563180785319
			83.6685887922777	-41.7953062373353
			83.6296006334742	-41.7953062373353
			83.5906124746707	-41.7953062373353
			83.5516243158672	-41.7953062373353
			83.5126361570637	-41.7953062373353
			83.4736479982602	-41.7953062373353
			83.4346598394567	-41.7953062373353
			83.3956716806533	-41.7953062373353
			83.3566835218498	-41.7953062373353
			83.3176953630463	-41.7953062373353
			83.3176953630463	-41.8342943961388
			83.2787072042428	-41.8342943961388
			83.2397190454393	-41.8342943961388
			83.2007308866358	-41.8342943961388
			83.1617427278324	-41.8342943961388
			83.1227545690289	-41.8342943961388
			83.0837664102254	-41.8342943961388
			83.0447782514219	-41.8342943961388
			83.0057900926184	-41.8342943961388
			82.9668019338149	-41.8732825549423
			82.9278137750114	-41.8732825549423
			82.888825616208	-41.8732825549423
			82.8498374574045	-41.8732825549423
			82.810849298601	-41.8732825549423
			82.7718611397975	-41.8732825549423
			82.732872980994	-41.9122707137458
			82.6938848221905	-41.9122707137458
			82.6548966633871	-41.9122707137458
			82.6159085045836	-41.9122707137458
			82.5769203457801	-41.9122707137458
			82.5379321869766	-41.9122707137458
			82.4989440281731	-41.9122707137458
			82.4599558693696	-41.9512588725493
			82.4209677105661	-41.9512588725493
			82.3819795517627	-41.9512588725493
			82.3429913929592	-41.9512588725493
			82.3040032341557	-41.9512588725493
			82.2650150753522	-41.9902470313528
			82.2260269165487	-41.9902470313528
			82.1870387577452	-41.9902470313528
			82.1480505989418	-41.9902470313528
			82.1090624401383	-42.0292351901562
			82.0700742813348	-42.0292351901562
			82.0310861225313	-42.0292351901562
			81.9920979637278	-42.0292351901562
			81.9531098049243	-42.0682233489597
			81.9141216461208	-42.0682233489597
			81.8751334873174	-42.0682233489597
			81.8361453285139	-42.0682233489597
			81.7971571697104	-42.1072115077632
			81.7581690109069	-42.1072115077632
			81.7191808521034	-42.1072115077632
			81.6801926932999	-42.1072115077632
			81.6412045344965	-42.1461996665667
			81.602216375693	-42.1461996665667
			81.5632282168895	-42.1461996665667
			81.524240058086	-42.1851878253702
			81.4852518992825	-42.1851878253702
			81.446263740479	-42.1851878253702
			81.4072755816755	-42.1851878253702
			81.3682874228721	-42.2241759841737
			81.3292992640686	-42.2241759841737
			81.2903111052651	-42.2241759841737
			81.2513229464616	-42.2631641429772
			81.2123347876581	-42.2631641429772
		</Tail2>
		<AnalFin type=matrix rownames=FALSE colnames=FALSE nrow=90 ncol=2 as.numeric=TRUE >
			81.2123347876581	-42.2631641429772
			81.1733466288546	-42.3021523017806
			81.1343584700512	-42.3021523017806
			81.0953703112477	-42.3021523017806
			81.0563821524442	-42.3411404605841
			81.0173939936407	-42.3411404605841
			80.9784058348372	-42.3801286193876
			80.9394176760337	-42.3801286193876
			80.9004295172303	-42.3801286193876
			80.8614413584268	-42.4191167781911
			80.8224531996233	-42.4191167781911
			80.7834650408198	-42.4581049369946
			80.7444768820163	-42.4581049369946
			80.7054887232128	-42.4581049369946
			80.6665005644093	-42.4970930957981
			80.6275124056059	-42.4970930957981
			80.5885242468024	-42.5360812546015
			80.5495360879989	-42.5360812546015
			80.5105479291954	-42.575069413405
			80.4715597703919	-42.575069413405
			80.4325716115884	-42.575069413405
			80.4325716115884	-42.6140575722085
			80.393583452785	-42.6140575722085
			80.3545952939815	-42.6140575722085
			80.3545952939815	-42.653045731012
			80.315607135178	-42.653045731012
			80.2766189763745	-42.653045731012
			80.237630817571	-42.6920338898155
			80.1986426587675	-42.731022048619
			80.159654499964	-42.731022048619
			80.1206663411606	-42.731022048619
			80.0816781823571	-42.7700102074225
			80.0426900235536	-42.7700102074225
			80.0037018647501	-42.8089983662259
			79.9647137059466	-42.8089983662259
			79.9257255471431	-42.8479865250294
			79.8867373883397	-42.8479865250294
			79.8477492295362	-42.8869746838329
			79.8087610707327	-42.8869746838329
			79.7697729119292	-42.9259628426364
			79.7307847531257	-42.9259628426364
			79.6917965943222	-42.9649510014399
			79.6528084355188	-42.9649510014399
			79.6138202767153	-43.0039391602434
			79.5748321179118	-43.0039391602434
			79.5358439591083	-43.0429273190468
			79.4968558003048	-43.0429273190468
			79.4578676415013	-43.0819154778503
			79.4188794826978	-43.0819154778503
			79.4188794826978	-43.1209036366538
			79.3798913238944	-43.1209036366538
			79.3409031650909	-43.1598917954573
			79.3019150062874	-43.1598917954573
			79.2629268474839	-43.1988799542608
			79.2239386886804	-43.1988799542608
			79.1849505298769	-43.2378681130643
			79.1459623710735	-43.2768562718678
			79.10697421227	-43.2768562718678
			79.0679860534665	-43.3158444306712
			79.028997894663	-43.3158444306712
			79.028997894663	-43.3548325894747
			78.9900097358595	-43.3548325894747
			78.951021577056	-43.3938207482782
			78.951021577056	-43.4328089070817
			78.9120334182525	-43.4328089070817
			78.8730452594491	-43.4717970658852
			78.8340571006456	-43.4717970658852
			78.8340571006456	-43.5107852246887
			78.7950689418421	-43.5107852246887
			78.7560807830386	-43.5497733834921
			78.7170926242351	-43.5887615422956
			78.6781044654316	-43.6277497010991
			78.6391163066282	-43.6277497010991
			78.6001281478247	-43.6667378599026
			78.5611399890212	-43.7057260187061
			78.5221518302177	-43.7447141775096
			78.4831636714142	-43.7447141775096
			78.4441755126107	-43.783702336313
			78.4051873538072	-43.8226904951165
			78.3661991950038	-43.8226904951165
			78.3272110362003	-43.86167865392
			78.2882228773968	-43.9006668127235
			78.2492347185933	-43.9006668127235
			78.2102465597898	-43.939654971527
			78.1712584009863	-43.9786431303305
			78.1322702421829	-44.017631289134
			78.0932820833794	-44.017631289134
			78.0542939245759	-44.0566194479374
			78.0153057657724	-44.0956076067409
			77.9763176069689	-44.0956076067409
		</AnalFin>
		<Pectfin type=matrix rownames=FALSE colnames=FALSE nrow=43 ncol=2 as.numeric=TRUE >
			66.8257041891724	-42.731022048619
			66.8646923479758	-42.7700102074225
			66.8646923479758	-42.8089983662259
			66.9036805067793	-42.8089983662259
			66.9036805067793	-42.8479865250294
			66.9426686655828	-42.8869746838329
			66.9426686655828	-42.9259628426364
			66.9816568243863	-42.9649510014399
			66.9816568243863	-43.0039391602434
			67.0206449831898	-43.0429273190468
			67.0596331419933	-43.0429273190468
			67.0596331419933	-43.0819154778503
			67.0986213007968	-43.1209036366538
			67.0986213007968	-43.1598917954573
			67.1376094596002	-43.1988799542608
			67.1376094596002	-43.2378681130643
			67.1765976184037	-43.2768562718678
			67.1765976184037	-43.3158444306712
			67.2155857772072	-43.3548325894747
			67.2155857772072	-43.3938207482782
			67.2545739360107	-43.4328089070817
			67.2545739360107	-43.4717970658852
			67.2545739360107	-43.5107852246887
			67.2935620948142	-43.5497733834921
			67.2935620948142	-43.5887615422956
			67.2935620948142	-43.6277497010991
			67.3325502536177	-43.6667378599026
			67.3325502536177	-43.7057260187061
			67.3325502536177	-43.7447141775096
			67.3325502536177	-43.783702336313
			67.3325502536177	-43.8226904951165
			67.3325502536177	-43.86167865392
			67.3325502536177	-43.9006668127235
			67.3325502536177	-43.939654971527
			67.3325502536177	-43.9786431303305
			67.3325502536177	-44.017631289134
			67.3325502536177	-44.0566194479374
			67.3325502536177	-44.0956076067409
			67.3325502536177	-44.1345957655444
			67.3325502536177	-44.1735839243479
			67.2935620948142	-44.2125720831514
			67.2935620948142	-44.2515602419549
			67.2935620948142	-44.2905484007583
		</Pectfin>
		<Opercle type=matrix rownames=FALSE colnames=FALSE nrow=130 ncol=2 as.numeric=TRUE >
			66.1629054895131	-40.7816141084447
			66.1629054895131	-40.8206022672482
			66.1629054895131	-40.8595904260517
			66.1629054895131	-40.8985785848552
			66.1629054895131	-40.9375667436587
			66.1629054895131	-40.9765549024622
			66.1629054895131	-41.0155430612657
			66.1629054895131	-41.0545312200691
			66.1629054895131	-41.0935193788726
			66.1629054895131	-41.1325075376761
			66.1629054895131	-41.1714956964796
			66.1629054895131	-41.2104838552831
			66.1629054895131	-41.2494720140866
			66.1629054895131	-41.28846017289
			66.1629054895131	-41.3274483316935
			66.1629054895131	-41.366436490497
			66.1629054895131	-41.4054246493005
			66.1629054895131	-41.444412808104
			66.1629054895131	-41.4834009669075
			66.1629054895131	-41.522389125711
			66.1629054895131	-41.5613772845144
			66.1629054895131	-41.6003654433179
			66.1629054895131	-41.6393536021214
			66.1629054895131	-41.6783417609249
			66.1629054895131	-41.7173299197284
			66.1629054895131	-41.7563180785319
			66.1629054895131	-41.7953062373353
			66.1629054895131	-41.8342943961388
			66.1239173307096	-41.8732825549423
			66.1239173307096	-41.9122707137458
			66.1239173307096	-41.9512588725493
			66.1239173307096	-41.9902470313528
			66.1239173307096	-42.0292351901562
			66.1239173307096	-42.0682233489597
			66.1239173307096	-42.1072115077632
			66.1239173307096	-42.1461996665667
			66.1239173307096	-42.1851878253702
			66.1239173307096	-42.2241759841737
			66.0849291719062	-42.2631641429772
			66.0849291719062	-42.3021523017806
			66.0849291719062	-42.3411404605841
			66.0849291719062	-42.3801286193876
			66.0849291719062	-42.4191167781911
			66.0849291719062	-42.4581049369946
			66.0849291719062	-42.4970930957981
			66.0459410131027	-42.5360812546015
			66.0459410131027	-42.575069413405
			66.0459410131027	-42.6140575722085
			66.0459410131027	-42.653045731012
			66.0459410131027	-42.6920338898155
			66.0069528542992	-42.731022048619
			66.0069528542992	-42.7700102074225
			65.9679646954957	-42.8089983662259
			65.9679646954957	-42.8479865250294
			65.9679646954957	-42.8869746838329
			65.9289765366922	-42.9259628426364
			65.9289765366922	-42.9649510014399
			65.9289765366922	-43.0039391602434
			65.8899883778887	-43.0039391602434
			65.8899883778887	-43.0429273190468
			65.8510002190853	-43.0819154778503
			65.8510002190853	-43.1209036366538
			65.8510002190853	-43.1598917954573
			65.8120120602818	-43.1988799542608
			65.8120120602818	-43.2378681130643
			65.7730239014783	-43.2768562718678
			65.7730239014783	-43.3158444306712
			65.7340357426748	-43.3548325894747
			65.7340357426748	-43.3938207482782
			65.6950475838713	-43.4328089070817
			65.6950475838713	-43.4717970658852
			65.6560594250678	-43.5107852246887
			65.6560594250678	-43.5497733834921
			65.6170712662643	-43.5887615422956
			65.6170712662643	-43.6277497010991
			65.5780831074609	-43.6667378599026
			65.5390949486574	-43.7057260187061
			65.5390949486574	-43.7447141775096
			65.5001067898539	-43.783702336313
			65.5001067898539	-43.8226904951165
			65.4611186310504	-43.86167865392
			65.4221304722469	-43.9006668127235
			65.4221304722469	-43.939654971527
			65.3831423134434	-43.9786431303305
			65.3831423134434	-44.017631289134
			65.34415415464	-44.0566194479374
			65.34415415464	-44.0956076067409
			65.3051659958365	-44.1345957655444
			65.266177837033	-44.1735839243479
			65.2271896782295	-44.2125720831514
			65.188201519426	-44.2125720831514
			65.1492133606225	-44.2515602419549
			65.110225201819	-44.2905484007583
			65.0712370430156	-44.2905484007583
			65.0322488842121	-44.3295365595618
			64.9932607254086	-44.3295365595618
			64.9932607254086	-44.3685247183653
			64.9542725666051	-44.3685247183653
			64.9152844078016	-44.3685247183653
			64.9152844078016	-44.4075128771688
			64.8762962489981	-44.4075128771688
			64.8373080901947	-44.4075128771688
			64.7983199313912	-44.4465010359723
			64.7593317725877	-44.4465010359723
			64.7203436137842	-44.4854891947758
			64.6813554549807	-44.4854891947758
			64.6423672961772	-44.5244773535793
			64.6033791373738	-44.5244773535793
			64.5643909785703	-44.5244773535793
			64.5254028197668	-44.5244773535793
			64.4864146609633	-44.5634655123827
			64.4474265021598	-44.5634655123827
			64.4084383433563	-44.5634655123827
			64.3694501845528	-44.5634655123827
			64.3304620257494	-44.5634655123827
			64.2914738669459	-44.6024536711862
			64.2524857081424	-44.6024536711862
			64.2134975493389	-44.6024536711862
			64.1745093905354	-44.6024536711862
			64.1355212317319	-44.6024536711862
			64.0965330729285	-44.6024536711862
			64.057544914125	-44.6024536711862
			64.0185567553215	-44.6024536711862
			63.979568596518	-44.6024536711862
			63.9405804377145	-44.6024536711862
			63.901592278911	-44.6024536711862
			63.8626041201075	-44.5634655123827
			63.8236159613041	-44.5634655123827
			63.7846278025006	-44.5634655123827
			63.7456396436971	-44.5634655123827
		</Opercle>
		<Preopercle type=matrix rownames=FALSE colnames=FALSE nrow=102 ncol=2 as.numeric=TRUE >
			64.0185567553215	-40.7036377908378
			64.0185567553215	-40.7426259496413
			64.0185567553215	-40.7816141084447
			64.0185567553215	-40.8206022672482
			64.0185567553215	-40.8595904260517
			64.0185567553215	-40.8985785848552
			64.0185567553215	-40.9375667436587
			64.0185567553215	-40.9765549024622
			64.0185567553215	-41.0155430612657
			64.0185567553215	-41.0545312200691
			64.0185567553215	-41.0935193788726
			64.0185567553215	-41.1325075376761
			64.0185567553215	-41.1714956964796
			64.0185567553215	-41.2104838552831
			64.0185567553215	-41.2494720140866
			64.0185567553215	-41.28846017289
			64.0185567553215	-41.3274483316935
			64.0185567553215	-41.366436490497
			64.0185567553215	-41.4054246493005
			64.0185567553215	-41.444412808104
			64.0185567553215	-41.4834009669075
			64.0185567553215	-41.522389125711
			64.0185567553215	-41.5613772845144
			64.0185567553215	-41.6003654433179
			64.0185567553215	-41.6393536021214
			64.0185567553215	-41.6783417609249
			64.0185567553215	-41.7173299197284
			64.0185567553215	-41.7563180785319
			64.0185567553215	-41.7953062373353
			64.0185567553215	-41.8342943961388
			64.0185567553215	-41.8732825549423
			64.0185567553215	-41.9122707137458
			64.0185567553215	-41.9512588725493
			64.0185567553215	-41.9902470313528
			63.979568596518	-42.0292351901562
			63.979568596518	-42.0682233489597
			63.979568596518	-42.1072115077632
			63.979568596518	-42.1461996665667
			63.979568596518	-42.1851878253702
			63.979568596518	-42.2241759841737
			63.979568596518	-42.2631641429772
			63.979568596518	-42.3021523017806
			63.979568596518	-42.3411404605841
			63.979568596518	-42.3801286193876
			63.979568596518	-42.4191167781911
			63.979568596518	-42.4581049369946
			63.979568596518	-42.4970930957981
			63.979568596518	-42.5360812546015
			63.979568596518	-42.575069413405
			63.979568596518	-42.6140575722085
			63.979568596518	-42.653045731012
			63.979568596518	-42.6920338898155
			63.979568596518	-42.731022048619
			63.979568596518	-42.7700102074225
			63.979568596518	-42.8089983662259
			63.979568596518	-42.8479865250294
			63.979568596518	-42.8869746838329
			63.9405804377145	-42.9259628426364
			63.9405804377145	-42.9649510014399
			63.9405804377145	-43.0039391602434
			63.9405804377145	-43.0429273190468
			63.9405804377145	-43.0819154778503
			63.9405804377145	-43.1209036366538
			63.9405804377145	-43.1598917954573
			63.9405804377145	-43.1988799542608
			63.9405804377145	-43.2378681130643
			63.9405804377145	-43.2768562718678
			63.9405804377145	-43.3158444306712
			63.9405804377145	-43.3548325894747
			63.9405804377145	-43.3938207482782
			63.9405804377145	-43.4328089070817
			63.9405804377145	-43.4717970658852
			63.901592278911	-43.4717970658852
			63.901592278911	-43.5107852246887
			63.901592278911	-43.5497733834921
			63.901592278911	-43.5887615422956
			63.901592278911	-43.6277497010991
			63.901592278911	-43.6667378599026
			63.901592278911	-43.7057260187061
			63.901592278911	-43.7447141775096
			63.901592278911	-43.783702336313
			63.901592278911	-43.8226904951165
			63.901592278911	-43.86167865392
			63.8626041201075	-43.9006668127235
			63.8626041201075	-43.939654971527
			63.8626041201075	-43.9786431303305
			63.8626041201075	-44.017631289134
			63.8626041201075	-44.0566194479374
			63.8626041201075	-44.0956076067409
			63.901592278911	-44.1345957655444
			63.901592278911	-44.1735839243479
			63.901592278911	-44.2125720831514
			63.901592278911	-44.2515602419549
			63.901592278911	-44.2905484007583
			63.901592278911	-44.3295365595618
			63.901592278911	-44.3685247183653
			63.8626041201075	-44.3685247183653
			63.8626041201075	-44.4075128771688
			63.8236159613041	-44.4465010359723
			63.7846278025006	-44.4854891947758
			63.7846278025006	-44.5244773535793
			63.7456396436971	-44.5634655123827
		</Preopercle>
	</curves.scaled>
	<ruler.points type=matrix rownames=TRUE colnames=FALSE nrow=2 ncol=2 as.numeric=TRUE >
		Ruler point 1	1452	943
		Ruler point 2	1477	1594
	</ruler.points>
</shapes>

