<shapes type=list>
	<ruler.pixel type=vector names=FALSE length=1 as.numeric=TRUE >624.080123061134</ruler.pixel>
	<ruler.interval type=vector names=FALSE length=1 as.numeric=TRUE >25.4</ruler.interval>
	<scaling.units type=vector names=FALSE length=1 as.numeric=FALSE >mm</scaling.units>
	<scaling type=vector names=FALSE length=1 as.numeric=TRUE >0.040699902242379</scaling>
	<landmarks.pixel type=matrix rownames=TRUE colnames=FALSE nrow=12 ncol=2 as.numeric=TRUE >
		LM1	1507	749
		LM2	1882	703
		LM3	2213	826
		LM4	2181	922
		LM5	2037	886
		LM6	1953	907
		LM7	1720	845
		LM8	1714	889
		LM9	1696	766
		LM10	1581	863
		LM11	1622	772
		LM12	1580	724
	</landmarks.pixel>
	<landmarks.scaled type=matrix rownames=TRUE colnames=FALSE nrow=12 ncol=2 as.numeric=TRUE >
		LM1	61.3347526792651	-30.4842267795419
		LM2	76.5972160201573	-28.6120312763924
		LM3	90.0688836623847	-33.618119252205
		LM4	88.7664867906286	-37.5253098674734
		LM5	82.905700867726	-36.0601133867478
		LM6	79.4869090793662	-36.9148113338377
		LM7	70.0038318568919	-34.3914173948102
		LM8	69.7596324434376	-36.1822130934749
		LM9	69.0270342030748	-31.1761251176623
		LM10	64.3465454452012	-35.1240156351731
		LM11	66.0152414371387	-31.4203245311166
		LM12	64.3058455429588	-29.4667292234824
	</landmarks.scaled>
	<curves.control type=list>
		<Eye type=matrix rownames=FALSE colnames=FALSE nrow=9 ncol=2 as.numeric=TRUE >
			1580	724
			1616	734
			1600	765
			1576	790
			1555	778
			1538	769
			1541	749
			1549	726
			1580	724
		</Eye>
		<Head type=matrix rownames=FALSE colnames=FALSE nrow=11 ncol=2 as.numeric=TRUE >
			1507	749
			1543	723
			1596	713
			1621	709
			1634	709
			1643	703
			1656	706
			1668	707
			1670	702
			1801	700
			1882	703
		</Head>
		<Tail1 type=matrix rownames=FALSE colnames=FALSE nrow=11 ncol=2 as.numeric=TRUE >
			1882	703
			1891	709
			1903	709
			1977	724
			1990	736
			2008	726
			2056	757
			2101	771
			2116	782
			2130	781
			2213	826
		</Tail1>
		<End type=matrix rownames=FALSE colnames=FALSE nrow=7 ncol=2 as.numeric=TRUE >
			2213	826
			2242	835
			2236	866
			2229	873
			2230	886
			2210	920
			2181	922
		</End>
		<Tail2 type=matrix rownames=FALSE colnames=FALSE nrow=7 ncol=2 as.numeric=TRUE >
			2181	922
			2142	909
			2118	902
			2091	895
			2074	890
			2055	887
			2037	886
		</Tail2>
		<AnalFin type=matrix rownames=FALSE colnames=FALSE nrow=5 ncol=2 as.numeric=TRUE >
			2037	886
			2021	887
			2008	887
			1971	895
			1953	907
		</AnalFin>
		<Pectfin type=matrix rownames=FALSE colnames=FALSE nrow=3 ncol=2 as.numeric=TRUE >
			1720	845
			1727	874
			1714	889
		</Pectfin>
		<Opercle type=matrix rownames=FALSE colnames=FALSE nrow=9 ncol=2 as.numeric=TRUE >
			1696	766
			1699	776
			1694	806
			1690	812
			1676	825
			1652	855
			1628	866
			1598	873
			1581	863
		</Opercle>
		<Preopercle type=matrix rownames=FALSE colnames=FALSE nrow=5 ncol=2 as.numeric=TRUE >
			1622	772
			1614	813
			1605	831
			1593	853
			1581	863
		</Preopercle>
	</curves.control>
	<curves.pixel type=list>
		<Eye type=matrix rownames=FALSE colnames=FALSE nrow=181 ncol=2 as.numeric=TRUE >
			1580	724
			1581	724
			1582	725
			1583	725
			1584	725
			1585	726
			1586	726
			1587	726
			1588	727
			1589	727
			1590	728
			1591	728
			1592	728
			1592	729
			1593	729
			1594	730
			1595	730
			1595	731
			1596	731
			1597	732
			1598	733
			1599	734
			1600	735
			1601	736
			1602	737
			1602	738
			1603	739
			1603	740
			1604	741
			1604	742
			1604	743
			1605	744
			1605	745
			1605	746
			1605	747
			1605	748
			1605	749
			1605	750
			1605	751
			1605	752
			1604	753
			1604	754
			1604	755
			1604	756
			1603	757
			1603	758
			1603	759
			1602	760
			1602	761
			1601	762
			1601	763
			1600	764
			1600	765
			1599	766
			1598	767
			1597	768
			1596	769
			1595	770
			1594	771
			1593	771
			1593	772
			1592	772
			1591	773
			1590	774
			1589	775
			1588	775
			1587	776
			1586	777
			1585	777
			1584	778
			1583	778
			1583	779
			1582	779
			1581	779
			1580	780
			1579	780
			1578	780
			1577	781
			1576	781
			1575	781
			1574	781
			1573	782
			1572	782
			1571	782
			1570	782
			1569	782
			1568	782
			1567	782
			1566	782
			1565	782
			1564	781
			1563	781
			1562	781
			1561	781
			1560	780
			1559	780
			1558	779
			1557	779
			1556	779
			1555	778
			1554	778
			1554	777
			1553	777
			1552	777
			1552	776
			1551	776
			1551	775
			1550	775
			1550	774
			1549	774
			1548	773
			1547	772
			1546	771
			1545	770
			1545	769
			1544	768
			1543	767
			1543	766
			1542	765
			1542	764
			1542	763
			1541	762
			1541	761
			1541	760
			1541	759
			1541	758
			1541	757
			1541	756
			1541	755
			1541	754
			1541	753
			1541	752
			1541	751
			1541	750
			1541	749
			1541	748
			1542	747
			1542	746
			1543	745
			1543	744
			1543	743
			1544	743
			1544	742
			1545	741
			1545	740
			1546	739
			1547	739
			1547	738
			1548	737
			1549	736
			1550	735
			1551	734
			1552	733
			1553	732
			1554	732
			1555	731
			1556	730
			1557	730
			1558	729
			1559	729
			1560	728
			1561	728
			1562	728
			1563	727
			1564	727
			1565	727
			1566	726
			1567	726
			1568	726
			1569	726
			1570	725
			1571	725
			1572	725
			1573	725
			1574	725
			1575	725
			1576	724
			1577	724
			1578	724
			1579	724
			1580	724
		</Eye>
		<Head type=matrix rownames=FALSE colnames=FALSE nrow=379 ncol=2 as.numeric=TRUE >
			1507	749
			1508	748
			1509	748
			1510	747
			1511	746
			1512	746
			1513	745
			1514	744
			1515	744
			1516	743
			1517	743
			1518	742
			1519	741
			1520	741
			1521	740
			1522	739
			1523	739
			1524	738
			1525	738
			1526	737
			1527	737
			1528	736
			1529	735
			1530	735
			1531	734
			1532	734
			1533	733
			1534	733
			1535	732
			1536	732
			1537	731
			1538	731
			1539	730
			1540	730
			1541	730
			1542	729
			1543	729
			1544	728
			1545	728
			1546	727
			1547	727
			1548	727
			1549	726
			1550	726
			1551	725
			1552	725
			1553	725
			1554	724
			1555	724
			1556	724
			1557	723
			1558	723
			1559	722
			1560	722
			1561	722
			1562	722
			1563	721
			1564	721
			1565	721
			1566	720
			1567	720
			1568	720
			1569	719
			1570	719
			1571	719
			1572	719
			1573	718
			1574	718
			1575	718
			1576	718
			1577	717
			1578	717
			1579	717
			1580	717
			1581	716
			1582	716
			1583	716
			1584	716
			1585	715
			1586	715
			1587	715
			1588	715
			1589	714
			1590	714
			1591	714
			1592	714
			1593	714
			1594	713
			1595	713
			1596	713
			1597	713
			1598	713
			1599	713
			1600	712
			1601	712
			1602	712
			1603	712
			1604	712
			1605	712
			1606	711
			1607	711
			1608	711
			1609	711
			1610	711
			1611	711
			1612	711
			1613	711
			1614	710
			1615	710
			1616	710
			1617	710
			1618	710
			1619	710
			1620	710
			1621	710
			1622	710
			1623	710
			1624	709
			1625	709
			1626	709
			1627	709
			1628	709
			1629	709
			1630	709
			1631	709
			1632	709
			1633	709
			1634	709
			1635	708
			1636	708
			1637	707
			1638	707
			1639	707
			1640	706
			1641	706
			1642	706
			1643	705
			1644	705
			1645	705
			1646	705
			1647	705
			1648	705
			1649	705
			1650	705
			1651	705
			1652	705
			1653	705
			1654	706
			1655	706
			1656	706
			1657	706
			1658	706
			1659	706
			1660	706
			1661	706
			1662	706
			1663	706
			1664	706
			1665	706
			1666	705
			1667	705
			1668	705
			1668	704
			1669	704
			1669	703
			1670	703
			1670	702
			1671	702
			1672	702
			1673	702
			1674	702
			1675	702
			1676	702
			1677	702
			1678	702
			1679	702
			1680	702
			1681	702
			1682	702
			1683	702
			1684	702
			1685	702
			1686	702
			1687	702
			1688	702
			1689	702
			1690	702
			1691	702
			1692	702
			1693	702
			1694	702
			1695	702
			1696	702
			1697	702
			1698	702
			1699	702
			1700	702
			1701	702
			1702	702
			1703	702
			1704	702
			1705	702
			1706	702
			1707	702
			1708	702
			1709	702
			1710	701
			1711	701
			1712	701
			1713	701
			1714	701
			1715	701
			1716	701
			1717	701
			1718	701
			1719	701
			1720	701
			1721	701
			1722	701
			1723	701
			1724	701
			1725	701
			1726	701
			1727	701
			1728	701
			1729	701
			1730	701
			1731	701
			1732	701
			1733	701
			1734	701
			1735	701
			1736	701
			1737	701
			1738	701
			1739	701
			1740	701
			1741	701
			1742	701
			1743	701
			1744	701
			1745	701
			1746	701
			1747	701
			1748	701
			1749	701
			1750	701
			1751	701
			1752	701
			1753	701
			1754	701
			1755	701
			1756	701
			1757	701
			1758	701
			1759	701
			1760	701
			1761	701
			1762	701
			1763	701
			1764	701
			1765	701
			1766	701
			1767	701
			1768	701
			1769	701
			1770	701
			1771	701
			1772	701
			1773	701
			1774	701
			1775	701
			1776	701
			1777	701
			1778	701
			1779	701
			1780	701
			1781	701
			1782	701
			1783	701
			1784	701
			1785	701
			1786	701
			1787	701
			1788	701
			1789	701
			1790	701
			1791	701
			1792	701
			1793	701
			1794	701
			1795	701
			1796	701
			1797	701
			1798	701
			1799	701
			1800	701
			1801	701
			1802	701
			1803	701
			1804	701
			1805	701
			1806	701
			1807	701
			1808	701
			1809	701
			1810	701
			1811	701
			1812	701
			1813	701
			1814	701
			1815	701
			1816	701
			1817	701
			1818	701
			1819	702
			1820	702
			1821	702
			1822	702
			1823	702
			1824	702
			1825	702
			1826	702
			1827	702
			1828	702
			1829	702
			1830	702
			1831	702
			1832	702
			1833	702
			1834	702
			1835	702
			1836	702
			1837	702
			1838	702
			1839	702
			1840	702
			1841	702
			1842	702
			1843	702
			1844	702
			1845	702
			1846	702
			1847	702
			1848	702
			1849	702
			1850	702
			1851	702
			1852	702
			1853	702
			1854	702
			1855	702
			1856	702
			1857	702
			1858	702
			1859	702
			1860	702
			1861	702
			1862	702
			1863	702
			1864	702
			1865	702
			1866	702
			1867	703
			1868	703
			1869	703
			1870	703
			1871	703
			1872	703
			1873	703
			1874	703
			1875	703
			1876	703
			1877	703
			1878	703
			1879	703
			1880	703
			1881	703
			1882	703
		</Head>
		<Tail1 type=matrix rownames=FALSE colnames=FALSE nrow=343 ncol=2 as.numeric=TRUE >
			1882	703
			1883	703
			1883	704
			1884	704
			1885	705
			1886	705
			1887	706
			1888	706
			1889	707
			1890	707
			1891	707
			1892	708
			1893	708
			1894	708
			1895	708
			1896	708
			1897	709
			1898	709
			1899	709
			1900	709
			1901	709
			1902	709
			1903	709
			1904	709
			1905	709
			1906	710
			1907	710
			1908	710
			1909	710
			1910	710
			1910	711
			1911	711
			1912	711
			1913	711
			1914	711
			1915	711
			1916	712
			1917	712
			1918	712
			1919	712
			1920	713
			1921	713
			1922	713
			1923	713
			1924	714
			1925	714
			1926	714
			1927	714
			1928	714
			1929	715
			1930	715
			1931	715
			1932	715
			1933	715
			1934	716
			1935	716
			1936	716
			1937	717
			1938	717
			1939	717
			1940	717
			1941	717
			1942	718
			1943	718
			1944	718
			1945	718
			1945	719
			1946	719
			1947	719
			1948	719
			1949	720
			1950	720
			1951	720
			1952	720
			1953	721
			1954	721
			1955	721
			1956	721
			1957	722
			1958	722
			1959	722
			1959	723
			1960	723
			1961	723
			1962	723
			1963	724
			1964	724
			1965	724
			1966	725
			1967	725
			1968	725
			1969	726
			1970	726
			1971	726
			1972	727
			1973	727
			1974	727
			1975	728
			1976	728
			1977	729
			1978	729
			1979	730
			1980	730
			1981	730
			1982	731
			1983	731
			1983	732
			1984	732
			1985	732
			1986	733
			1987	734
			1988	734
			1989	735
			1990	736
			1991	735
			1992	735
			1993	735
			1994	734
			1995	734
			1996	734
			1997	734
			1998	734
			1999	734
			2000	734
			2001	734
			2002	734
			2003	734
			2004	734
			2005	734
			2006	734
			2007	734
			2008	734
			2009	734
			2010	735
			2011	735
			2012	735
			2013	735
			2014	736
			2015	736
			2016	736
			2017	737
			2018	737
			2019	737
			2020	738
			2021	738
			2022	739
			2023	739
			2024	739
			2025	740
			2026	740
			2027	741
			2028	741
			2029	742
			2030	742
			2031	743
			2032	743
			2033	744
			2034	744
			2035	744
			2035	745
			2036	745
			2037	746
			2038	746
			2039	747
			2040	747
			2041	748
			2042	748
			2042	749
			2043	749
			2044	750
			2045	750
			2046	751
			2047	751
			2048	752
			2049	753
			2050	753
			2051	754
			2052	754
			2053	755
			2054	756
			2055	756
			2056	757
			2057	757
			2058	758
			2059	758
			2060	758
			2061	759
			2062	759
			2063	759
			2064	760
			2065	760
			2066	760
			2067	760
			2068	761
			2069	761
			2070	762
			2071	762
			2072	762
			2073	763
			2074	763
			2075	763
			2076	764
			2077	764
			2078	764
			2079	765
			2080	765
			2081	765
			2082	766
			2083	766
			2084	766
			2085	767
			2086	767
			2087	768
			2088	768
			2089	769
			2090	769
			2091	769
			2092	770
			2093	770
			2094	770
			2095	771
			2096	771
			2097	772
			2098	772
			2099	772
			2099	773
			2100	773
			2101	774
			2102	774
			2103	774
			2103	775
			2104	775
			2105	775
			2106	776
			2107	777
			2108	777
			2109	778
			2110	778
			2111	779
			2112	779
			2113	780
			2114	781
			2115	781
			2116	782
			2117	782
			2118	782
			2119	782
			2120	782
			2121	783
			2122	783
			2123	783
			2124	783
			2125	784
			2126	784
			2127	784
			2128	785
			2129	785
			2130	785
			2131	786
			2132	786
			2133	787
			2134	787
			2135	787
			2136	788
			2137	788
			2138	788
			2139	789
			2140	789
			2141	790
			2142	790
			2143	791
			2144	791
			2145	792
			2146	792
			2147	792
			2148	793
			2149	793
			2150	794
			2151	794
			2152	795
			2153	795
			2154	796
			2155	796
			2156	797
			2157	797
			2158	798
			2159	798
			2160	798
			2160	799
			2161	799
			2162	799
			2163	800
			2164	800
			2165	801
			2166	802
			2167	802
			2168	802
			2169	803
			2170	803
			2171	804
			2172	804
			2173	805
			2174	805
			2174	806
			2175	806
			2176	807
			2177	807
			2178	808
			2179	808
			2180	809
			2181	809
			2182	810
			2183	810
			2184	811
			2185	811
			2186	812
			2187	812
			2188	813
			2189	813
			2190	814
			2191	814
			2192	815
			2193	815
			2194	816
			2195	817
			2196	817
			2197	817
			2198	818
			2199	819
			2200	819
			2201	820
			2202	820
			2203	821
			2204	821
			2205	822
			2206	822
			2207	823
			2208	823
			2209	824
			2210	824
			2211	825
			2212	826
			2213	826
		</Tail1>
		<End type=matrix rownames=FALSE colnames=FALSE nrow=131 ncol=2 as.numeric=TRUE >
			2213	826
			2214	826
			2215	827
			2216	827
			2217	827
			2218	828
			2219	828
			2220	829
			2221	830
			2222	830
			2223	830
			2224	831
			2225	832
			2226	833
			2227	834
			2228	834
			2229	835
			2230	836
			2231	837
			2232	838
			2232	839
			2233	840
			2233	841
			2234	842
			2234	843
			2235	844
			2235	845
			2236	846
			2236	847
			2236	848
			2236	849
			2237	850
			2237	851
			2237	852
			2237	853
			2237	854
			2237	855
			2237	856
			2237	857
			2237	858
			2237	859
			2237	860
			2237	861
			2237	862
			2236	863
			2236	864
			2236	865
			2236	866
			2236	867
			2235	867
			2234	868
			2234	869
			2233	870
			2232	871
			2232	872
			2231	873
			2231	874
			2231	875
			2231	876
			2230	877
			2230	878
			2230	879
			2230	880
			2230	881
			2230	882
			2230	883
			2230	884
			2230	885
			2230	886
			2230	887
			2229	888
			2228	889
			2227	890
			2227	891
			2226	892
			2225	893
			2225	894
			2224	895
			2224	896
			2223	897
			2222	897
			2222	898
			2221	899
			2220	900
			2220	901
			2219	901
			2218	902
			2218	903
			2217	904
			2216	904
			2216	905
			2215	906
			2214	906
			2214	907
			2213	908
			2212	908
			2212	909
			2211	909
			2210	910
			2210	911
			2209	911
			2208	912
			2207	912
			2207	913
			2206	913
			2205	914
			2204	914
			2204	915
			2203	915
			2202	916
			2201	916
			2200	917
			2199	917
			2198	918
			2197	918
			2196	918
			2195	919
			2194	919
			2193	920
			2192	920
			2191	920
			2190	921
			2189	921
			2188	921
			2187	921
			2186	921
			2185	922
			2184	922
			2183	922
			2182	922
			2181	922
		</End>
		<Tail2 type=matrix rownames=FALSE colnames=FALSE nrow=149 ncol=2 as.numeric=TRUE >
			2181	922
			2180	922
			2179	921
			2178	921
			2177	921
			2176	920
			2175	920
			2174	920
			2173	919
			2172	919
			2171	919
			2170	918
			2169	918
			2168	918
			2167	917
			2166	917
			2165	917
			2164	916
			2163	916
			2162	916
			2161	916
			2160	915
			2159	915
			2158	914
			2157	914
			2156	914
			2155	913
			2154	913
			2153	913
			2152	912
			2151	912
			2150	912
			2149	911
			2148	911
			2147	911
			2146	911
			2145	910
			2144	910
			2143	910
			2142	909
			2141	909
			2140	909
			2139	908
			2138	908
			2137	908
			2136	907
			2135	907
			2134	907
			2133	906
			2132	906
			2131	906
			2130	905
			2129	905
			2128	905
			2127	905
			2126	904
			2125	904
			2124	904
			2123	903
			2122	903
			2121	903
			2120	903
			2119	902
			2118	902
			2117	902
			2116	902
			2116	901
			2115	901
			2114	901
			2113	901
			2112	900
			2111	900
			2110	900
			2109	900
			2108	899
			2107	899
			2106	899
			2105	899
			2105	898
			2104	898
			2103	898
			2102	898
			2101	898
			2100	897
			2099	897
			2098	897
			2097	896
			2096	896
			2095	896
			2094	896
			2093	895
			2092	895
			2091	895
			2090	895
			2089	894
			2088	894
			2087	894
			2086	894
			2086	893
			2085	893
			2084	893
			2083	893
			2082	892
			2081	892
			2080	892
			2079	891
			2078	891
			2077	891
			2076	891
			2075	890
			2074	890
			2073	890
			2072	890
			2071	890
			2070	889
			2069	889
			2068	889
			2067	889
			2066	889
			2065	889
			2064	889
			2063	888
			2062	888
			2061	888
			2060	888
			2059	888
			2058	888
			2057	888
			2056	888
			2055	888
			2055	887
			2054	887
			2053	887
			2052	887
			2051	887
			2050	887
			2049	887
			2048	887
			2047	887
			2046	887
			2045	887
			2044	886
			2043	886
			2042	886
			2041	886
			2040	886
			2039	886
			2038	886
			2037	886
		</Tail2>
		<AnalFin type=matrix rownames=FALSE colnames=FALSE nrow=87 ncol=2 as.numeric=TRUE >
			2037	886
			2036	886
			2035	886
			2034	886
			2033	886
			2032	886
			2031	886
			2030	886
			2029	886
			2028	887
			2027	887
			2026	887
			2025	887
			2024	887
			2023	887
			2022	887
			2021	887
			2020	887
			2019	887
			2018	887
			2017	887
			2016	887
			2015	887
			2014	887
			2013	887
			2012	887
			2011	887
			2010	887
			2009	887
			2008	887
			2007	887
			2006	888
			2005	888
			2004	888
			2003	888
			2002	888
			2001	889
			2000	889
			1999	889
			1998	889
			1997	890
			1996	890
			1995	890
			1994	890
			1993	891
			1992	891
			1991	891
			1990	891
			1989	892
			1988	892
			1987	892
			1986	893
			1985	893
			1984	893
			1983	894
			1982	894
			1981	894
			1980	895
			1979	895
			1978	895
			1977	896
			1976	896
			1975	896
			1974	897
			1973	897
			1972	897
			1971	898
			1970	898
			1969	899
			1968	899
			1967	899
			1967	900
			1966	900
			1965	900
			1964	901
			1963	901
			1962	902
			1961	902
			1960	903
			1959	903
			1958	904
			1957	904
			1957	905
			1956	905
			1955	906
			1954	906
			1953	907
		</AnalFin>
		<Pectfin type=matrix rownames=FALSE colnames=FALSE nrow=48 ncol=2 as.numeric=TRUE >
			1720	845
			1720	846
			1721	847
			1721	848
			1721	849
			1721	850
			1721	851
			1721	852
			1722	853
			1722	854
			1722	855
			1722	856
			1722	857
			1722	858
			1722	859
			1722	860
			1722	861
			1722	862
			1722	863
			1722	864
			1722	865
			1722	866
			1722	867
			1722	868
			1722	869
			1722	870
			1722	871
			1722	872
			1722	873
			1721	874
			1721	875
			1721	876
			1721	877
			1720	878
			1720	879
			1720	880
			1719	880
			1719	881
			1719	882
			1718	883
			1718	884
			1717	884
			1717	885
			1716	886
			1716	887
			1715	887
			1715	888
			1714	889
		</Pectfin>
		<Opercle type=matrix rownames=FALSE colnames=FALSE nrow=165 ncol=2 as.numeric=TRUE >
			1696	766
			1696	767
			1696	768
			1697	769
			1697	770
			1697	771
			1697	772
			1697	773
			1697	774
			1697	775
			1697	776
			1697	777
			1697	778
			1697	779
			1697	780
			1697	781
			1697	782
			1697	783
			1697	784
			1697	785
			1697	786
			1697	787
			1696	788
			1696	789
			1696	790
			1696	791
			1696	792
			1696	793
			1696	794
			1696	795
			1696	796
			1695	797
			1695	798
			1695	799
			1695	800
			1695	801
			1695	802
			1695	803
			1694	803
			1694	804
			1694	805
			1694	806
			1694	807
			1693	807
			1693	808
			1692	809
			1691	810
			1690	811
			1689	812
			1688	813
			1687	814
			1687	815
			1686	815
			1685	816
			1684	817
			1684	818
			1683	818
			1682	819
			1681	820
			1681	821
			1680	821
			1679	822
			1678	823
			1677	824
			1676	825
			1675	826
			1674	827
			1673	828
			1673	829
			1672	830
			1671	831
			1670	832
			1669	833
			1669	834
			1668	835
			1667	835
			1666	836
			1666	837
			1665	838
			1664	838
			1664	839
			1663	840
			1662	841
			1661	842
			1660	843
			1659	844
			1658	845
			1657	846
			1656	847
			1655	847
			1655	848
			1654	849
			1653	850
			1652	850
			1651	851
			1650	852
			1649	853
			1648	854
			1647	855
			1646	855
			1645	856
			1644	857
			1643	857
			1642	858
			1641	859
			1640	860
			1639	860
			1638	861
			1637	861
			1636	862
			1635	863
			1634	863
			1633	864
			1632	864
			1631	865
			1630	865
			1629	866
			1628	866
			1627	866
			1626	866
			1625	867
			1624	867
			1623	867
			1622	867
			1621	867
			1620	868
			1619	868
			1618	868
			1617	868
			1616	868
			1615	868
			1614	868
			1613	869
			1612	869
			1611	869
			1610	869
			1609	869
			1608	869
			1607	869
			1606	869
			1605	869
			1604	869
			1603	869
			1602	869
			1601	869
			1600	869
			1599	869
			1598	868
			1597	868
			1596	868
			1595	868
			1594	868
			1593	868
			1592	867
			1591	867
			1590	867
			1589	867
			1588	866
			1587	866
			1586	865
			1585	865
			1584	865
			1583	864
			1582	864
			1581	863
		</Opercle>
		<Preopercle type=matrix rownames=FALSE colnames=FALSE nrow=97 ncol=2 as.numeric=TRUE >
			1622	772
			1622	773
			1622	774
			1621	775
			1621	776
			1621	777
			1621	778
			1621	779
			1620	780
			1620	781
			1620	782
			1620	783
			1620	784
			1619	785
			1619	786
			1619	787
			1619	788
			1618	789
			1618	790
			1618	791
			1618	792
			1618	793
			1617	794
			1617	795
			1617	796
			1616	797
			1616	798
			1616	799
			1616	800
			1615	801
			1615	802
			1615	803
			1615	804
			1614	805
			1614	806
			1614	807
			1613	808
			1613	809
			1613	810
			1613	811
			1612	812
			1612	813
			1612	814
			1611	815
			1611	816
			1611	817
			1610	818
			1610	819
			1610	820
			1609	820
			1609	821
			1609	822
			1609	823
			1608	824
			1608	825
			1607	826
			1607	827
			1606	828
			1606	829
			1606	830
			1605	830
			1605	831
			1604	832
			1604	833
			1603	834
			1603	835
			1602	836
			1601	837
			1601	838
			1600	839
			1600	840
			1599	841
			1598	842
			1598	843
			1597	844
			1597	845
			1596	846
			1595	847
			1595	848
			1594	848
			1593	849
			1593	850
			1592	851
			1592	852
			1591	853
			1590	853
			1590	854
			1589	855
			1588	856
			1587	857
			1586	858
			1585	859
			1585	860
			1584	860
			1583	861
			1582	862
			1581	863
		</Preopercle>
	</curves.pixel>
	<curves.scaled type=list>
		<Eye type=matrix rownames=FALSE colnames=FALSE nrow=181 ncol=2 as.numeric=TRUE >
			64.3058455429588	-29.4667292234824
			64.3465454452012	-29.4667292234824
			64.3872453474436	-29.5074291257248
			64.4279452496859	-29.5074291257248
			64.4686451519283	-29.5074291257248
			64.5093450541707	-29.5481290279671
			64.5500449564131	-29.5481290279671
			64.5907448586555	-29.5481290279671
			64.6314447608978	-29.5888289302095
			64.6721446631402	-29.5888289302095
			64.7128445653826	-29.6295288324519
			64.753544467625	-29.6295288324519
			64.7942443698673	-29.6295288324519
			64.7942443698673	-29.6702287346943
			64.8349442721097	-29.6702287346943
			64.8756441743521	-29.7109286369367
			64.9163440765945	-29.7109286369367
			64.9163440765945	-29.751628539179
			64.9570439788369	-29.751628539179
			64.9977438810792	-29.7923284414214
			65.0384437833216	-29.8330283436638
			65.079143685564	-29.8737282459062
			65.1198435878064	-29.9144281481486
			65.1605434900488	-29.9551280503909
			65.2012433922911	-29.9958279526333
			65.2012433922911	-30.0365278548757
			65.2419432945335	-30.0772277571181
			65.2419432945335	-30.1179276593605
			65.2826431967759	-30.1586275616028
			65.2826431967759	-30.1993274638452
			65.2826431967759	-30.2400273660876
			65.3233430990183	-30.28072726833
			65.3233430990183	-30.3214271705723
			65.3233430990183	-30.3621270728147
			65.3233430990183	-30.4028269750571
			65.3233430990183	-30.4435268772995
			65.3233430990183	-30.4842267795419
			65.3233430990183	-30.5249266817842
			65.3233430990183	-30.5656265840266
			65.3233430990183	-30.606326486269
			65.2826431967759	-30.6470263885114
			65.2826431967759	-30.6877262907538
			65.2826431967759	-30.7284261929961
			65.2826431967759	-30.7691260952385
			65.2419432945335	-30.8098259974809
			65.2419432945335	-30.8505258997233
			65.2419432945335	-30.8912258019657
			65.2012433922911	-30.931925704208
			65.2012433922911	-30.9726256064504
			65.1605434900488	-31.0133255086928
			65.1605434900488	-31.0540254109352
			65.1198435878064	-31.0947253131775
			65.1198435878064	-31.1354252154199
			65.079143685564	-31.1761251176623
			65.0384437833216	-31.2168250199047
			64.9977438810792	-31.2575249221471
			64.9570439788369	-31.2982248243894
			64.9163440765945	-31.3389247266318
			64.8756441743521	-31.3796246288742
			64.8349442721097	-31.3796246288742
			64.8349442721097	-31.4203245311166
			64.7942443698673	-31.4203245311166
			64.753544467625	-31.461024433359
			64.7128445653826	-31.5017243356013
			64.6721446631402	-31.5424242378437
			64.6314447608978	-31.5424242378437
			64.5907448586555	-31.5831241400861
			64.5500449564131	-31.6238240423285
			64.5093450541707	-31.6238240423285
			64.4686451519283	-31.6645239445709
			64.4279452496859	-31.6645239445709
			64.4279452496859	-31.7052238468132
			64.3872453474436	-31.7052238468132
			64.3465454452012	-31.7052238468132
			64.3058455429588	-31.7459237490556
			64.2651456407164	-31.7459237490556
			64.224445738474	-31.7459237490556
			64.1837458362317	-31.786623651298
			64.1430459339893	-31.786623651298
			64.1023460317469	-31.786623651298
			64.0616461295045	-31.786623651298
			64.0209462272621	-31.8273235535404
			63.9802463250198	-31.8273235535404
			63.9395464227774	-31.8273235535404
			63.898846520535	-31.8273235535404
			63.8581466182926	-31.8273235535404
			63.8174467160503	-31.8273235535404
			63.7767468138079	-31.8273235535404
			63.7360469115655	-31.8273235535404
			63.6953470093231	-31.8273235535404
			63.6546471070807	-31.786623651298
			63.6139472048384	-31.786623651298
			63.573247302596	-31.786623651298
			63.5325474003536	-31.786623651298
			63.4918474981112	-31.7459237490556
			63.4511475958688	-31.7459237490556
			63.4104476936265	-31.7052238468132
			63.3697477913841	-31.7052238468132
			63.3290478891417	-31.7052238468132
			63.2883479868993	-31.6645239445709
			63.2476480846569	-31.6645239445709
			63.2476480846569	-31.6238240423285
			63.2069481824146	-31.6238240423285
			63.1662482801722	-31.6238240423285
			63.1662482801722	-31.5831241400861
			63.1255483779298	-31.5831241400861
			63.1255483779298	-31.5424242378437
			63.0848484756874	-31.5424242378437
			63.0848484756874	-31.5017243356013
			63.044148573445	-31.5017243356013
			63.0034486712027	-31.461024433359
			62.9627487689603	-31.4203245311166
			62.9220488667179	-31.3796246288742
			62.8813489644755	-31.3389247266318
			62.8813489644755	-31.2982248243894
			62.8406490622332	-31.2575249221471
			62.7999491599908	-31.2168250199047
			62.7999491599908	-31.1761251176623
			62.7592492577484	-31.1354252154199
			62.7592492577484	-31.0947253131775
			62.7592492577484	-31.0540254109352
			62.718549355506	-31.0133255086928
			62.718549355506	-30.9726256064504
			62.718549355506	-30.931925704208
			62.718549355506	-30.8912258019657
			62.718549355506	-30.8505258997233
			62.718549355506	-30.8098259974809
			62.718549355506	-30.7691260952385
			62.718549355506	-30.7284261929961
			62.718549355506	-30.6877262907538
			62.718549355506	-30.6470263885114
			62.718549355506	-30.606326486269
			62.718549355506	-30.5656265840266
			62.718549355506	-30.5249266817842
			62.718549355506	-30.4842267795419
			62.718549355506	-30.4435268772995
			62.7592492577484	-30.4028269750571
			62.7592492577484	-30.3621270728147
			62.7999491599908	-30.3214271705723
			62.7999491599908	-30.28072726833
			62.7999491599908	-30.2400273660876
			62.8406490622332	-30.2400273660876
			62.8406490622332	-30.1993274638452
			62.8813489644755	-30.1586275616028
			62.8813489644755	-30.1179276593605
			62.9220488667179	-30.0772277571181
			62.9627487689603	-30.0772277571181
			62.9627487689603	-30.0365278548757
			63.0034486712027	-29.9958279526333
			63.044148573445	-29.9551280503909
			63.0848484756874	-29.9144281481486
			63.1255483779298	-29.8737282459062
			63.1662482801722	-29.8330283436638
			63.2069481824146	-29.7923284414214
			63.2476480846569	-29.7923284414214
			63.2883479868993	-29.751628539179
			63.3290478891417	-29.7109286369367
			63.3697477913841	-29.7109286369367
			63.4104476936265	-29.6702287346943
			63.4511475958688	-29.6702287346943
			63.4918474981112	-29.6295288324519
			63.5325474003536	-29.6295288324519
			63.573247302596	-29.6295288324519
			63.6139472048384	-29.5888289302095
			63.6546471070807	-29.5888289302095
			63.6953470093231	-29.5888289302095
			63.7360469115655	-29.5481290279671
			63.7767468138079	-29.5481290279671
			63.8174467160503	-29.5481290279671
			63.8581466182926	-29.5481290279671
			63.898846520535	-29.5074291257248
			63.9395464227774	-29.5074291257248
			63.9802463250198	-29.5074291257248
			64.0209462272621	-29.5074291257248
			64.0616461295045	-29.5074291257248
			64.1023460317469	-29.5074291257248
			64.1430459339893	-29.4667292234824
			64.1837458362317	-29.4667292234824
			64.224445738474	-29.4667292234824
			64.2651456407164	-29.4667292234824
			64.3058455429588	-29.4667292234824
		</Eye>
		<Head type=matrix rownames=FALSE colnames=FALSE nrow=379 ncol=2 as.numeric=TRUE >
			61.3347526792651	-30.4842267795419
			61.3754525815075	-30.4435268772995
			61.4161524837499	-30.4435268772995
			61.4568523859923	-30.4028269750571
			61.4975522882347	-30.3621270728147
			61.538252190477	-30.3621270728147
			61.5789520927194	-30.3214271705723
			61.6196519949618	-30.28072726833
			61.6603518972042	-30.28072726833
			61.7010517994465	-30.2400273660876
			61.7417517016889	-30.2400273660876
			61.7824516039313	-30.1993274638452
			61.8231515061737	-30.1586275616028
			61.8638514084161	-30.1586275616028
			61.9045513106584	-30.1179276593605
			61.9452512129008	-30.0772277571181
			61.9859511151432	-30.0772277571181
			62.0266510173856	-30.0365278548757
			62.067350919628	-30.0365278548757
			62.1080508218703	-29.9958279526333
			62.1487507241127	-29.9958279526333
			62.1894506263551	-29.9551280503909
			62.2301505285975	-29.9144281481486
			62.2708504308399	-29.9144281481486
			62.3115503330822	-29.8737282459062
			62.3522502353246	-29.8737282459062
			62.392950137567	-29.8330283436638
			62.4336500398094	-29.8330283436638
			62.4743499420517	-29.7923284414214
			62.5150498442941	-29.7923284414214
			62.5557497465365	-29.751628539179
			62.5964496487789	-29.751628539179
			62.6371495510213	-29.7109286369367
			62.6778494532636	-29.7109286369367
			62.718549355506	-29.7109286369367
			62.7592492577484	-29.6702287346943
			62.7999491599908	-29.6702287346943
			62.8406490622332	-29.6295288324519
			62.8813489644755	-29.6295288324519
			62.9220488667179	-29.5888289302095
			62.9627487689603	-29.5888289302095
			63.0034486712027	-29.5888289302095
			63.044148573445	-29.5481290279671
			63.0848484756874	-29.5481290279671
			63.1255483779298	-29.5074291257248
			63.1662482801722	-29.5074291257248
			63.2069481824146	-29.5074291257248
			63.2476480846569	-29.4667292234824
			63.2883479868993	-29.4667292234824
			63.3290478891417	-29.4667292234824
			63.3697477913841	-29.42602932124
			63.4104476936265	-29.42602932124
			63.4511475958688	-29.3853294189976
			63.4918474981112	-29.3853294189976
			63.5325474003536	-29.3853294189976
			63.573247302596	-29.3853294189976
			63.6139472048384	-29.3446295167553
			63.6546471070807	-29.3446295167553
			63.6953470093231	-29.3446295167553
			63.7360469115655	-29.3039296145129
			63.7767468138079	-29.3039296145129
			63.8174467160503	-29.3039296145129
			63.8581466182926	-29.2632297122705
			63.898846520535	-29.2632297122705
			63.9395464227774	-29.2632297122705
			63.9802463250198	-29.2632297122705
			64.0209462272621	-29.2225298100281
			64.0616461295045	-29.2225298100281
			64.1023460317469	-29.2225298100281
			64.1430459339893	-29.2225298100281
			64.1837458362317	-29.1818299077857
			64.224445738474	-29.1818299077857
			64.2651456407164	-29.1818299077857
			64.3058455429588	-29.1818299077857
			64.3465454452012	-29.1411300055434
			64.3872453474436	-29.1411300055434
			64.4279452496859	-29.1411300055434
			64.4686451519283	-29.1411300055434
			64.5093450541707	-29.100430103301
			64.5500449564131	-29.100430103301
			64.5907448586555	-29.100430103301
			64.6314447608978	-29.100430103301
			64.6721446631402	-29.0597302010586
			64.7128445653826	-29.0597302010586
			64.753544467625	-29.0597302010586
			64.7942443698673	-29.0597302010586
			64.8349442721097	-29.0597302010586
			64.8756441743521	-29.0190302988162
			64.9163440765945	-29.0190302988162
			64.9570439788369	-29.0190302988162
			64.9977438810792	-29.0190302988162
			65.0384437833216	-29.0190302988162
			65.079143685564	-29.0190302988162
			65.1198435878064	-28.9783303965738
			65.1605434900488	-28.9783303965738
			65.2012433922911	-28.9783303965738
			65.2419432945335	-28.9783303965738
			65.2826431967759	-28.9783303965738
			65.3233430990183	-28.9783303965738
			65.3640430012607	-28.9376304943315
			65.404742903503	-28.9376304943315
			65.4454428057454	-28.9376304943315
			65.4861427079878	-28.9376304943315
			65.5268426102302	-28.9376304943315
			65.5675425124726	-28.9376304943315
			65.6082424147149	-28.9376304943315
			65.6489423169573	-28.9376304943315
			65.6896422191997	-28.8969305920891
			65.7303421214421	-28.8969305920891
			65.7710420236844	-28.8969305920891
			65.8117419259268	-28.8969305920891
			65.8524418281692	-28.8969305920891
			65.8931417304116	-28.8969305920891
			65.933841632654	-28.8969305920891
			65.9745415348963	-28.8969305920891
			66.0152414371387	-28.8969305920891
			66.0559413393811	-28.8969305920891
			66.0966412416235	-28.8562306898467
			66.1373411438659	-28.8562306898467
			66.1780410461082	-28.8562306898467
			66.2187409483506	-28.8562306898467
			66.259440850593	-28.8562306898467
			66.3001407528354	-28.8562306898467
			66.3408406550778	-28.8562306898467
			66.3815405573201	-28.8562306898467
			66.4222404595625	-28.8562306898467
			66.4629403618049	-28.8562306898467
			66.5036402640473	-28.8562306898467
			66.5443401662896	-28.8155307876043
			66.585040068532	-28.8155307876043
			66.6257399707744	-28.7748308853619
			66.6664398730168	-28.7748308853619
			66.7071397752592	-28.7748308853619
			66.7478396775015	-28.7341309831196
			66.7885395797439	-28.7341309831196
			66.8292394819863	-28.7341309831196
			66.8699393842287	-28.6934310808772
			66.9106392864711	-28.6934310808772
			66.9513391887134	-28.6934310808772
			66.9920390909558	-28.6934310808772
			67.0327389931982	-28.6934310808772
			67.0734388954406	-28.6934310808772
			67.114138797683	-28.6934310808772
			67.1548386999253	-28.6934310808772
			67.1955386021677	-28.6934310808772
			67.2362385044101	-28.6934310808772
			67.2769384066525	-28.6934310808772
			67.3176383088948	-28.7341309831196
			67.3583382111372	-28.7341309831196
			67.3990381133796	-28.7341309831196
			67.439738015622	-28.7341309831196
			67.4804379178644	-28.7341309831196
			67.5211378201067	-28.7341309831196
			67.5618377223491	-28.7341309831196
			67.6025376245915	-28.7341309831196
			67.6432375268339	-28.7341309831196
			67.6839374290763	-28.7341309831196
			67.7246373313186	-28.7341309831196
			67.765337233561	-28.7341309831196
			67.8060371358034	-28.6934310808772
			67.8467370380458	-28.6934310808772
			67.8874369402882	-28.6934310808772
			67.8874369402882	-28.6527311786348
			67.9281368425305	-28.6527311786348
			67.9281368425305	-28.6120312763924
			67.9688367447729	-28.6120312763924
			67.9688367447729	-28.57133137415
			68.0095366470153	-28.57133137415
			68.0502365492577	-28.57133137415
			68.0909364515	-28.57133137415
			68.1316363537424	-28.57133137415
			68.1723362559848	-28.57133137415
			68.2130361582272	-28.57133137415
			68.2537360604696	-28.57133137415
			68.2944359627119	-28.57133137415
			68.3351358649543	-28.57133137415
			68.3758357671967	-28.57133137415
			68.4165356694391	-28.57133137415
			68.4572355716815	-28.57133137415
			68.4979354739238	-28.57133137415
			68.5386353761662	-28.57133137415
			68.5793352784086	-28.57133137415
			68.620035180651	-28.57133137415
			68.6607350828934	-28.57133137415
			68.7014349851357	-28.57133137415
			68.7421348873781	-28.57133137415
			68.7828347896205	-28.57133137415
			68.8235346918629	-28.57133137415
			68.8642345941052	-28.57133137415
			68.9049344963476	-28.57133137415
			68.94563439859	-28.57133137415
			68.9863343008324	-28.57133137415
			69.0270342030748	-28.57133137415
			69.0677341053171	-28.57133137415
			69.1084340075595	-28.57133137415
			69.1491339098019	-28.57133137415
			69.1898338120443	-28.57133137415
			69.2305337142867	-28.57133137415
			69.271233616529	-28.57133137415
			69.3119335187714	-28.57133137415
			69.3526334210138	-28.57133137415
			69.3933333232562	-28.57133137415
			69.4340332254986	-28.57133137415
			69.4747331277409	-28.57133137415
			69.5154330299833	-28.57133137415
			69.5561329322257	-28.57133137415
			69.5968328344681	-28.5306314719077
			69.6375327367105	-28.5306314719077
			69.6782326389528	-28.5306314719077
			69.7189325411952	-28.5306314719077
			69.7596324434376	-28.5306314719077
			69.80033234568	-28.5306314719077
			69.8410322479223	-28.5306314719077
			69.8817321501647	-28.5306314719077
			69.9224320524071	-28.5306314719077
			69.9631319546495	-28.5306314719077
			70.0038318568919	-28.5306314719077
			70.0445317591342	-28.5306314719077
			70.0852316613766	-28.5306314719077
			70.125931563619	-28.5306314719077
			70.1666314658614	-28.5306314719077
			70.2073313681038	-28.5306314719077
			70.2480312703461	-28.5306314719077
			70.2887311725885	-28.5306314719077
			70.3294310748309	-28.5306314719077
			70.3701309770733	-28.5306314719077
			70.4108308793157	-28.5306314719077
			70.451530781558	-28.5306314719077
			70.4922306838004	-28.5306314719077
			70.5329305860428	-28.5306314719077
			70.5736304882852	-28.5306314719077
			70.6143303905275	-28.5306314719077
			70.6550302927699	-28.5306314719077
			70.6957301950123	-28.5306314719077
			70.7364300972547	-28.5306314719077
			70.7771299994971	-28.5306314719077
			70.8178299017394	-28.5306314719077
			70.8585298039818	-28.5306314719077
			70.8992297062242	-28.5306314719077
			70.9399296084666	-28.5306314719077
			70.980629510709	-28.5306314719077
			71.0213294129513	-28.5306314719077
			71.0620293151937	-28.5306314719077
			71.1027292174361	-28.5306314719077
			71.1434291196785	-28.5306314719077
			71.1841290219209	-28.5306314719077
			71.2248289241632	-28.5306314719077
			71.2655288264056	-28.5306314719077
			71.306228728648	-28.5306314719077
			71.3469286308904	-28.5306314719077
			71.3876285331327	-28.5306314719077
			71.4283284353751	-28.5306314719077
			71.4690283376175	-28.5306314719077
			71.5097282398599	-28.5306314719077
			71.5504281421023	-28.5306314719077
			71.5911280443446	-28.5306314719077
			71.631827946587	-28.5306314719077
			71.6725278488294	-28.5306314719077
			71.7132277510718	-28.5306314719077
			71.7539276533142	-28.5306314719077
			71.7946275555565	-28.5306314719077
			71.8353274577989	-28.5306314719077
			71.8760273600413	-28.5306314719077
			71.9167272622837	-28.5306314719077
			71.9574271645261	-28.5306314719077
			71.9981270667684	-28.5306314719077
			72.0388269690108	-28.5306314719077
			72.0795268712532	-28.5306314719077
			72.1202267734956	-28.5306314719077
			72.1609266757379	-28.5306314719077
			72.2016265779803	-28.5306314719077
			72.2423264802227	-28.5306314719077
			72.2830263824651	-28.5306314719077
			72.3237262847075	-28.5306314719077
			72.3644261869498	-28.5306314719077
			72.4051260891922	-28.5306314719077
			72.4458259914346	-28.5306314719077
			72.486525893677	-28.5306314719077
			72.5272257959193	-28.5306314719077
			72.5679256981617	-28.5306314719077
			72.6086256004041	-28.5306314719077
			72.6493255026465	-28.5306314719077
			72.6900254048889	-28.5306314719077
			72.7307253071313	-28.5306314719077
			72.7714252093736	-28.5306314719077
			72.812125111616	-28.5306314719077
			72.8528250138584	-28.5306314719077
			72.8935249161008	-28.5306314719077
			72.9342248183432	-28.5306314719077
			72.9749247205855	-28.5306314719077
			73.0156246228279	-28.5306314719077
			73.0563245250703	-28.5306314719077
			73.0970244273127	-28.5306314719077
			73.137724329555	-28.5306314719077
			73.1784242317974	-28.5306314719077
			73.2191241340398	-28.5306314719077
			73.2598240362822	-28.5306314719077
			73.3005239385246	-28.5306314719077
			73.3412238407669	-28.5306314719077
			73.3819237430093	-28.5306314719077
			73.4226236452517	-28.5306314719077
			73.4633235474941	-28.5306314719077
			73.5040234497365	-28.5306314719077
			73.5447233519788	-28.5306314719077
			73.5854232542212	-28.5306314719077
			73.6261231564636	-28.5306314719077
			73.666823058706	-28.5306314719077
			73.7075229609484	-28.5306314719077
			73.7482228631907	-28.5306314719077
			73.7889227654331	-28.5306314719077
			73.8296226676755	-28.5306314719077
			73.8703225699179	-28.5306314719077
			73.9110224721602	-28.5306314719077
			73.9517223744026	-28.5306314719077
			73.992422276645	-28.5306314719077
			74.0331221788874	-28.57133137415
			74.0738220811298	-28.57133137415
			74.1145219833721	-28.57133137415
			74.1552218856145	-28.57133137415
			74.1959217878569	-28.57133137415
			74.2366216900993	-28.57133137415
			74.2773215923417	-28.57133137415
			74.318021494584	-28.57133137415
			74.3587213968264	-28.57133137415
			74.3994212990688	-28.57133137415
			74.4401212013112	-28.57133137415
			74.4808211035536	-28.57133137415
			74.5215210057959	-28.57133137415
			74.5622209080383	-28.57133137415
			74.6029208102807	-28.57133137415
			74.6436207125231	-28.57133137415
			74.6843206147654	-28.57133137415
			74.7250205170078	-28.57133137415
			74.7657204192502	-28.57133137415
			74.8064203214926	-28.57133137415
			74.847120223735	-28.57133137415
			74.8878201259773	-28.57133137415
			74.9285200282197	-28.57133137415
			74.9692199304621	-28.57133137415
			75.0099198327045	-28.57133137415
			75.0506197349468	-28.57133137415
			75.0913196371892	-28.57133137415
			75.1320195394316	-28.57133137415
			75.172719441674	-28.57133137415
			75.2134193439164	-28.57133137415
			75.2541192461588	-28.57133137415
			75.2948191484011	-28.57133137415
			75.3355190506435	-28.57133137415
			75.3762189528859	-28.57133137415
			75.4169188551283	-28.57133137415
			75.4576187573706	-28.57133137415
			75.498318659613	-28.57133137415
			75.5390185618554	-28.57133137415
			75.5797184640978	-28.57133137415
			75.6204183663402	-28.57133137415
			75.6611182685825	-28.57133137415
			75.7018181708249	-28.57133137415
			75.7425180730673	-28.57133137415
			75.7832179753097	-28.57133137415
			75.823917877552	-28.57133137415
			75.8646177797944	-28.57133137415
			75.9053176820368	-28.57133137415
			75.9460175842792	-28.57133137415
			75.9867174865216	-28.6120312763924
			76.027417388764	-28.6120312763924
			76.0681172910063	-28.6120312763924
			76.1088171932487	-28.6120312763924
			76.1495170954911	-28.6120312763924
			76.1902169977335	-28.6120312763924
			76.2309168999758	-28.6120312763924
			76.2716168022182	-28.6120312763924
			76.3123167044606	-28.6120312763924
			76.353016606703	-28.6120312763924
			76.3937165089454	-28.6120312763924
			76.4344164111877	-28.6120312763924
			76.4751163134301	-28.6120312763924
			76.5158162156725	-28.6120312763924
			76.5565161179149	-28.6120312763924
			76.5972160201573	-28.6120312763924
		</Head>
		<Tail1 type=matrix rownames=FALSE colnames=FALSE nrow=343 ncol=2 as.numeric=TRUE >
			76.5972160201573	-28.6120312763924
			76.6379159223996	-28.6120312763924
			76.6379159223996	-28.6527311786348
			76.678615824642	-28.6527311786348
			76.7193157268844	-28.6934310808772
			76.7600156291268	-28.6934310808772
			76.8007155313691	-28.7341309831196
			76.8414154336115	-28.7341309831196
			76.8821153358539	-28.7748308853619
			76.9228152380963	-28.7748308853619
			76.9635151403387	-28.7748308853619
			77.0042150425811	-28.8155307876043
			77.0449149448234	-28.8155307876043
			77.0856148470658	-28.8155307876043
			77.1263147493082	-28.8155307876043
			77.1670146515506	-28.8155307876043
			77.2077145537929	-28.8562306898467
			77.2484144560353	-28.8562306898467
			77.2891143582777	-28.8562306898467
			77.3298142605201	-28.8562306898467
			77.3705141627625	-28.8562306898467
			77.4112140650048	-28.8562306898467
			77.4519139672472	-28.8562306898467
			77.4926138694896	-28.8562306898467
			77.533313771732	-28.8562306898467
			77.5740136739743	-28.8969305920891
			77.6147135762167	-28.8969305920891
			77.6554134784591	-28.8969305920891
			77.6961133807015	-28.8969305920891
			77.7368132829439	-28.8969305920891
			77.7368132829439	-28.9376304943315
			77.7775131851863	-28.9376304943315
			77.8182130874286	-28.9376304943315
			77.858912989671	-28.9376304943315
			77.8996128919134	-28.9376304943315
			77.9403127941558	-28.9376304943315
			77.9810126963981	-28.9783303965738
			78.0217125986405	-28.9783303965738
			78.0624125008829	-28.9783303965738
			78.1031124031253	-28.9783303965738
			78.1438123053677	-29.0190302988162
			78.18451220761	-29.0190302988162
			78.2252121098524	-29.0190302988162
			78.2659120120948	-29.0190302988162
			78.3066119143372	-29.0597302010586
			78.3473118165795	-29.0597302010586
			78.3880117188219	-29.0597302010586
			78.4287116210643	-29.0597302010586
			78.4694115233067	-29.0597302010586
			78.5101114255491	-29.100430103301
			78.5508113277915	-29.100430103301
			78.5915112300338	-29.100430103301
			78.6322111322762	-29.100430103301
			78.6729110345186	-29.100430103301
			78.713610936761	-29.1411300055434
			78.7543108390033	-29.1411300055434
			78.7950107412457	-29.1411300055434
			78.8357106434881	-29.1818299077857
			78.8764105457305	-29.1818299077857
			78.9171104479729	-29.1818299077857
			78.9578103502152	-29.1818299077857
			78.9985102524576	-29.1818299077857
			79.0392101547	-29.2225298100281
			79.0799100569424	-29.2225298100281
			79.1206099591847	-29.2225298100281
			79.1613098614271	-29.2225298100281
			79.1613098614271	-29.2632297122705
			79.2020097636695	-29.2632297122705
			79.2427096659119	-29.2632297122705
			79.2834095681543	-29.2632297122705
			79.3241094703966	-29.3039296145129
			79.364809372639	-29.3039296145129
			79.4055092748814	-29.3039296145129
			79.4462091771238	-29.3039296145129
			79.4869090793662	-29.3446295167553
			79.5276089816085	-29.3446295167553
			79.5683088838509	-29.3446295167553
			79.6090087860933	-29.3446295167553
			79.6497086883357	-29.3853294189976
			79.6904085905781	-29.3853294189976
			79.7311084928204	-29.3853294189976
			79.7311084928204	-29.42602932124
			79.7718083950628	-29.42602932124
			79.8125082973052	-29.42602932124
			79.8532081995476	-29.42602932124
			79.8939081017899	-29.4667292234824
			79.9346080040323	-29.4667292234824
			79.9753079062747	-29.4667292234824
			80.0160078085171	-29.5074291257248
			80.0567077107595	-29.5074291257248
			80.0974076130018	-29.5074291257248
			80.1381075152442	-29.5481290279671
			80.1788074174866	-29.5481290279671
			80.219507319729	-29.5481290279671
			80.2602072219714	-29.5888289302095
			80.3009071242137	-29.5888289302095
			80.3416070264561	-29.5888289302095
			80.3823069286985	-29.6295288324519
			80.4230068309409	-29.6295288324519
			80.4637067331833	-29.6702287346943
			80.5044066354256	-29.6702287346943
			80.545106537668	-29.7109286369367
			80.5858064399104	-29.7109286369367
			80.6265063421528	-29.7109286369367
			80.6672062443952	-29.751628539179
			80.7079061466375	-29.751628539179
			80.7079061466375	-29.7923284414214
			80.7486060488799	-29.7923284414214
			80.7893059511223	-29.7923284414214
			80.8300058533647	-29.8330283436638
			80.870705755607	-29.8737282459062
			80.9114056578494	-29.8737282459062
			80.9521055600918	-29.9144281481486
			80.9928054623342	-29.9551280503909
			81.0335053645766	-29.9144281481486
			81.074205266819	-29.9144281481486
			81.1149051690613	-29.9144281481486
			81.1556050713037	-29.8737282459062
			81.1963049735461	-29.8737282459062
			81.2370048757885	-29.8737282459062
			81.2777047780308	-29.8737282459062
			81.3184046802732	-29.8737282459062
			81.3591045825156	-29.8737282459062
			81.399804484758	-29.8737282459062
			81.4405043870004	-29.8737282459062
			81.4812042892427	-29.8737282459062
			81.5219041914851	-29.8737282459062
			81.5626040937275	-29.8737282459062
			81.6033039959699	-29.8737282459062
			81.6440038982122	-29.8737282459062
			81.6847038004546	-29.8737282459062
			81.725403702697	-29.8737282459062
			81.7661036049394	-29.8737282459062
			81.8068035071818	-29.9144281481486
			81.8475034094241	-29.9144281481486
			81.8882033116665	-29.9144281481486
			81.9289032139089	-29.9144281481486
			81.9696031161513	-29.9551280503909
			82.0103030183937	-29.9551280503909
			82.051002920636	-29.9551280503909
			82.0917028228784	-29.9958279526333
			82.1324027251208	-29.9958279526333
			82.1731026273632	-29.9958279526333
			82.2138025296056	-30.0365278548757
			82.2545024318479	-30.0365278548757
			82.2952023340903	-30.0772277571181
			82.3359022363327	-30.0772277571181
			82.3766021385751	-30.0772277571181
			82.4173020408174	-30.1179276593605
			82.4580019430598	-30.1179276593605
			82.4987018453022	-30.1586275616028
			82.5394017475446	-30.1586275616028
			82.580101649787	-30.1993274638452
			82.6208015520293	-30.1993274638452
			82.6615014542717	-30.2400273660876
			82.7022013565141	-30.2400273660876
			82.7429012587565	-30.28072726833
			82.7836011609989	-30.28072726833
			82.8243010632412	-30.28072726833
			82.8243010632412	-30.3214271705723
			82.8650009654836	-30.3214271705723
			82.905700867726	-30.3621270728147
			82.9464007699684	-30.3621270728147
			82.9871006722108	-30.4028269750571
			83.0278005744531	-30.4028269750571
			83.0685004766955	-30.4435268772995
			83.1092003789379	-30.4435268772995
			83.1092003789379	-30.4842267795419
			83.1499002811803	-30.4842267795419
			83.1906001834226	-30.5249266817842
			83.231300085665	-30.5249266817842
			83.2719999879074	-30.5656265840266
			83.3126998901498	-30.5656265840266
			83.3533997923922	-30.606326486269
			83.3940996946345	-30.6470263885114
			83.4347995968769	-30.6470263885114
			83.4754994991193	-30.6877262907538
			83.5161994013617	-30.6877262907538
			83.5568993036041	-30.7284261929961
			83.5975992058464	-30.7691260952385
			83.6382991080888	-30.7691260952385
			83.6789990103312	-30.8098259974809
			83.7196989125736	-30.8098259974809
			83.760398814816	-30.8505258997233
			83.8010987170583	-30.8505258997233
			83.8417986193007	-30.8505258997233
			83.8824985215431	-30.8912258019657
			83.9231984237855	-30.8912258019657
			83.9638983260279	-30.8912258019657
			84.0045982282702	-30.931925704208
			84.0452981305126	-30.931925704208
			84.085998032755	-30.931925704208
			84.1266979349974	-30.931925704208
			84.1673978372397	-30.9726256064504
			84.2080977394821	-30.9726256064504
			84.2487976417245	-31.0133255086928
			84.2894975439669	-31.0133255086928
			84.3301974462093	-31.0133255086928
			84.3708973484516	-31.0540254109352
			84.411597250694	-31.0540254109352
			84.4522971529364	-31.0540254109352
			84.4929970551788	-31.0947253131775
			84.5336969574212	-31.0947253131775
			84.5743968596635	-31.0947253131775
			84.6150967619059	-31.1354252154199
			84.6557966641483	-31.1354252154199
			84.6964965663907	-31.1354252154199
			84.7371964686331	-31.1761251176623
			84.7778963708754	-31.1761251176623
			84.8185962731178	-31.1761251176623
			84.8592961753602	-31.2168250199047
			84.8999960776026	-31.2168250199047
			84.9406959798449	-31.2575249221471
			84.9813958820873	-31.2575249221471
			85.0220957843297	-31.2982248243894
			85.0627956865721	-31.2982248243894
			85.1034955888145	-31.2982248243894
			85.1441954910568	-31.3389247266318
			85.1848953932992	-31.3389247266318
			85.2255952955416	-31.3389247266318
			85.266295197784	-31.3796246288742
			85.3069951000264	-31.3796246288742
			85.3476950022687	-31.4203245311166
			85.3883949045111	-31.4203245311166
			85.4290948067535	-31.4203245311166
			85.4290948067535	-31.461024433359
			85.4697947089959	-31.461024433359
			85.5104946112383	-31.5017243356013
			85.5511945134806	-31.5017243356013
			85.591894415723	-31.5017243356013
			85.591894415723	-31.5424242378437
			85.6325943179654	-31.5424242378437
			85.6732942202078	-31.5424242378437
			85.7139941224501	-31.5831241400861
			85.7546940246925	-31.6238240423285
			85.7953939269349	-31.6238240423285
			85.8360938291773	-31.6645239445709
			85.8767937314197	-31.6645239445709
			85.917493633662	-31.7052238468132
			85.9581935359044	-31.7052238468132
			85.9988934381468	-31.7459237490556
			86.0395933403892	-31.786623651298
			86.0802932426316	-31.786623651298
			86.1209931448739	-31.8273235535404
			86.1616930471163	-31.8273235535404
			86.2023929493587	-31.8273235535404
			86.2430928516011	-31.8273235535404
			86.2837927538435	-31.8273235535404
			86.3244926560858	-31.8680234557827
			86.3651925583282	-31.8680234557827
			86.4058924605706	-31.8680234557827
			86.446592362813	-31.8680234557827
			86.4872922650553	-31.9087233580251
			86.5279921672977	-31.9087233580251
			86.5686920695401	-31.9087233580251
			86.6093919717825	-31.9494232602675
			86.6500918740249	-31.9494232602675
			86.6907917762672	-31.9494232602675
			86.7314916785096	-31.9901231625099
			86.772191580752	-31.9901231625099
			86.8128914829944	-32.0308230647523
			86.8535913852368	-32.0308230647523
			86.8942912874791	-32.0308230647523
			86.9349911897215	-32.0715229669946
			86.9756910919639	-32.0715229669946
			87.0163909942063	-32.0715229669946
			87.0570908964487	-32.112222869237
			87.097790798691	-32.112222869237
			87.1384907009334	-32.1529227714794
			87.1791906031758	-32.1529227714794
			87.2198905054182	-32.1936226737218
			87.2605904076605	-32.1936226737218
			87.3012903099029	-32.2343225759642
			87.3419902121453	-32.2343225759642
			87.3826901143877	-32.2343225759642
			87.4233900166301	-32.2750224782065
			87.4640899188724	-32.2750224782065
			87.5047898211148	-32.3157223804489
			87.5454897233572	-32.3157223804489
			87.5861896255996	-32.3564222826913
			87.626889527842	-32.3564222826913
			87.6675894300843	-32.3971221849337
			87.7082893323267	-32.3971221849337
			87.7489892345691	-32.4378220871761
			87.7896891368115	-32.4378220871761
			87.8303890390539	-32.4785219894184
			87.8710889412962	-32.4785219894184
			87.9117888435386	-32.4785219894184
			87.9117888435386	-32.5192218916608
			87.952488745781	-32.5192218916608
			87.9931886480234	-32.5192218916608
			88.0338885502658	-32.5599217939032
			88.0745884525081	-32.5599217939032
			88.1152883547505	-32.6006216961456
			88.1559882569929	-32.6413215983879
			88.1966881592353	-32.6413215983879
			88.2373880614776	-32.6413215983879
			88.27808796372	-32.6820215006303
			88.3187878659624	-32.6820215006303
			88.3594877682048	-32.7227214028727
			88.4001876704472	-32.7227214028727
			88.4408875726895	-32.7634213051151
			88.4815874749319	-32.7634213051151
			88.4815874749319	-32.8041212073575
			88.5222873771743	-32.8041212073575
			88.5629872794167	-32.8448211095998
			88.6036871816591	-32.8448211095998
			88.6443870839014	-32.8855210118422
			88.6850869861438	-32.8855210118422
			88.7257868883862	-32.9262209140846
			88.7664867906286	-32.9262209140846
			88.807186692871	-32.966920816327
			88.8478865951133	-32.966920816327
			88.8885864973557	-33.0076207185694
			88.9292863995981	-33.0076207185694
			88.9699863018405	-33.0483206208117
			89.0106862040828	-33.0483206208117
			89.0513861063252	-33.0890205230541
			89.0920860085676	-33.0890205230541
			89.13278591081	-33.1297204252965
			89.1734858130524	-33.1297204252965
			89.2141857152947	-33.1704203275389
			89.2548856175371	-33.1704203275389
			89.2955855197795	-33.2111202297813
			89.3362854220219	-33.2518201320236
			89.3769853242643	-33.2518201320236
			89.4176852265066	-33.2518201320236
			89.458385128749	-33.292520034266
			89.4990850309914	-33.3332199365084
			89.5397849332338	-33.3332199365084
			89.5804848354762	-33.3739198387508
			89.6211847377185	-33.3739198387508
			89.6618846399609	-33.4146197409931
			89.7025845422033	-33.4146197409931
			89.7432844444457	-33.4553196432355
			89.783984346688	-33.4553196432355
			89.8246842489304	-33.4960195454779
			89.8653841511728	-33.4960195454779
			89.9060840534152	-33.5367194477203
			89.9467839556576	-33.5367194477203
			89.9874838578999	-33.5774193499627
			90.0281837601423	-33.618119252205
			90.0688836623847	-33.618119252205
		</Tail1>
		<End type=matrix rownames=FALSE colnames=FALSE nrow=131 ncol=2 as.numeric=TRUE >
			90.0688836623847	-33.618119252205
			90.1095835646271	-33.618119252205
			90.1502834668695	-33.6588191544474
			90.1909833691118	-33.6588191544474
			90.2316832713542	-33.6588191544474
			90.2723831735966	-33.6995190566898
			90.313083075839	-33.6995190566898
			90.3537829780814	-33.7402189589322
			90.3944828803237	-33.7809188611746
			90.4351827825661	-33.7809188611746
			90.4758826848085	-33.7809188611746
			90.5165825870509	-33.8216187634169
			90.5572824892932	-33.8623186656593
			90.5979823915356	-33.9030185679017
			90.638682293778	-33.9437184701441
			90.6793821960204	-33.9437184701441
			90.7200820982628	-33.9844183723865
			90.7607820005051	-34.0251182746288
			90.8014819027475	-34.0658181768712
			90.8421818049899	-34.1065180791136
			90.8421818049899	-34.147217981356
			90.8828817072323	-34.1879178835984
			90.8828817072323	-34.2286177858407
			90.9235816094747	-34.2693176880831
			90.9235816094747	-34.3100175903255
			90.964281511717	-34.3507174925679
			90.964281511717	-34.3914173948102
			91.0049814139594	-34.4321172970526
			91.0049814139594	-34.472817199295
			91.0049814139594	-34.5135171015374
			91.0049814139594	-34.5542170037798
			91.0456813162018	-34.5949169060221
			91.0456813162018	-34.6356168082645
			91.0456813162018	-34.6763167105069
			91.0456813162018	-34.7170166127493
			91.0456813162018	-34.7577165149917
			91.0456813162018	-34.798416417234
			91.0456813162018	-34.8391163194764
			91.0456813162018	-34.8798162217188
			91.0456813162018	-34.9205161239612
			91.0456813162018	-34.9612160262036
			91.0456813162018	-35.0019159284459
			91.0456813162018	-35.0426158306883
			91.0456813162018	-35.0833157329307
			91.0049814139594	-35.1240156351731
			91.0049814139594	-35.1647155374154
			91.0049814139594	-35.2054154396578
			91.0049814139594	-35.2461153419002
			91.0049814139594	-35.2868152441426
			90.964281511717	-35.2868152441426
			90.9235816094747	-35.327515146385
			90.9235816094747	-35.3682150486273
			90.8828817072323	-35.4089149508697
			90.8421818049899	-35.4496148531121
			90.8421818049899	-35.4903147553545
			90.8014819027475	-35.5310146575969
			90.8014819027475	-35.5717145598392
			90.8014819027475	-35.6124144620816
			90.8014819027475	-35.653114364324
			90.7607820005051	-35.6938142665664
			90.7607820005051	-35.7345141688088
			90.7607820005051	-35.7752140710511
			90.7607820005051	-35.8159139732935
			90.7607820005051	-35.8566138755359
			90.7607820005051	-35.8973137777783
			90.7607820005051	-35.9380136800206
			90.7607820005051	-35.978713582263
			90.7607820005051	-36.0194134845054
			90.7607820005051	-36.0601133867478
			90.7607820005051	-36.1008132889902
			90.7200820982628	-36.1415131912325
			90.6793821960204	-36.1822130934749
			90.638682293778	-36.2229129957173
			90.638682293778	-36.2636128979597
			90.5979823915356	-36.3043128002021
			90.5572824892932	-36.3450127024444
			90.5572824892932	-36.3857126046868
			90.5165825870509	-36.4264125069292
			90.5165825870509	-36.4671124091716
			90.4758826848085	-36.507812311414
			90.4351827825661	-36.507812311414
			90.4351827825661	-36.5485122136563
			90.3944828803237	-36.5892121158987
			90.3537829780814	-36.6299120181411
			90.3537829780814	-36.6706119203835
			90.313083075839	-36.6706119203835
			90.2723831735966	-36.7113118226258
			90.2723831735966	-36.7520117248682
			90.2316832713542	-36.7927116271106
			90.1909833691118	-36.7927116271106
			90.1909833691118	-36.833411529353
			90.1502834668695	-36.8741114315954
			90.1095835646271	-36.8741114315954
			90.1095835646271	-36.9148113338377
			90.0688836623847	-36.9555112360801
			90.0281837601423	-36.9555112360801
			90.0281837601423	-36.9962111383225
			89.9874838578999	-36.9962111383225
			89.9467839556576	-37.0369110405649
			89.9467839556576	-37.0776109428073
			89.9060840534152	-37.0776109428073
			89.8653841511728	-37.1183108450496
			89.8246842489304	-37.1183108450496
			89.8246842489304	-37.159010747292
			89.783984346688	-37.159010747292
			89.7432844444457	-37.1997106495344
			89.7025845422033	-37.1997106495344
			89.7025845422033	-37.2404105517768
			89.6618846399609	-37.2404105517768
			89.6211847377185	-37.2811104540192
			89.5804848354762	-37.2811104540192
			89.5397849332338	-37.3218103562615
			89.4990850309914	-37.3218103562615
			89.458385128749	-37.3625102585039
			89.4176852265066	-37.3625102585039
			89.3769853242643	-37.3625102585039
			89.3362854220219	-37.4032101607463
			89.2955855197795	-37.4032101607463
			89.2548856175371	-37.4439100629887
			89.2141857152947	-37.4439100629887
			89.1734858130524	-37.4439100629887
			89.13278591081	-37.4846099652311
			89.0920860085676	-37.4846099652311
			89.0513861063252	-37.4846099652311
			89.0106862040828	-37.4846099652311
			88.9699863018405	-37.4846099652311
			88.9292863995981	-37.5253098674734
			88.8885864973557	-37.5253098674734
			88.8478865951133	-37.5253098674734
			88.807186692871	-37.5253098674734
			88.7664867906286	-37.5253098674734
		</End>
		<Tail2 type=matrix rownames=FALSE colnames=FALSE nrow=149 ncol=2 as.numeric=TRUE >
			88.7664867906286	-37.5253098674734
			88.7257868883862	-37.5253098674734
			88.6850869861438	-37.4846099652311
			88.6443870839014	-37.4846099652311
			88.6036871816591	-37.4846099652311
			88.5629872794167	-37.4439100629887
			88.5222873771743	-37.4439100629887
			88.4815874749319	-37.4439100629887
			88.4408875726895	-37.4032101607463
			88.4001876704472	-37.4032101607463
			88.3594877682048	-37.4032101607463
			88.3187878659624	-37.3625102585039
			88.27808796372	-37.3625102585039
			88.2373880614776	-37.3625102585039
			88.1966881592353	-37.3218103562615
			88.1559882569929	-37.3218103562615
			88.1152883547505	-37.3218103562615
			88.0745884525081	-37.2811104540192
			88.0338885502658	-37.2811104540192
			87.9931886480234	-37.2811104540192
			87.952488745781	-37.2811104540192
			87.9117888435386	-37.2404105517768
			87.8710889412962	-37.2404105517768
			87.8303890390539	-37.1997106495344
			87.7896891368115	-37.1997106495344
			87.7489892345691	-37.1997106495344
			87.7082893323267	-37.159010747292
			87.6675894300843	-37.159010747292
			87.626889527842	-37.159010747292
			87.5861896255996	-37.1183108450496
			87.5454897233572	-37.1183108450496
			87.5047898211148	-37.1183108450496
			87.4640899188724	-37.0776109428073
			87.4233900166301	-37.0776109428073
			87.3826901143877	-37.0776109428073
			87.3419902121453	-37.0776109428073
			87.3012903099029	-37.0369110405649
			87.2605904076605	-37.0369110405649
			87.2198905054182	-37.0369110405649
			87.1791906031758	-36.9962111383225
			87.1384907009334	-36.9962111383225
			87.097790798691	-36.9962111383225
			87.0570908964487	-36.9555112360801
			87.0163909942063	-36.9555112360801
			86.9756910919639	-36.9555112360801
			86.9349911897215	-36.9148113338377
			86.8942912874791	-36.9148113338377
			86.8535913852368	-36.9148113338377
			86.8128914829944	-36.8741114315954
			86.772191580752	-36.8741114315954
			86.7314916785096	-36.8741114315954
			86.6907917762672	-36.833411529353
			86.6500918740249	-36.833411529353
			86.6093919717825	-36.833411529353
			86.5686920695401	-36.833411529353
			86.5279921672977	-36.7927116271106
			86.4872922650553	-36.7927116271106
			86.446592362813	-36.7927116271106
			86.4058924605706	-36.7520117248682
			86.3651925583282	-36.7520117248682
			86.3244926560858	-36.7520117248682
			86.2837927538435	-36.7520117248682
			86.2430928516011	-36.7113118226258
			86.2023929493587	-36.7113118226258
			86.1616930471163	-36.7113118226258
			86.1209931448739	-36.7113118226258
			86.1209931448739	-36.6706119203835
			86.0802932426316	-36.6706119203835
			86.0395933403892	-36.6706119203835
			85.9988934381468	-36.6706119203835
			85.9581935359044	-36.6299120181411
			85.917493633662	-36.6299120181411
			85.8767937314197	-36.6299120181411
			85.8360938291773	-36.6299120181411
			85.7953939269349	-36.5892121158987
			85.7546940246925	-36.5892121158987
			85.7139941224501	-36.5892121158987
			85.6732942202078	-36.5892121158987
			85.6732942202078	-36.5485122136563
			85.6325943179654	-36.5485122136563
			85.591894415723	-36.5485122136563
			85.5511945134806	-36.5485122136563
			85.5104946112383	-36.5485122136563
			85.4697947089959	-36.507812311414
			85.4290948067535	-36.507812311414
			85.3883949045111	-36.507812311414
			85.3476950022687	-36.4671124091716
			85.3069951000264	-36.4671124091716
			85.266295197784	-36.4671124091716
			85.2255952955416	-36.4671124091716
			85.1848953932992	-36.4264125069292
			85.1441954910568	-36.4264125069292
			85.1034955888145	-36.4264125069292
			85.0627956865721	-36.4264125069292
			85.0220957843297	-36.3857126046868
			84.9813958820873	-36.3857126046868
			84.9406959798449	-36.3857126046868
			84.8999960776026	-36.3857126046868
			84.8999960776026	-36.3450127024444
			84.8592961753602	-36.3450127024444
			84.8185962731178	-36.3450127024444
			84.7778963708754	-36.3450127024444
			84.7371964686331	-36.3043128002021
			84.6964965663907	-36.3043128002021
			84.6557966641483	-36.3043128002021
			84.6150967619059	-36.2636128979597
			84.5743968596635	-36.2636128979597
			84.5336969574212	-36.2636128979597
			84.4929970551788	-36.2636128979597
			84.4522971529364	-36.2229129957173
			84.411597250694	-36.2229129957173
			84.3708973484516	-36.2229129957173
			84.3301974462093	-36.2229129957173
			84.2894975439669	-36.2229129957173
			84.2487976417245	-36.1822130934749
			84.2080977394821	-36.1822130934749
			84.1673978372397	-36.1822130934749
			84.1266979349974	-36.1822130934749
			84.085998032755	-36.1822130934749
			84.0452981305126	-36.1822130934749
			84.0045982282702	-36.1822130934749
			83.9638983260279	-36.1415131912325
			83.9231984237855	-36.1415131912325
			83.8824985215431	-36.1415131912325
			83.8417986193007	-36.1415131912325
			83.8010987170583	-36.1415131912325
			83.760398814816	-36.1415131912325
			83.7196989125736	-36.1415131912325
			83.6789990103312	-36.1415131912325
			83.6382991080888	-36.1415131912325
			83.6382991080888	-36.1008132889902
			83.5975992058464	-36.1008132889902
			83.5568993036041	-36.1008132889902
			83.5161994013617	-36.1008132889902
			83.4754994991193	-36.1008132889902
			83.4347995968769	-36.1008132889902
			83.3940996946345	-36.1008132889902
			83.3533997923922	-36.1008132889902
			83.3126998901498	-36.1008132889902
			83.2719999879074	-36.1008132889902
			83.231300085665	-36.1008132889902
			83.1906001834226	-36.0601133867478
			83.1499002811803	-36.0601133867478
			83.1092003789379	-36.0601133867478
			83.0685004766955	-36.0601133867478
			83.0278005744531	-36.0601133867478
			82.9871006722108	-36.0601133867478
			82.9464007699684	-36.0601133867478
			82.905700867726	-36.0601133867478
		</Tail2>
		<AnalFin type=matrix rownames=FALSE colnames=FALSE nrow=87 ncol=2 as.numeric=TRUE >
			82.905700867726	-36.0601133867478
			82.8650009654836	-36.0601133867478
			82.8243010632412	-36.0601133867478
			82.7836011609989	-36.0601133867478
			82.7429012587565	-36.0601133867478
			82.7022013565141	-36.0601133867478
			82.6615014542717	-36.0601133867478
			82.6208015520293	-36.0601133867478
			82.580101649787	-36.0601133867478
			82.5394017475446	-36.1008132889902
			82.4987018453022	-36.1008132889902
			82.4580019430598	-36.1008132889902
			82.4173020408174	-36.1008132889902
			82.3766021385751	-36.1008132889902
			82.3359022363327	-36.1008132889902
			82.2952023340903	-36.1008132889902
			82.2545024318479	-36.1008132889902
			82.2138025296056	-36.1008132889902
			82.1731026273632	-36.1008132889902
			82.1324027251208	-36.1008132889902
			82.0917028228784	-36.1008132889902
			82.051002920636	-36.1008132889902
			82.0103030183937	-36.1008132889902
			81.9696031161513	-36.1008132889902
			81.9289032139089	-36.1008132889902
			81.8882033116665	-36.1008132889902
			81.8475034094241	-36.1008132889902
			81.8068035071818	-36.1008132889902
			81.7661036049394	-36.1008132889902
			81.725403702697	-36.1008132889902
			81.6847038004546	-36.1008132889902
			81.6440038982122	-36.1415131912325
			81.6033039959699	-36.1415131912325
			81.5626040937275	-36.1415131912325
			81.5219041914851	-36.1415131912325
			81.4812042892427	-36.1415131912325
			81.4405043870004	-36.1822130934749
			81.399804484758	-36.1822130934749
			81.3591045825156	-36.1822130934749
			81.3184046802732	-36.1822130934749
			81.2777047780308	-36.2229129957173
			81.2370048757885	-36.2229129957173
			81.1963049735461	-36.2229129957173
			81.1556050713037	-36.2229129957173
			81.1149051690613	-36.2636128979597
			81.074205266819	-36.2636128979597
			81.0335053645766	-36.2636128979597
			80.9928054623342	-36.2636128979597
			80.9521055600918	-36.3043128002021
			80.9114056578494	-36.3043128002021
			80.870705755607	-36.3043128002021
			80.8300058533647	-36.3450127024444
			80.7893059511223	-36.3450127024444
			80.7486060488799	-36.3450127024444
			80.7079061466375	-36.3857126046868
			80.6672062443952	-36.3857126046868
			80.6265063421528	-36.3857126046868
			80.5858064399104	-36.4264125069292
			80.545106537668	-36.4264125069292
			80.5044066354256	-36.4264125069292
			80.4637067331833	-36.4671124091716
			80.4230068309409	-36.4671124091716
			80.3823069286985	-36.4671124091716
			80.3416070264561	-36.507812311414
			80.3009071242137	-36.507812311414
			80.2602072219714	-36.507812311414
			80.219507319729	-36.5485122136563
			80.1788074174866	-36.5485122136563
			80.1381075152442	-36.5892121158987
			80.0974076130018	-36.5892121158987
			80.0567077107595	-36.5892121158987
			80.0567077107595	-36.6299120181411
			80.0160078085171	-36.6299120181411
			79.9753079062747	-36.6299120181411
			79.9346080040323	-36.6706119203835
			79.8939081017899	-36.6706119203835
			79.8532081995476	-36.7113118226258
			79.8125082973052	-36.7113118226258
			79.7718083950628	-36.7520117248682
			79.7311084928204	-36.7520117248682
			79.6904085905781	-36.7927116271106
			79.6497086883357	-36.7927116271106
			79.6497086883357	-36.833411529353
			79.6090087860933	-36.833411529353
			79.5683088838509	-36.8741114315954
			79.5276089816085	-36.8741114315954
			79.4869090793662	-36.9148113338377
		</AnalFin>
		<Pectfin type=matrix rownames=FALSE colnames=FALSE nrow=48 ncol=2 as.numeric=TRUE >
			70.0038318568919	-34.3914173948102
			70.0038318568919	-34.4321172970526
			70.0445317591342	-34.472817199295
			70.0445317591342	-34.5135171015374
			70.0445317591342	-34.5542170037798
			70.0445317591342	-34.5949169060221
			70.0445317591342	-34.6356168082645
			70.0445317591342	-34.6763167105069
			70.0852316613766	-34.7170166127493
			70.0852316613766	-34.7577165149917
			70.0852316613766	-34.798416417234
			70.0852316613766	-34.8391163194764
			70.0852316613766	-34.8798162217188
			70.0852316613766	-34.9205161239612
			70.0852316613766	-34.9612160262036
			70.0852316613766	-35.0019159284459
			70.0852316613766	-35.0426158306883
			70.0852316613766	-35.0833157329307
			70.0852316613766	-35.1240156351731
			70.0852316613766	-35.1647155374154
			70.0852316613766	-35.2054154396578
			70.0852316613766	-35.2461153419002
			70.0852316613766	-35.2868152441426
			70.0852316613766	-35.327515146385
			70.0852316613766	-35.3682150486273
			70.0852316613766	-35.4089149508697
			70.0852316613766	-35.4496148531121
			70.0852316613766	-35.4903147553545
			70.0852316613766	-35.5310146575969
			70.0445317591342	-35.5717145598392
			70.0445317591342	-35.6124144620816
			70.0445317591342	-35.653114364324
			70.0445317591342	-35.6938142665664
			70.0038318568919	-35.7345141688088
			70.0038318568919	-35.7752140710511
			70.0038318568919	-35.8159139732935
			69.9631319546495	-35.8159139732935
			69.9631319546495	-35.8566138755359
			69.9631319546495	-35.8973137777783
			69.9224320524071	-35.9380136800206
			69.9224320524071	-35.978713582263
			69.8817321501647	-35.978713582263
			69.8817321501647	-36.0194134845054
			69.8410322479223	-36.0601133867478
			69.8410322479223	-36.1008132889902
			69.80033234568	-36.1008132889902
			69.80033234568	-36.1415131912325
			69.7596324434376	-36.1822130934749
		</Pectfin>
		<Opercle type=matrix rownames=FALSE colnames=FALSE nrow=165 ncol=2 as.numeric=TRUE >
			69.0270342030748	-31.1761251176623
			69.0270342030748	-31.2168250199047
			69.0270342030748	-31.2575249221471
			69.0677341053171	-31.2982248243894
			69.0677341053171	-31.3389247266318
			69.0677341053171	-31.3796246288742
			69.0677341053171	-31.4203245311166
			69.0677341053171	-31.461024433359
			69.0677341053171	-31.5017243356013
			69.0677341053171	-31.5424242378437
			69.0677341053171	-31.5831241400861
			69.0677341053171	-31.6238240423285
			69.0677341053171	-31.6645239445709
			69.0677341053171	-31.7052238468132
			69.0677341053171	-31.7459237490556
			69.0677341053171	-31.786623651298
			69.0677341053171	-31.8273235535404
			69.0677341053171	-31.8680234557827
			69.0677341053171	-31.9087233580251
			69.0677341053171	-31.9494232602675
			69.0677341053171	-31.9901231625099
			69.0677341053171	-32.0308230647523
			69.0270342030748	-32.0715229669946
			69.0270342030748	-32.112222869237
			69.0270342030748	-32.1529227714794
			69.0270342030748	-32.1936226737218
			69.0270342030748	-32.2343225759642
			69.0270342030748	-32.2750224782065
			69.0270342030748	-32.3157223804489
			69.0270342030748	-32.3564222826913
			69.0270342030748	-32.3971221849337
			68.9863343008324	-32.4378220871761
			68.9863343008324	-32.4785219894184
			68.9863343008324	-32.5192218916608
			68.9863343008324	-32.5599217939032
			68.9863343008324	-32.6006216961456
			68.9863343008324	-32.6413215983879
			68.9863343008324	-32.6820215006303
			68.94563439859	-32.6820215006303
			68.94563439859	-32.7227214028727
			68.94563439859	-32.7634213051151
			68.94563439859	-32.8041212073575
			68.94563439859	-32.8448211095998
			68.9049344963476	-32.8448211095998
			68.9049344963476	-32.8855210118422
			68.8642345941052	-32.9262209140846
			68.8235346918629	-32.966920816327
			68.7828347896205	-33.0076207185694
			68.7421348873781	-33.0483206208117
			68.7014349851357	-33.0890205230541
			68.6607350828934	-33.1297204252965
			68.6607350828934	-33.1704203275389
			68.620035180651	-33.1704203275389
			68.5793352784086	-33.2111202297813
			68.5386353761662	-33.2518201320236
			68.5386353761662	-33.292520034266
			68.4979354739238	-33.292520034266
			68.4572355716815	-33.3332199365084
			68.4165356694391	-33.3739198387508
			68.4165356694391	-33.4146197409931
			68.3758357671967	-33.4146197409931
			68.3351358649543	-33.4553196432355
			68.2944359627119	-33.4960195454779
			68.2537360604696	-33.5367194477203
			68.2130361582272	-33.5774193499627
			68.1723362559848	-33.618119252205
			68.1316363537424	-33.6588191544474
			68.0909364515	-33.6995190566898
			68.0909364515	-33.7402189589322
			68.0502365492577	-33.7809188611746
			68.0095366470153	-33.8216187634169
			67.9688367447729	-33.8623186656593
			67.9281368425305	-33.9030185679017
			67.9281368425305	-33.9437184701441
			67.8874369402882	-33.9844183723865
			67.8467370380458	-33.9844183723865
			67.8060371358034	-34.0251182746288
			67.8060371358034	-34.0658181768712
			67.765337233561	-34.1065180791136
			67.7246373313186	-34.1065180791136
			67.7246373313186	-34.147217981356
			67.6839374290763	-34.1879178835984
			67.6432375268339	-34.2286177858407
			67.6025376245915	-34.2693176880831
			67.5618377223491	-34.3100175903255
			67.5211378201067	-34.3507174925679
			67.4804379178644	-34.3914173948102
			67.439738015622	-34.4321172970526
			67.3990381133796	-34.472817199295
			67.3583382111372	-34.472817199295
			67.3583382111372	-34.5135171015374
			67.3176383088948	-34.5542170037798
			67.2769384066525	-34.5949169060221
			67.2362385044101	-34.5949169060221
			67.1955386021677	-34.6356168082645
			67.1548386999253	-34.6763167105069
			67.114138797683	-34.7170166127493
			67.0734388954406	-34.7577165149917
			67.0327389931982	-34.798416417234
			66.9920390909558	-34.798416417234
			66.9513391887134	-34.8391163194764
			66.9106392864711	-34.8798162217188
			66.8699393842287	-34.8798162217188
			66.8292394819863	-34.9205161239612
			66.7885395797439	-34.9612160262036
			66.7478396775015	-35.0019159284459
			66.7071397752592	-35.0019159284459
			66.6664398730168	-35.0426158306883
			66.6257399707744	-35.0426158306883
			66.585040068532	-35.0833157329307
			66.5443401662896	-35.1240156351731
			66.5036402640473	-35.1240156351731
			66.4629403618049	-35.1647155374154
			66.4222404595625	-35.1647155374154
			66.3815405573201	-35.2054154396578
			66.3408406550778	-35.2054154396578
			66.3001407528354	-35.2461153419002
			66.259440850593	-35.2461153419002
			66.2187409483506	-35.2461153419002
			66.1780410461082	-35.2461153419002
			66.1373411438659	-35.2868152441426
			66.0966412416235	-35.2868152441426
			66.0559413393811	-35.2868152441426
			66.0152414371387	-35.2868152441426
			65.9745415348963	-35.2868152441426
			65.933841632654	-35.327515146385
			65.8931417304116	-35.327515146385
			65.8524418281692	-35.327515146385
			65.8117419259268	-35.327515146385
			65.7710420236844	-35.327515146385
			65.7303421214421	-35.327515146385
			65.6896422191997	-35.327515146385
			65.6489423169573	-35.3682150486273
			65.6082424147149	-35.3682150486273
			65.5675425124726	-35.3682150486273
			65.5268426102302	-35.3682150486273
			65.4861427079878	-35.3682150486273
			65.4454428057454	-35.3682150486273
			65.404742903503	-35.3682150486273
			65.3640430012607	-35.3682150486273
			65.3233430990183	-35.3682150486273
			65.2826431967759	-35.3682150486273
			65.2419432945335	-35.3682150486273
			65.2012433922911	-35.3682150486273
			65.1605434900488	-35.3682150486273
			65.1198435878064	-35.3682150486273
			65.079143685564	-35.3682150486273
			65.0384437833216	-35.327515146385
			64.9977438810792	-35.327515146385
			64.9570439788369	-35.327515146385
			64.9163440765945	-35.327515146385
			64.8756441743521	-35.327515146385
			64.8349442721097	-35.327515146385
			64.7942443698673	-35.2868152441426
			64.753544467625	-35.2868152441426
			64.7128445653826	-35.2868152441426
			64.6721446631402	-35.2868152441426
			64.6314447608978	-35.2461153419002
			64.5907448586555	-35.2461153419002
			64.5500449564131	-35.2054154396578
			64.5093450541707	-35.2054154396578
			64.4686451519283	-35.2054154396578
			64.4279452496859	-35.1647155374154
			64.3872453474436	-35.1647155374154
			64.3465454452012	-35.1240156351731
		</Opercle>
		<Preopercle type=matrix rownames=FALSE colnames=FALSE nrow=97 ncol=2 as.numeric=TRUE >
			66.0152414371387	-31.4203245311166
			66.0152414371387	-31.461024433359
			66.0152414371387	-31.5017243356013
			65.9745415348963	-31.5424242378437
			65.9745415348963	-31.5831241400861
			65.9745415348963	-31.6238240423285
			65.9745415348963	-31.6645239445709
			65.9745415348963	-31.7052238468132
			65.933841632654	-31.7459237490556
			65.933841632654	-31.786623651298
			65.933841632654	-31.8273235535404
			65.933841632654	-31.8680234557827
			65.933841632654	-31.9087233580251
			65.8931417304116	-31.9494232602675
			65.8931417304116	-31.9901231625099
			65.8931417304116	-32.0308230647523
			65.8931417304116	-32.0715229669946
			65.8524418281692	-32.112222869237
			65.8524418281692	-32.1529227714794
			65.8524418281692	-32.1936226737218
			65.8524418281692	-32.2343225759642
			65.8524418281692	-32.2750224782065
			65.8117419259268	-32.3157223804489
			65.8117419259268	-32.3564222826913
			65.8117419259268	-32.3971221849337
			65.7710420236844	-32.4378220871761
			65.7710420236844	-32.4785219894184
			65.7710420236844	-32.5192218916608
			65.7710420236844	-32.5599217939032
			65.7303421214421	-32.6006216961456
			65.7303421214421	-32.6413215983879
			65.7303421214421	-32.6820215006303
			65.7303421214421	-32.7227214028727
			65.6896422191997	-32.7634213051151
			65.6896422191997	-32.8041212073575
			65.6896422191997	-32.8448211095998
			65.6489423169573	-32.8855210118422
			65.6489423169573	-32.9262209140846
			65.6489423169573	-32.966920816327
			65.6489423169573	-33.0076207185694
			65.6082424147149	-33.0483206208117
			65.6082424147149	-33.0890205230541
			65.6082424147149	-33.1297204252965
			65.5675425124726	-33.1704203275389
			65.5675425124726	-33.2111202297813
			65.5675425124726	-33.2518201320236
			65.5268426102302	-33.292520034266
			65.5268426102302	-33.3332199365084
			65.5268426102302	-33.3739198387508
			65.4861427079878	-33.3739198387508
			65.4861427079878	-33.4146197409931
			65.4861427079878	-33.4553196432355
			65.4861427079878	-33.4960195454779
			65.4454428057454	-33.5367194477203
			65.4454428057454	-33.5774193499627
			65.404742903503	-33.618119252205
			65.404742903503	-33.6588191544474
			65.3640430012607	-33.6995190566898
			65.3640430012607	-33.7402189589322
			65.3640430012607	-33.7809188611746
			65.3233430990183	-33.7809188611746
			65.3233430990183	-33.8216187634169
			65.2826431967759	-33.8623186656593
			65.2826431967759	-33.9030185679017
			65.2419432945335	-33.9437184701441
			65.2419432945335	-33.9844183723865
			65.2012433922911	-34.0251182746288
			65.1605434900488	-34.0658181768712
			65.1605434900488	-34.1065180791136
			65.1198435878064	-34.147217981356
			65.1198435878064	-34.1879178835984
			65.079143685564	-34.2286177858407
			65.0384437833216	-34.2693176880831
			65.0384437833216	-34.3100175903255
			64.9977438810792	-34.3507174925679
			64.9977438810792	-34.3914173948102
			64.9570439788369	-34.4321172970526
			64.9163440765945	-34.472817199295
			64.9163440765945	-34.5135171015374
			64.8756441743521	-34.5135171015374
			64.8349442721097	-34.5542170037798
			64.8349442721097	-34.5949169060221
			64.7942443698673	-34.6356168082645
			64.7942443698673	-34.6763167105069
			64.753544467625	-34.7170166127493
			64.7128445653826	-34.7170166127493
			64.7128445653826	-34.7577165149917
			64.6721446631402	-34.798416417234
			64.6314447608978	-34.8391163194764
			64.5907448586555	-34.8798162217188
			64.5500449564131	-34.9205161239612
			64.5093450541707	-34.9612160262036
			64.5093450541707	-35.0019159284459
			64.4686451519283	-35.0019159284459
			64.4279452496859	-35.0426158306883
			64.3872453474436	-35.0833157329307
			64.3465454452012	-35.1240156351731
		</Preopercle>
	</curves.scaled>
	<ruler.points type=matrix rownames=TRUE colnames=FALSE nrow=2 ncol=2 as.numeric=TRUE >
		Ruler point 1	1419	527
		Ruler point 2	1409	1151
	</ruler.points>
</shapes>

