<shapes type=list>
	<ruler.pixel type=vector names=FALSE length=1 as.numeric=TRUE >621.012882314047</ruler.pixel>
	<ruler.interval type=vector names=FALSE length=1 as.numeric=TRUE >25.4</ruler.interval>
	<scaling.units type=vector names=FALSE length=1 as.numeric=FALSE >mm</scaling.units>
	<scaling type=vector names=FALSE length=1 as.numeric=TRUE >0.0409009228687066</scaling>
	<landmarks.pixel type=matrix rownames=TRUE colnames=FALSE nrow=12 ncol=2 as.numeric=TRUE >
		LM1	1120	846
		LM2	1521	774
		LM3	1840	828
		LM4	1850	946
		LM5	1680	934
		LM6	1596	962
		LM7	1342	900
		LM8	1348	956
		LM9	1306	842
		LM10	1210	947
		LM11	1231	843
		LM12	1198	808
	</landmarks.pixel>
	<landmarks.scaled type=matrix rownames=TRUE colnames=FALSE nrow=12 ncol=2 as.numeric=TRUE >
		LM1	45.8090336129514	-34.6021807469258
		LM2	62.2103036833027	-31.6573143003789
		LM3	75.2576980784201	-33.8659641352891
		LM4	75.6667073071072	-38.6922730337964
		LM5	68.7135504194271	-38.201461959372
		LM6	65.2778728984557	-39.3466877996958
		LM7	54.8890384898043	-36.8108305818359
		LM8	55.1344440270165	-39.1012822624835
		LM9	53.4166052665308	-34.438577055451
		LM10	49.490116671135	-38.7331739566652
		LM11	50.3490360513778	-34.4794779783197
		LM12	48.9993055967105	-33.0479456779149
	</landmarks.scaled>
	<curves.control type=list>
		<Eye type=matrix rownames=FALSE colnames=FALSE nrow=7 ncol=2 as.numeric=TRUE >
			1198	808
			1239	821
			1209	856
			1173	872
			1155	848
			1157	814
			1198	808
		</Eye>
		<Head type=matrix rownames=FALSE colnames=FALSE nrow=15 ncol=2 as.numeric=TRUE >
			1120	846
			1129	832
			1138	827
			1158	819
			1173	810
			1215	795
			1259	790
			1295	782
			1339	777
			1380	774
			1419	774
			1462	773
			1492	770
			1504	771
			1521	774
		</Head>
		<Tail1 type=matrix rownames=FALSE colnames=FALSE nrow=9 ncol=2 as.numeric=TRUE >
			1521	774
			1558	784
			1603	795
			1639	802
			1689	810
			1723	814
			1769	822
			1818	833
			1840	828
		</Tail1>
		<End type=matrix rownames=FALSE colnames=FALSE nrow=7 ncol=2 as.numeric=TRUE >
			1840	828
			1870	826
			1882	851
			1889	862
			1882	894
			1881	949
			1850	946
		</End>
		<Tail2 type=matrix rownames=FALSE colnames=FALSE nrow=7 ncol=2 as.numeric=TRUE >
			1850	946
			1807	937
			1787	934
			1761	932
			1732	929
			1705	929
			1680	934
		</Tail2>
		<AnalFin type=matrix rownames=FALSE colnames=FALSE nrow=5 ncol=2 as.numeric=TRUE >
			1680	934
			1661	938
			1641	944
			1615	950
			1596	962
		</AnalFin>
		<Pectfin type=matrix rownames=FALSE colnames=FALSE nrow=5 ncol=2 as.numeric=TRUE >
			1342	900
			1354	912
			1352	927
			1354	940
			1348	956
		</Pectfin>
		<Opercle type=matrix rownames=FALSE colnames=FALSE nrow=9 ncol=2 as.numeric=TRUE >
			1306	842
			1322	861
			1308	885
			1298	905
			1279	929
			1262	950
			1237	950
			1223	952
			1210	947
		</Opercle>
		<Preopercle type=matrix rownames=FALSE colnames=FALSE nrow=5 ncol=2 as.numeric=TRUE >
			1231	843
			1237	865
			1216	905
			1213	933
			1210	947
		</Preopercle>
	</curves.control>
	<curves.pixel type=list>
		<Eye type=matrix rownames=FALSE colnames=FALSE nrow=179 ncol=2 as.numeric=TRUE >
			1198	808
			1199	808
			1200	809
			1201	809
			1202	809
			1203	810
			1204	810
			1205	811
			1206	811
			1207	811
			1207	812
			1208	812
			1209	812
			1209	813
			1210	813
			1211	814
			1212	814
			1213	815
			1214	816
			1215	817
			1216	818
			1217	819
			1218	820
			1219	821
			1219	822
			1220	823
			1220	824
			1221	825
			1221	826
			1221	827
			1222	828
			1222	829
			1222	830
			1222	831
			1222	832
			1222	833
			1221	834
			1221	835
			1221	836
			1221	837
			1220	838
			1220	839
			1220	840
			1219	841
			1219	842
			1218	843
			1218	844
			1217	845
			1216	846
			1216	847
			1215	848
			1214	849
			1214	850
			1213	851
			1212	852
			1211	853
			1211	854
			1210	854
			1210	855
			1209	856
			1208	856
			1208	857
			1207	857
			1206	857
			1205	858
			1204	858
			1203	859
			1202	859
			1201	859
			1200	859
			1199	860
			1198	860
			1197	860
			1196	861
			1195	861
			1194	861
			1193	861
			1192	861
			1191	862
			1190	862
			1189	862
			1188	862
			1187	862
			1186	862
			1185	862
			1184	862
			1183	862
			1182	862
			1181	862
			1180	862
			1179	862
			1178	862
			1177	862
			1176	862
			1175	862
			1174	861
			1173	861
			1172	861
			1171	860
			1170	860
			1169	859
			1168	859
			1167	858
			1166	858
			1165	857
			1164	857
			1163	856
			1162	855
			1161	855
			1160	854
			1160	853
			1159	852
			1158	852
			1157	851
			1156	850
			1156	849
			1155	848
			1155	847
			1155	846
			1155	845
			1155	844
			1155	843
			1156	843
			1156	842
			1156	841
			1156	840
			1156	839
			1157	838
			1157	837
			1157	836
			1158	835
			1158	834
			1158	833
			1159	832
			1159	831
			1160	830
			1160	829
			1161	828
			1161	827
			1162	826
			1163	826
			1163	825
			1164	824
			1165	823
			1165	822
			1166	822
			1167	821
			1167	820
			1168	820
			1169	819
			1170	818
			1171	818
			1172	817
			1173	816
			1174	816
			1175	815
			1176	815
			1177	814
			1178	814
			1179	813
			1180	813
			1181	812
			1182	812
			1183	811
			1184	811
			1185	811
			1186	811
			1187	810
			1188	810
			1189	810
			1190	810
			1191	809
			1192	809
			1193	809
			1194	809
			1195	809
			1196	808
			1197	808
			1198	808
		</Eye>
		<Head type=matrix rownames=FALSE colnames=FALSE nrow=414 ncol=2 as.numeric=TRUE >
			1120	846
			1121	845
			1121	844
			1122	843
			1122	842
			1123	842
			1124	841
			1124	840
			1125	839
			1125	838
			1126	838
			1127	837
			1127	836
			1128	836
			1128	835
			1129	834
			1130	834
			1130	833
			1131	832
			1132	831
			1133	830
			1134	829
			1135	829
			1136	828
			1137	828
			1137	827
			1138	827
			1139	827
			1140	826
			1141	826
			1142	825
			1143	825
			1144	825
			1145	824
			1146	824
			1147	823
			1148	823
			1149	823
			1149	822
			1150	822
			1151	821
			1152	821
			1153	821
			1154	820
			1155	820
			1156	819
			1157	819
			1158	818
			1159	818
			1160	817
			1161	817
			1162	816
			1163	816
			1164	815
			1165	815
			1166	814
			1167	814
			1168	813
			1169	812
			1170	812
			1171	811
			1172	810
			1173	810
			1174	810
			1175	809
			1176	809
			1177	809
			1178	808
			1179	808
			1180	808
			1181	807
			1182	807
			1183	806
			1184	806
			1185	806
			1186	806
			1187	805
			1188	805
			1189	805
			1190	804
			1191	804
			1192	804
			1193	803
			1194	803
			1195	803
			1196	803
			1197	802
			1198	802
			1199	802
			1200	802
			1200	801
			1201	801
			1202	801
			1203	801
			1204	800
			1205	800
			1206	800
			1207	800
			1208	799
			1209	799
			1210	799
			1211	799
			1212	798
			1213	798
			1214	798
			1215	798
			1216	797
			1217	797
			1218	797
			1219	797
			1220	797
			1221	796
			1222	796
			1223	796
			1224	796
			1225	795
			1226	795
			1227	795
			1228	795
			1229	795
			1230	794
			1231	794
			1232	794
			1233	794
			1234	794
			1235	794
			1236	793
			1237	793
			1238	793
			1239	793
			1240	793
			1241	793
			1242	792
			1243	792
			1244	792
			1245	792
			1246	792
			1247	792
			1248	791
			1249	791
			1250	791
			1251	791
			1252	791
			1253	791
			1254	791
			1255	790
			1256	790
			1257	790
			1258	790
			1259	790
			1260	790
			1261	790
			1262	789
			1263	789
			1264	789
			1265	789
			1266	789
			1267	788
			1268	788
			1269	788
			1270	788
			1271	787
			1272	787
			1273	787
			1274	787
			1275	787
			1276	786
			1277	786
			1278	786
			1279	786
			1280	786
			1281	786
			1282	785
			1283	785
			1284	785
			1285	785
			1286	785
			1287	784
			1288	784
			1289	784
			1290	784
			1291	784
			1292	784
			1293	783
			1294	783
			1295	783
			1296	783
			1297	783
			1298	783
			1299	782
			1300	782
			1301	782
			1302	782
			1303	782
			1304	782
			1305	781
			1306	781
			1307	781
			1308	781
			1309	781
			1310	781
			1311	781
			1312	780
			1313	780
			1314	780
			1315	780
			1316	780
			1317	780
			1318	780
			1319	779
			1320	779
			1321	779
			1322	779
			1323	779
			1324	779
			1325	779
			1326	779
			1327	778
			1328	778
			1329	778
			1330	778
			1331	778
			1332	778
			1333	778
			1334	778
			1335	777
			1336	777
			1337	777
			1338	777
			1339	777
			1340	777
			1341	777
			1342	777
			1343	777
			1344	777
			1345	777
			1346	777
			1346	776
			1347	776
			1348	776
			1349	776
			1350	776
			1351	776
			1352	776
			1353	776
			1354	776
			1355	776
			1356	776
			1357	776
			1358	776
			1359	776
			1360	776
			1361	776
			1362	776
			1363	775
			1364	775
			1365	775
			1366	775
			1367	775
			1368	775
			1369	775
			1370	775
			1371	775
			1372	775
			1373	775
			1374	775
			1375	775
			1376	775
			1377	775
			1378	775
			1379	775
			1380	775
			1381	775
			1382	775
			1383	775
			1384	775
			1385	775
			1386	775
			1387	774
			1388	774
			1389	774
			1390	774
			1391	774
			1392	774
			1393	774
			1394	774
			1395	774
			1396	774
			1397	774
			1398	774
			1399	774
			1400	774
			1401	774
			1402	774
			1403	774
			1404	774
			1405	774
			1406	774
			1407	774
			1408	774
			1409	774
			1410	774
			1411	774
			1412	774
			1413	774
			1414	774
			1415	774
			1416	774
			1417	774
			1418	774
			1419	774
			1420	774
			1421	774
			1422	774
			1423	774
			1424	774
			1425	774
			1426	774
			1427	774
			1428	774
			1429	774
			1430	774
			1431	774
			1432	774
			1433	774
			1434	774
			1435	774
			1436	774
			1436	773
			1437	773
			1438	773
			1439	773
			1440	773
			1441	773
			1442	773
			1443	773
			1444	773
			1445	773
			1446	773
			1447	773
			1448	773
			1449	773
			1450	773
			1451	773
			1452	773
			1453	773
			1454	773
			1455	773
			1456	773
			1457	773
			1458	773
			1459	772
			1460	772
			1461	772
			1462	772
			1463	772
			1464	772
			1465	772
			1466	772
			1467	772
			1468	772
			1469	772
			1470	772
			1471	772
			1472	772
			1473	772
			1474	772
			1475	771
			1476	771
			1477	771
			1478	771
			1479	771
			1480	771
			1481	771
			1482	771
			1483	771
			1484	771
			1485	771
			1486	771
			1487	770
			1488	770
			1489	770
			1490	770
			1491	770
			1492	770
			1493	770
			1494	770
			1495	770
			1496	770
			1497	771
			1498	771
			1499	771
			1500	771
			1501	771
			1502	771
			1503	771
			1504	771
			1505	772
			1506	772
			1507	772
			1508	772
			1509	772
			1510	772
			1511	772
			1512	773
			1513	773
			1514	773
			1515	773
			1516	773
			1517	773
			1518	773
			1519	774
			1520	774
			1521	774
		</Head>
		<Tail1 type=matrix rownames=FALSE colnames=FALSE nrow=323 ncol=2 as.numeric=TRUE >
			1521	774
			1522	774
			1523	774
			1524	775
			1525	775
			1526	775
			1527	775
			1527	776
			1528	776
			1529	776
			1530	776
			1531	777
			1532	777
			1533	777
			1534	777
			1535	778
			1536	778
			1537	778
			1538	778
			1539	779
			1540	779
			1541	779
			1542	779
			1543	780
			1544	780
			1545	780
			1546	781
			1547	781
			1548	781
			1549	781
			1550	782
			1551	782
			1552	782
			1553	783
			1554	783
			1555	783
			1556	783
			1557	783
			1558	784
			1559	784
			1560	784
			1561	785
			1562	785
			1563	785
			1564	785
			1565	786
			1566	786
			1567	786
			1568	786
			1569	787
			1570	787
			1571	787
			1572	787
			1573	788
			1574	788
			1575	788
			1576	788
			1577	789
			1578	789
			1579	789
			1580	789
			1581	789
			1582	790
			1583	790
			1584	790
			1585	790
			1585	791
			1586	791
			1587	791
			1588	791
			1589	792
			1590	792
			1591	792
			1592	792
			1593	793
			1594	793
			1595	793
			1596	793
			1597	794
			1598	794
			1599	794
			1600	794
			1601	795
			1602	795
			1603	795
			1604	795
			1605	795
			1606	796
			1607	796
			1608	796
			1609	796
			1610	796
			1611	797
			1612	797
			1613	797
			1614	797
			1615	797
			1616	798
			1617	798
			1618	798
			1619	798
			1620	798
			1621	798
			1622	799
			1623	799
			1624	799
			1625	799
			1626	799
			1627	800
			1628	800
			1629	800
			1630	800
			1631	800
			1632	800
			1633	801
			1634	801
			1635	801
			1636	801
			1637	801
			1638	801
			1639	802
			1640	802
			1641	802
			1642	802
			1643	802
			1644	802
			1645	803
			1646	803
			1647	803
			1648	803
			1649	803
			1650	803
			1651	804
			1652	804
			1653	804
			1654	804
			1655	804
			1656	805
			1657	805
			1658	805
			1659	805
			1660	805
			1661	805
			1662	806
			1663	806
			1664	806
			1665	806
			1666	806
			1667	806
			1668	807
			1669	807
			1670	807
			1671	807
			1672	807
			1673	807
			1674	808
			1675	808
			1676	808
			1677	808
			1678	808
			1679	808
			1680	809
			1681	809
			1682	809
			1683	809
			1684	809
			1685	809
			1686	809
			1687	810
			1688	810
			1689	810
			1690	810
			1691	810
			1692	810
			1693	810
			1694	811
			1695	811
			1696	811
			1697	811
			1698	811
			1699	811
			1700	811
			1701	812
			1702	812
			1703	812
			1704	812
			1705	812
			1706	812
			1707	812
			1708	812
			1709	813
			1710	813
			1711	813
			1712	813
			1713	813
			1714	813
			1715	813
			1716	814
			1717	814
			1718	814
			1719	814
			1720	814
			1721	814
			1722	814
			1723	815
			1724	815
			1725	815
			1726	815
			1727	815
			1728	815
			1729	815
			1730	816
			1731	816
			1732	816
			1733	816
			1734	816
			1735	816
			1736	816
			1737	817
			1738	817
			1739	817
			1740	817
			1741	817
			1742	817
			1743	818
			1744	818
			1745	818
			1746	818
			1747	818
			1748	818
			1749	819
			1750	819
			1751	819
			1752	819
			1753	819
			1754	819
			1755	820
			1756	820
			1757	820
			1758	820
			1759	820
			1760	820
			1761	821
			1762	821
			1763	821
			1764	821
			1765	821
			1766	821
			1767	822
			1768	822
			1769	822
			1770	822
			1771	822
			1772	823
			1773	823
			1774	823
			1775	823
			1776	824
			1777	824
			1778	824
			1779	824
			1780	824
			1781	825
			1782	825
			1783	825
			1784	825
			1785	825
			1786	825
			1787	826
			1788	826
			1789	826
			1790	826
			1791	826
			1792	827
			1793	827
			1794	827
			1795	827
			1796	827
			1797	827
			1798	827
			1798	828
			1799	828
			1800	828
			1801	828
			1802	828
			1803	828
			1804	828
			1805	828
			1806	829
			1807	829
			1808	829
			1809	829
			1810	829
			1811	829
			1812	829
			1813	829
			1814	829
			1815	829
			1816	829
			1817	829
			1818	829
			1819	829
			1820	830
			1821	830
			1822	830
			1823	830
			1824	830
			1825	830
			1826	830
			1827	830
			1828	829
			1829	829
			1830	829
			1831	829
			1832	829
			1833	829
			1834	829
			1835	829
			1836	829
			1837	829
			1838	828
			1839	828
			1840	828
		</Tail1>
		<End type=matrix rownames=FALSE colnames=FALSE nrow=160 ncol=2 as.numeric=TRUE >
			1840	828
			1841	828
			1842	828
			1843	828
			1844	828
			1845	828
			1846	828
			1847	828
			1848	828
			1849	828
			1850	828
			1851	828
			1852	828
			1853	829
			1854	829
			1855	829
			1856	829
			1857	829
			1858	830
			1859	830
			1860	830
			1861	831
			1862	831
			1863	832
			1864	832
			1865	833
			1866	833
			1867	834
			1868	834
			1869	835
			1870	835
			1870	836
			1871	837
			1872	837
			1873	838
			1874	839
			1874	840
			1875	840
			1876	841
			1876	842
			1877	843
			1878	844
			1878	845
			1879	846
			1880	847
			1880	848
			1881	849
			1881	850
			1882	851
			1883	852
			1883	853
			1884	854
			1884	855
			1884	856
			1884	857
			1885	858
			1885	859
			1885	860
			1885	861
			1885	862
			1885	863
			1885	864
			1885	865
			1885	866
			1885	867
			1885	868
			1885	869
			1885	870
			1885	871
			1885	872
			1885	873
			1885	874
			1885	875
			1885	876
			1885	877
			1885	878
			1885	879
			1885	880
			1884	881
			1884	882
			1884	883
			1884	884
			1884	885
			1884	886
			1883	887
			1883	888
			1883	889
			1883	890
			1883	891
			1883	892
			1882	892
			1882	893
			1882	894
			1882	895
			1882	896
			1882	897
			1882	898
			1882	899
			1882	900
			1882	901
			1882	902
			1882	903
			1882	904
			1881	905
			1881	906
			1881	907
			1881	908
			1881	909
			1881	910
			1881	911
			1881	912
			1881	913
			1880	914
			1880	915
			1880	916
			1880	917
			1880	918
			1879	919
			1879	920
			1879	921
			1879	922
			1878	923
			1878	924
			1878	925
			1878	926
			1877	926
			1877	927
			1877	928
			1876	929
			1876	930
			1875	931
			1875	932
			1874	933
			1874	934
			1873	935
			1873	936
			1872	936
			1872	937
			1871	938
			1870	939
			1869	940
			1868	941
			1867	942
			1866	943
			1865	943
			1864	944
			1863	944
			1862	945
			1861	945
			1860	945
			1859	946
			1858	946
			1857	946
			1856	946
			1855	946
			1854	946
			1853	946
			1852	946
			1851	946
			1850	946
		</End>
		<Tail2 type=matrix rownames=FALSE colnames=FALSE nrow=174 ncol=2 as.numeric=TRUE >
			1850	946
			1849	946
			1848	946
			1847	945
			1846	945
			1845	945
			1844	945
			1843	945
			1842	944
			1841	944
			1840	944
			1839	944
			1838	943
			1837	943
			1836	943
			1835	943
			1834	943
			1833	942
			1832	942
			1831	942
			1830	942
			1829	942
			1828	941
			1827	941
			1826	941
			1825	941
			1824	941
			1823	940
			1822	940
			1821	940
			1820	940
			1819	940
			1818	939
			1817	939
			1816	939
			1815	939
			1814	939
			1813	938
			1812	938
			1811	938
			1810	938
			1809	938
			1808	938
			1807	937
			1806	937
			1805	937
			1804	937
			1803	937
			1802	936
			1801	936
			1800	936
			1799	936
			1798	936
			1797	936
			1796	935
			1795	935
			1794	935
			1793	935
			1792	935
			1791	935
			1790	934
			1789	934
			1788	934
			1787	934
			1786	934
			1785	934
			1784	934
			1783	934
			1782	934
			1781	934
			1781	933
			1780	933
			1779	933
			1778	933
			1777	933
			1776	933
			1775	933
			1774	933
			1773	933
			1772	933
			1771	933
			1770	933
			1769	932
			1768	932
			1767	932
			1766	932
			1765	932
			1764	932
			1763	932
			1762	932
			1761	932
			1760	932
			1759	932
			1758	932
			1757	931
			1756	931
			1755	931
			1754	931
			1753	931
			1752	931
			1751	931
			1750	931
			1749	931
			1748	931
			1747	931
			1747	930
			1746	930
			1745	930
			1744	930
			1743	930
			1742	930
			1741	930
			1740	930
			1739	930
			1738	930
			1737	930
			1736	929
			1735	929
			1734	929
			1733	929
			1732	929
			1731	929
			1730	929
			1729	929
			1728	929
			1727	929
			1726	929
			1725	929
			1724	929
			1723	929
			1722	929
			1721	929
			1720	929
			1719	929
			1718	929
			1717	929
			1716	929
			1715	930
			1714	930
			1713	930
			1712	930
			1711	930
			1710	930
			1709	930
			1708	930
			1707	930
			1706	930
			1705	930
			1704	930
			1703	931
			1702	931
			1701	931
			1700	931
			1699	931
			1698	931
			1697	931
			1696	931
			1695	931
			1695	932
			1694	932
			1693	932
			1692	932
			1691	932
			1690	932
			1689	932
			1688	933
			1687	933
			1686	933
			1685	933
			1684	933
			1683	933
			1682	934
			1681	934
			1680	934
		</Tail2>
		<AnalFin type=matrix rownames=FALSE colnames=FALSE nrow=87 ncol=2 as.numeric=TRUE >
			1680	934
			1679	934
			1678	934
			1677	935
			1676	935
			1675	935
			1674	935
			1673	936
			1672	936
			1671	936
			1670	936
			1669	936
			1668	937
			1667	937
			1666	937
			1665	937
			1664	938
			1663	938
			1662	938
			1661	938
			1660	939
			1659	939
			1658	939
			1657	939
			1657	940
			1656	940
			1655	940
			1654	940
			1653	941
			1652	941
			1651	941
			1650	941
			1649	942
			1648	942
			1647	942
			1646	942
			1645	943
			1644	943
			1643	943
			1642	944
			1641	944
			1640	944
			1639	945
			1638	945
			1637	945
			1636	945
			1635	946
			1634	946
			1633	946
			1632	946
			1631	947
			1630	947
			1629	947
			1628	948
			1627	948
			1626	948
			1625	949
			1624	949
			1623	949
			1622	949
			1621	950
			1620	950
			1619	951
			1618	951
			1617	951
			1617	952
			1616	952
			1615	952
			1614	953
			1613	953
			1612	953
			1611	954
			1610	954
			1609	955
			1608	955
			1607	956
			1606	956
			1605	957
			1604	958
			1603	958
			1602	959
			1601	959
			1600	960
			1599	960
			1598	961
			1597	961
			1596	962
		</AnalFin>
		<Pectfin type=matrix rownames=FALSE colnames=FALSE nrow=57 ncol=2 as.numeric=TRUE >
			1342	900
			1343	901
			1344	902
			1345	903
			1346	904
			1347	905
			1347	906
			1348	907
			1348	908
			1349	909
			1349	910
			1350	911
			1350	912
			1351	913
			1351	914
			1351	915
			1351	916
			1352	917
			1352	918
			1352	919
			1352	920
			1352	921
			1352	922
			1352	923
			1352	924
			1352	925
			1352	926
			1352	927
			1352	928
			1352	929
			1352	930
			1352	931
			1352	932
			1352	933
			1352	934
			1352	935
			1352	936
			1352	937
			1352	938
			1352	939
			1352	940
			1352	941
			1352	942
			1352	943
			1352	944
			1351	945
			1351	946
			1351	947
			1351	948
			1350	949
			1350	950
			1350	951
			1349	952
			1349	953
			1349	954
			1348	955
			1348	956
		</Pectfin>
		<Opercle type=matrix rownames=FALSE colnames=FALSE nrow=166 ncol=2 as.numeric=TRUE >
			1306	842
			1307	843
			1307	844
			1308	845
			1309	846
			1310	847
			1310	848
			1311	849
			1311	850
			1312	851
			1312	852
			1313	853
			1313	854
			1313	855
			1314	856
			1314	857
			1314	858
			1314	859
			1314	860
			1314	861
			1314	862
			1315	863
			1315	864
			1314	865
			1314	866
			1314	867
			1314	868
			1314	869
			1314	870
			1314	871
			1313	872
			1313	873
			1313	874
			1313	875
			1312	876
			1312	877
			1311	878
			1311	879
			1311	880
			1310	881
			1310	882
			1309	883
			1309	884
			1308	885
			1308	886
			1307	887
			1306	888
			1306	889
			1305	890
			1305	891
			1304	892
			1304	893
			1303	894
			1302	895
			1302	896
			1301	897
			1301	898
			1300	899
			1300	900
			1299	900
			1299	901
			1299	902
			1298	902
			1298	903
			1297	904
			1297	905
			1296	906
			1295	907
			1294	908
			1294	909
			1293	910
			1293	911
			1292	911
			1292	912
			1291	913
			1290	914
			1290	915
			1289	915
			1289	916
			1288	917
			1288	918
			1287	919
			1286	919
			1286	920
			1285	921
			1285	922
			1284	923
			1283	924
			1282	925
			1281	926
			1280	927
			1280	928
			1279	929
			1278	930
			1277	931
			1277	932
			1276	933
			1275	933
			1274	934
			1274	935
			1273	936
			1272	936
			1271	937
			1270	938
			1269	939
			1268	940
			1267	941
			1266	941
			1265	942
			1264	943
			1263	943
			1262	944
			1261	944
			1260	945
			1259	945
			1258	946
			1257	946
			1256	947
			1255	947
			1254	947
			1253	948
			1252	948
			1251	948
			1250	948
			1250	949
			1249	949
			1248	949
			1247	949
			1246	949
			1245	949
			1244	950
			1243	950
			1242	950
			1241	950
			1240	950
			1239	950
			1238	950
			1237	950
			1236	950
			1235	950
			1234	950
			1233	950
			1232	951
			1231	951
			1230	951
			1229	951
			1228	951
			1227	951
			1226	951
			1226	950
			1225	950
			1224	950
			1223	950
			1222	950
			1221	950
			1220	950
			1219	950
			1218	949
			1217	949
			1216	949
			1215	949
			1214	948
			1213	948
			1212	948
			1211	947
			1210	947
		</Opercle>
		<Preopercle type=matrix rownames=FALSE colnames=FALSE nrow=111 ncol=2 as.numeric=TRUE >
			1231	843
			1231	844
			1231	845
			1232	846
			1232	847
			1232	848
			1232	849
			1232	850
			1232	851
			1232	852
			1232	853
			1232	854
			1232	855
			1232	856
			1232	857
			1232	858
			1232	859
			1232	860
			1232	861
			1232	862
			1231	863
			1231	864
			1231	865
			1231	866
			1231	867
			1231	868
			1230	869
			1230	870
			1230	871
			1229	872
			1229	873
			1229	874
			1229	875
			1228	876
			1228	877
			1228	878
			1228	879
			1227	880
			1227	881
			1226	882
			1226	883
			1226	884
			1225	885
			1225	886
			1224	887
			1224	888
			1224	889
			1223	890
			1223	891
			1222	892
			1222	893
			1222	894
			1221	894
			1221	895
			1221	896
			1220	896
			1220	897
			1220	898
			1219	898
			1219	899
			1219	900
			1218	900
			1218	901
			1218	902
			1217	902
			1217	903
			1217	904
			1216	904
			1216	905
			1216	906
			1216	907
			1216	908
			1216	909
			1215	910
			1215	911
			1215	912
			1215	913
			1215	914
			1215	915
			1215	916
			1215	917
			1215	918
			1214	919
			1214	920
			1214	921
			1214	922
			1214	923
			1214	924
			1214	925
			1213	926
			1213	927
			1213	928
			1213	929
			1213	930
			1213	931
			1213	932
			1212	933
			1212	934
			1212	935
			1212	936
			1212	937
			1212	938
			1212	939
			1211	940
			1211	941
			1211	942
			1211	943
			1211	944
			1210	945
			1210	946
			1210	947
		</Preopercle>
	</curves.pixel>
	<curves.scaled type=list>
		<Eye type=matrix rownames=FALSE colnames=FALSE nrow=179 ncol=2 as.numeric=TRUE >
			48.9993055967105	-33.0479456779149
			49.0402065195792	-33.0479456779149
			49.0811074424479	-33.0888466007836
			49.1220083653166	-33.0888466007836
			49.1629092881853	-33.0888466007836
			49.203810211054	-33.1297475236523
			49.2447111339228	-33.1297475236523
			49.2856120567915	-33.1706484465211
			49.3265129796602	-33.1706484465211
			49.3674139025289	-33.1706484465211
			49.3674139025289	-33.2115493693898
			49.4083148253976	-33.2115493693898
			49.4492157482663	-33.2115493693898
			49.4492157482663	-33.2524502922585
			49.490116671135	-33.2524502922585
			49.5310175940037	-33.2933512151272
			49.5719185168724	-33.2933512151272
			49.6128194397411	-33.3342521379959
			49.6537203626098	-33.3751530608646
			49.6946212854785	-33.4160539837333
			49.7355222083472	-33.456954906602
			49.7764231312159	-33.4978558294707
			49.8173240540846	-33.5387567523394
			49.8582249769534	-33.5796576752081
			49.8582249769534	-33.6205585980768
			49.8991258998221	-33.6614595209455
			49.8991258998221	-33.7023604438142
			49.9400268226908	-33.743261366683
			49.9400268226908	-33.7841622895517
			49.9400268226908	-33.8250632124204
			49.9809277455595	-33.8659641352891
			49.9809277455595	-33.9068650581578
			49.9809277455595	-33.9477659810265
			49.9809277455595	-33.9886669038952
			49.9809277455595	-34.0295678267639
			49.9809277455595	-34.0704687496326
			49.9400268226908	-34.1113696725013
			49.9400268226908	-34.15227059537
			49.9400268226908	-34.1931715182387
			49.9400268226908	-34.2340724411074
			49.8991258998221	-34.2749733639761
			49.8991258998221	-34.3158742868448
			49.8991258998221	-34.3567752097135
			49.8582249769534	-34.3976761325823
			49.8582249769534	-34.438577055451
			49.8173240540846	-34.4794779783197
			49.8173240540846	-34.5203789011884
			49.7764231312159	-34.5612798240571
			49.7355222083472	-34.6021807469258
			49.7355222083472	-34.6430816697945
			49.6946212854785	-34.6839825926632
			49.6537203626098	-34.7248835155319
			49.6537203626098	-34.7657844384006
			49.6128194397411	-34.8066853612693
			49.5719185168724	-34.847586284138
			49.5310175940037	-34.8884872070067
			49.5310175940037	-34.9293881298754
			49.490116671135	-34.9293881298754
			49.490116671135	-34.9702890527441
			49.4492157482663	-35.0111899756129
			49.4083148253976	-35.0111899756129
			49.4083148253976	-35.0520908984816
			49.3674139025289	-35.0520908984816
			49.3265129796602	-35.0520908984816
			49.2856120567915	-35.0929918213503
			49.2447111339228	-35.0929918213503
			49.203810211054	-35.133892744219
			49.1629092881853	-35.133892744219
			49.1220083653166	-35.133892744219
			49.0811074424479	-35.133892744219
			49.0402065195792	-35.1747936670877
			48.9993055967105	-35.1747936670877
			48.9584046738418	-35.1747936670877
			48.9175037509731	-35.2156945899564
			48.8766028281044	-35.2156945899564
			48.8357019052357	-35.2156945899564
			48.794800982367	-35.2156945899564
			48.7539000594983	-35.2156945899564
			48.7129991366296	-35.2565955128251
			48.6720982137609	-35.2565955128251
			48.6311972908922	-35.2565955128251
			48.5902963680234	-35.2565955128251
			48.5493954451547	-35.2565955128251
			48.508494522286	-35.2565955128251
			48.4675935994173	-35.2565955128251
			48.4266926765486	-35.2565955128251
			48.3857917536799	-35.2565955128251
			48.3448908308112	-35.2565955128251
			48.3039899079425	-35.2565955128251
			48.2630889850738	-35.2565955128251
			48.2221880622051	-35.2565955128251
			48.1812871393364	-35.2565955128251
			48.1403862164677	-35.2565955128251
			48.099485293599	-35.2565955128251
			48.0585843707303	-35.2565955128251
			48.0176834478616	-35.2156945899564
			47.9767825249928	-35.2156945899564
			47.9358816021241	-35.2156945899564
			47.8949806792554	-35.1747936670877
			47.8540797563867	-35.1747936670877
			47.813178833518	-35.133892744219
			47.7722779106493	-35.133892744219
			47.7313769877806	-35.0929918213503
			47.6904760649119	-35.0929918213503
			47.6495751420432	-35.0520908984816
			47.6086742191745	-35.0520908984816
			47.5677732963058	-35.0111899756129
			47.5268723734371	-34.9702890527441
			47.4859714505684	-34.9702890527441
			47.4450705276997	-34.9293881298754
			47.4450705276997	-34.8884872070067
			47.404169604831	-34.847586284138
			47.3632686819622	-34.847586284138
			47.3223677590935	-34.8066853612693
			47.2814668362248	-34.7657844384006
			47.2814668362248	-34.7248835155319
			47.2405659133561	-34.6839825926632
			47.2405659133561	-34.6430816697945
			47.2405659133561	-34.6021807469258
			47.2405659133561	-34.5612798240571
			47.2405659133561	-34.5203789011884
			47.2405659133561	-34.4794779783197
			47.2814668362248	-34.4794779783197
			47.2814668362248	-34.438577055451
			47.2814668362248	-34.3976761325823
			47.2814668362248	-34.3567752097135
			47.2814668362248	-34.3158742868448
			47.3223677590935	-34.2749733639761
			47.3223677590935	-34.2340724411074
			47.3223677590935	-34.1931715182387
			47.3632686819622	-34.15227059537
			47.3632686819622	-34.1113696725013
			47.3632686819622	-34.0704687496326
			47.404169604831	-34.0295678267639
			47.404169604831	-33.9886669038952
			47.4450705276997	-33.9477659810265
			47.4450705276997	-33.9068650581578
			47.4859714505684	-33.8659641352891
			47.4859714505684	-33.8250632124204
			47.5268723734371	-33.7841622895517
			47.5677732963058	-33.7841622895517
			47.5677732963058	-33.743261366683
			47.6086742191745	-33.7023604438142
			47.6495751420432	-33.6614595209455
			47.6495751420432	-33.6205585980768
			47.6904760649119	-33.6205585980768
			47.7313769877806	-33.5796576752081
			47.7313769877806	-33.5387567523394
			47.7722779106493	-33.5387567523394
			47.813178833518	-33.4978558294707
			47.8540797563867	-33.456954906602
			47.8949806792554	-33.456954906602
			47.9358816021241	-33.4160539837333
			47.9767825249928	-33.3751530608646
			48.0176834478616	-33.3751530608646
			48.0585843707303	-33.3342521379959
			48.099485293599	-33.3342521379959
			48.1403862164677	-33.2933512151272
			48.1812871393364	-33.2933512151272
			48.2221880622051	-33.2524502922585
			48.2630889850738	-33.2524502922585
			48.3039899079425	-33.2115493693898
			48.3448908308112	-33.2115493693898
			48.3857917536799	-33.1706484465211
			48.4266926765486	-33.1706484465211
			48.4675935994173	-33.1706484465211
			48.508494522286	-33.1706484465211
			48.5493954451547	-33.1297475236523
			48.5902963680234	-33.1297475236523
			48.6311972908922	-33.1297475236523
			48.6720982137609	-33.1297475236523
			48.7129991366296	-33.0888466007836
			48.7539000594983	-33.0888466007836
			48.794800982367	-33.0888466007836
			48.8357019052357	-33.0888466007836
			48.8766028281044	-33.0888466007836
			48.9175037509731	-33.0479456779149
			48.9584046738418	-33.0479456779149
			48.9993055967105	-33.0479456779149
		</Eye>
		<Head type=matrix rownames=FALSE colnames=FALSE nrow=414 ncol=2 as.numeric=TRUE >
			45.8090336129514	-34.6021807469258
			45.8499345358201	-34.5612798240571
			45.8499345358201	-34.5203789011884
			45.8908354586888	-34.4794779783197
			45.8908354586888	-34.438577055451
			45.9317363815575	-34.438577055451
			45.9726373044262	-34.3976761325823
			45.9726373044262	-34.3567752097135
			46.0135382272949	-34.3158742868448
			46.0135382272949	-34.2749733639761
			46.0544391501636	-34.2749733639761
			46.0953400730323	-34.2340724411074
			46.0953400730323	-34.1931715182387
			46.1362409959011	-34.1931715182387
			46.1362409959011	-34.15227059537
			46.1771419187698	-34.1113696725013
			46.2180428416385	-34.1113696725013
			46.2180428416385	-34.0704687496326
			46.2589437645072	-34.0295678267639
			46.2998446873759	-33.9886669038952
			46.3407456102446	-33.9477659810265
			46.3816465331133	-33.9068650581578
			46.422547455982	-33.9068650581578
			46.4634483788507	-33.8659641352891
			46.5043493017194	-33.8659641352891
			46.5043493017194	-33.8250632124204
			46.5452502245881	-33.8250632124204
			46.5861511474568	-33.8250632124204
			46.6270520703255	-33.7841622895517
			46.6679529931942	-33.7841622895517
			46.7088539160629	-33.743261366683
			46.7497548389317	-33.743261366683
			46.7906557618004	-33.743261366683
			46.8315566846691	-33.7023604438142
			46.8724576075378	-33.7023604438142
			46.9133585304065	-33.6614595209455
			46.9542594532752	-33.6614595209455
			46.9951603761439	-33.6614595209455
			46.9951603761439	-33.6205585980768
			47.0360612990126	-33.6205585980768
			47.0769622218813	-33.5796576752081
			47.11786314475	-33.5796576752081
			47.1587640676187	-33.5796576752081
			47.1996649904874	-33.5387567523394
			47.2405659133561	-33.5387567523394
			47.2814668362248	-33.4978558294707
			47.3223677590935	-33.4978558294707
			47.3632686819622	-33.456954906602
			47.404169604831	-33.456954906602
			47.4450705276997	-33.4160539837333
			47.4859714505684	-33.4160539837333
			47.5268723734371	-33.3751530608646
			47.5677732963058	-33.3751530608646
			47.6086742191745	-33.3342521379959
			47.6495751420432	-33.3342521379959
			47.6904760649119	-33.2933512151272
			47.7313769877806	-33.2933512151272
			47.7722779106493	-33.2524502922585
			47.813178833518	-33.2115493693898
			47.8540797563867	-33.2115493693898
			47.8949806792554	-33.1706484465211
			47.9358816021241	-33.1297475236523
			47.9767825249928	-33.1297475236523
			48.0176834478616	-33.1297475236523
			48.0585843707303	-33.0888466007836
			48.099485293599	-33.0888466007836
			48.1403862164677	-33.0888466007836
			48.1812871393364	-33.0479456779149
			48.2221880622051	-33.0479456779149
			48.2630889850738	-33.0479456779149
			48.3039899079425	-33.0070447550462
			48.3448908308112	-33.0070447550462
			48.3857917536799	-32.9661438321775
			48.4266926765486	-32.9661438321775
			48.4675935994173	-32.9661438321775
			48.508494522286	-32.9661438321775
			48.5493954451547	-32.9252429093088
			48.5902963680234	-32.9252429093088
			48.6311972908922	-32.9252429093088
			48.6720982137609	-32.8843419864401
			48.7129991366296	-32.8843419864401
			48.7539000594983	-32.8843419864401
			48.794800982367	-32.8434410635714
			48.8357019052357	-32.8434410635714
			48.8766028281044	-32.8434410635714
			48.9175037509731	-32.8434410635714
			48.9584046738418	-32.8025401407027
			48.9993055967105	-32.8025401407027
			49.0402065195792	-32.8025401407027
			49.0811074424479	-32.8025401407027
			49.0811074424479	-32.761639217834
			49.1220083653166	-32.761639217834
			49.1629092881853	-32.761639217834
			49.203810211054	-32.761639217834
			49.2447111339228	-32.7207382949653
			49.2856120567915	-32.7207382949653
			49.3265129796602	-32.7207382949653
			49.3674139025289	-32.7207382949653
			49.4083148253976	-32.6798373720966
			49.4492157482663	-32.6798373720966
			49.490116671135	-32.6798373720966
			49.5310175940037	-32.6798373720966
			49.5719185168724	-32.6389364492279
			49.6128194397411	-32.6389364492279
			49.6537203626098	-32.6389364492279
			49.6946212854785	-32.6389364492279
			49.7355222083472	-32.5980355263592
			49.7764231312159	-32.5980355263592
			49.8173240540846	-32.5980355263592
			49.8582249769534	-32.5980355263592
			49.8991258998221	-32.5980355263592
			49.9400268226908	-32.5571346034905
			49.9809277455595	-32.5571346034905
			50.0218286684282	-32.5571346034905
			50.0627295912969	-32.5571346034905
			50.1036305141656	-32.5162336806218
			50.1445314370343	-32.5162336806218
			50.185432359903	-32.5162336806218
			50.2263332827717	-32.5162336806218
			50.2672342056404	-32.5162336806218
			50.3081351285091	-32.475332757753
			50.3490360513778	-32.475332757753
			50.3899369742465	-32.475332757753
			50.4308378971152	-32.475332757753
			50.471738819984	-32.475332757753
			50.5126397428527	-32.475332757753
			50.5535406657214	-32.4344318348843
			50.5944415885901	-32.4344318348843
			50.6353425114588	-32.4344318348843
			50.6762434343275	-32.4344318348843
			50.7171443571962	-32.4344318348843
			50.7580452800649	-32.4344318348843
			50.7989462029336	-32.3935309120156
			50.8398471258023	-32.3935309120156
			50.880748048671	-32.3935309120156
			50.9216489715397	-32.3935309120156
			50.9625498944084	-32.3935309120156
			51.0034508172771	-32.3935309120156
			51.0443517401458	-32.3526299891469
			51.0852526630146	-32.3526299891469
			51.1261535858833	-32.3526299891469
			51.167054508752	-32.3526299891469
			51.2079554316207	-32.3526299891469
			51.2488563544894	-32.3526299891469
			51.2897572773581	-32.3526299891469
			51.3306582002268	-32.3117290662782
			51.3715591230955	-32.3117290662782
			51.4124600459642	-32.3117290662782
			51.4533609688329	-32.3117290662782
			51.4942618917016	-32.3117290662782
			51.5351628145703	-32.3117290662782
			51.576063737439	-32.3117290662782
			51.6169646603077	-32.2708281434095
			51.6578655831764	-32.2708281434095
			51.6987665060452	-32.2708281434095
			51.7396674289139	-32.2708281434095
			51.7805683517826	-32.2708281434095
			51.8214692746513	-32.2299272205408
			51.86237019752	-32.2299272205408
			51.9032711203887	-32.2299272205408
			51.9441720432574	-32.2299272205408
			51.9850729661261	-32.1890262976721
			52.0259738889948	-32.1890262976721
			52.0668748118635	-32.1890262976721
			52.1077757347322	-32.1890262976721
			52.1486766576009	-32.1890262976721
			52.1895775804696	-32.1481253748034
			52.2304785033383	-32.1481253748034
			52.271379426207	-32.1481253748034
			52.3122803490757	-32.1481253748034
			52.3531812719445	-32.1481253748034
			52.3940821948132	-32.1481253748034
			52.4349831176819	-32.1072244519347
			52.4758840405506	-32.1072244519347
			52.5167849634193	-32.1072244519347
			52.557685886288	-32.1072244519347
			52.5985868091567	-32.1072244519347
			52.6394877320254	-32.066323529066
			52.6803886548941	-32.066323529066
			52.7212895777628	-32.066323529066
			52.7621905006315	-32.066323529066
			52.8030914235002	-32.066323529066
			52.8439923463689	-32.066323529066
			52.8848932692376	-32.0254226061973
			52.9257941921063	-32.0254226061973
			52.9666951149751	-32.0254226061973
			53.0075960378438	-32.0254226061973
			53.0484969607125	-32.0254226061973
			53.0893978835812	-32.0254226061973
			53.1302988064499	-31.9845216833286
			53.1711997293186	-31.9845216833286
			53.2121006521873	-31.9845216833286
			53.253001575056	-31.9845216833286
			53.2939024979247	-31.9845216833286
			53.3348034207934	-31.9845216833286
			53.3757043436621	-31.9436207604599
			53.4166052665308	-31.9436207604599
			53.4575061893995	-31.9436207604599
			53.4984071122682	-31.9436207604599
			53.5393080351369	-31.9436207604599
			53.5802089580057	-31.9436207604599
			53.6211098808744	-31.9436207604599
			53.6620108037431	-31.9027198375912
			53.7029117266118	-31.9027198375912
			53.7438126494805	-31.9027198375912
			53.7847135723492	-31.9027198375912
			53.8256144952179	-31.9027198375912
			53.8665154180866	-31.9027198375912
			53.9074163409553	-31.9027198375912
			53.948317263824	-31.8618189147224
			53.9892181866927	-31.8618189147224
			54.0301191095614	-31.8618189147224
			54.0710200324301	-31.8618189147224
			54.1119209552988	-31.8618189147224
			54.1528218781675	-31.8618189147224
			54.1937228010363	-31.8618189147224
			54.234623723905	-31.8618189147224
			54.2755246467737	-31.8209179918537
			54.3164255696424	-31.8209179918537
			54.3573264925111	-31.8209179918537
			54.3982274153798	-31.8209179918537
			54.4391283382485	-31.8209179918537
			54.4800292611172	-31.8209179918537
			54.5209301839859	-31.8209179918537
			54.5618311068546	-31.8209179918537
			54.6027320297233	-31.780017068985
			54.643632952592	-31.780017068985
			54.6845338754607	-31.780017068985
			54.7254347983294	-31.780017068985
			54.7663357211981	-31.780017068985
			54.8072366440669	-31.780017068985
			54.8481375669356	-31.780017068985
			54.8890384898043	-31.780017068985
			54.929939412673	-31.780017068985
			54.9708403355417	-31.780017068985
			55.0117412584104	-31.780017068985
			55.0526421812791	-31.780017068985
			55.0526421812791	-31.7391161461163
			55.0935431041478	-31.7391161461163
			55.1344440270165	-31.7391161461163
			55.1753449498852	-31.7391161461163
			55.2162458727539	-31.7391161461163
			55.2571467956226	-31.7391161461163
			55.2980477184913	-31.7391161461163
			55.33894864136	-31.7391161461163
			55.3798495642287	-31.7391161461163
			55.4207504870975	-31.7391161461163
			55.4616514099662	-31.7391161461163
			55.5025523328349	-31.7391161461163
			55.5434532557036	-31.7391161461163
			55.5843541785723	-31.7391161461163
			55.625255101441	-31.7391161461163
			55.6661560243097	-31.7391161461163
			55.7070569471784	-31.7391161461163
			55.7479578700471	-31.6982152232476
			55.7888587929158	-31.6982152232476
			55.8297597157845	-31.6982152232476
			55.8706606386532	-31.6982152232476
			55.9115615615219	-31.6982152232476
			55.9524624843906	-31.6982152232476
			55.9933634072593	-31.6982152232476
			56.0342643301281	-31.6982152232476
			56.0751652529968	-31.6982152232476
			56.1160661758655	-31.6982152232476
			56.1569670987342	-31.6982152232476
			56.1978680216029	-31.6982152232476
			56.2387689444716	-31.6982152232476
			56.2796698673403	-31.6982152232476
			56.320570790209	-31.6982152232476
			56.3614717130777	-31.6982152232476
			56.4023726359464	-31.6982152232476
			56.4432735588151	-31.6982152232476
			56.4841744816838	-31.6982152232476
			56.5250754045525	-31.6982152232476
			56.5659763274212	-31.6982152232476
			56.6068772502899	-31.6982152232476
			56.6477781731586	-31.6982152232476
			56.6886790960274	-31.6982152232476
			56.7295800188961	-31.6573143003789
			56.7704809417648	-31.6573143003789
			56.8113818646335	-31.6573143003789
			56.8522827875022	-31.6573143003789
			56.8931837103709	-31.6573143003789
			56.9340846332396	-31.6573143003789
			56.9749855561083	-31.6573143003789
			57.015886478977	-31.6573143003789
			57.0567874018457	-31.6573143003789
			57.0976883247144	-31.6573143003789
			57.1385892475831	-31.6573143003789
			57.1794901704518	-31.6573143003789
			57.2203910933205	-31.6573143003789
			57.2612920161893	-31.6573143003789
			57.302192939058	-31.6573143003789
			57.3430938619267	-31.6573143003789
			57.3839947847954	-31.6573143003789
			57.4248957076641	-31.6573143003789
			57.4657966305328	-31.6573143003789
			57.5066975534015	-31.6573143003789
			57.5475984762702	-31.6573143003789
			57.5884993991389	-31.6573143003789
			57.6294003220076	-31.6573143003789
			57.6703012448763	-31.6573143003789
			57.711202167745	-31.6573143003789
			57.7521030906137	-31.6573143003789
			57.7930040134824	-31.6573143003789
			57.8339049363511	-31.6573143003789
			57.8748058592198	-31.6573143003789
			57.9157067820886	-31.6573143003789
			57.9566077049573	-31.6573143003789
			57.997508627826	-31.6573143003789
			58.0384095506947	-31.6573143003789
			58.0793104735634	-31.6573143003789
			58.1202113964321	-31.6573143003789
			58.1611123193008	-31.6573143003789
			58.2020132421695	-31.6573143003789
			58.2429141650382	-31.6573143003789
			58.2838150879069	-31.6573143003789
			58.3247160107756	-31.6573143003789
			58.3656169336443	-31.6573143003789
			58.406517856513	-31.6573143003789
			58.4474187793817	-31.6573143003789
			58.4883197022504	-31.6573143003789
			58.5292206251192	-31.6573143003789
			58.5701215479879	-31.6573143003789
			58.6110224708566	-31.6573143003789
			58.6519233937253	-31.6573143003789
			58.692824316594	-31.6573143003789
			58.7337252394627	-31.6573143003789
			58.7337252394627	-31.6164133775102
			58.7746261623314	-31.6164133775102
			58.8155270852001	-31.6164133775102
			58.8564280080688	-31.6164133775102
			58.8973289309375	-31.6164133775102
			58.9382298538062	-31.6164133775102
			58.9791307766749	-31.6164133775102
			59.0200316995436	-31.6164133775102
			59.0609326224123	-31.6164133775102
			59.101833545281	-31.6164133775102
			59.1427344681498	-31.6164133775102
			59.1836353910185	-31.6164133775102
			59.2245363138872	-31.6164133775102
			59.2654372367559	-31.6164133775102
			59.3063381596246	-31.6164133775102
			59.3472390824933	-31.6164133775102
			59.388140005362	-31.6164133775102
			59.4290409282307	-31.6164133775102
			59.4699418510994	-31.6164133775102
			59.5108427739681	-31.6164133775102
			59.5517436968368	-31.6164133775102
			59.5926446197055	-31.6164133775102
			59.6335455425742	-31.6164133775102
			59.6744464654429	-31.5755124546415
			59.7153473883116	-31.5755124546415
			59.7562483111804	-31.5755124546415
			59.7971492340491	-31.5755124546415
			59.8380501569178	-31.5755124546415
			59.8789510797865	-31.5755124546415
			59.9198520026552	-31.5755124546415
			59.9607529255239	-31.5755124546415
			60.0016538483926	-31.5755124546415
			60.0425547712613	-31.5755124546415
			60.08345569413	-31.5755124546415
			60.1243566169987	-31.5755124546415
			60.1652575398674	-31.5755124546415
			60.2061584627361	-31.5755124546415
			60.2470593856048	-31.5755124546415
			60.2879603084735	-31.5755124546415
			60.3288612313422	-31.5346115317728
			60.369762154211	-31.5346115317728
			60.4106630770797	-31.5346115317728
			60.4515639999484	-31.5346115317728
			60.4924649228171	-31.5346115317728
			60.5333658456858	-31.5346115317728
			60.5742667685545	-31.5346115317728
			60.6151676914232	-31.5346115317728
			60.6560686142919	-31.5346115317728
			60.6969695371606	-31.5346115317728
			60.7378704600293	-31.5346115317728
			60.778771382898	-31.5346115317728
			60.8196723057667	-31.4937106089041
			60.8605732286354	-31.4937106089041
			60.9014741515041	-31.4937106089041
			60.9423750743728	-31.4937106089041
			60.9832759972415	-31.4937106089041
			61.0241769201103	-31.4937106089041
			61.065077842979	-31.4937106089041
			61.1059787658477	-31.4937106089041
			61.1468796887164	-31.4937106089041
			61.1877806115851	-31.4937106089041
			61.2286815344538	-31.5346115317728
			61.2695824573225	-31.5346115317728
			61.3104833801912	-31.5346115317728
			61.3513843030599	-31.5346115317728
			61.3922852259286	-31.5346115317728
			61.4331861487973	-31.5346115317728
			61.474087071666	-31.5346115317728
			61.5149879945347	-31.5346115317728
			61.5558889174034	-31.5755124546415
			61.5967898402722	-31.5755124546415
			61.6376907631409	-31.5755124546415
			61.6785916860096	-31.5755124546415
			61.7194926088783	-31.5755124546415
			61.760393531747	-31.5755124546415
			61.8012944546157	-31.5755124546415
			61.8421953774844	-31.6164133775102
			61.8830963003531	-31.6164133775102
			61.9239972232218	-31.6164133775102
			61.9648981460905	-31.6164133775102
			62.0057990689592	-31.6164133775102
			62.0466999918279	-31.6164133775102
			62.0876009146966	-31.6164133775102
			62.1285018375653	-31.6573143003789
			62.169402760434	-31.6573143003789
			62.2103036833027	-31.6573143003789
		</Head>
		<Tail1 type=matrix rownames=FALSE colnames=FALSE nrow=323 ncol=2 as.numeric=TRUE >
			62.2103036833027	-31.6573143003789
			62.2512046061715	-31.6573143003789
			62.2921055290402	-31.6573143003789
			62.3330064519089	-31.6982152232476
			62.3739073747776	-31.6982152232476
			62.4148082976463	-31.6982152232476
			62.455709220515	-31.6982152232476
			62.455709220515	-31.7391161461163
			62.4966101433837	-31.7391161461163
			62.5375110662524	-31.7391161461163
			62.5784119891211	-31.7391161461163
			62.6193129119898	-31.780017068985
			62.6602138348585	-31.780017068985
			62.7011147577272	-31.780017068985
			62.7420156805959	-31.780017068985
			62.7829166034646	-31.8209179918537
			62.8238175263333	-31.8209179918537
			62.8647184492021	-31.8209179918537
			62.9056193720708	-31.8209179918537
			62.9465202949395	-31.8618189147224
			62.9874212178082	-31.8618189147224
			63.0283221406769	-31.8618189147224
			63.0692230635456	-31.8618189147224
			63.1101239864143	-31.9027198375912
			63.151024909283	-31.9027198375912
			63.1919258321517	-31.9027198375912
			63.2328267550204	-31.9436207604599
			63.2737276778891	-31.9436207604599
			63.3146286007578	-31.9436207604599
			63.3555295236265	-31.9436207604599
			63.3964304464952	-31.9845216833286
			63.4373313693639	-31.9845216833286
			63.4782322922327	-31.9845216833286
			63.5191332151014	-32.0254226061973
			63.5600341379701	-32.0254226061973
			63.6009350608388	-32.0254226061973
			63.6418359837075	-32.0254226061973
			63.6827369065762	-32.0254226061973
			63.7236378294449	-32.066323529066
			63.7645387523136	-32.066323529066
			63.8054396751823	-32.066323529066
			63.846340598051	-32.1072244519347
			63.8872415209197	-32.1072244519347
			63.9281424437884	-32.1072244519347
			63.9690433666571	-32.1072244519347
			64.0099442895258	-32.1481253748034
			64.0508452123945	-32.1481253748034
			64.0917461352633	-32.1481253748034
			64.132647058132	-32.1481253748034
			64.1735479810007	-32.1890262976721
			64.2144489038694	-32.1890262976721
			64.2553498267381	-32.1890262976721
			64.2962507496068	-32.1890262976721
			64.3371516724755	-32.2299272205408
			64.3780525953442	-32.2299272205408
			64.4189535182129	-32.2299272205408
			64.4598544410816	-32.2299272205408
			64.5007553639503	-32.2708281434095
			64.541656286819	-32.2708281434095
			64.5825572096877	-32.2708281434095
			64.6234581325564	-32.2708281434095
			64.6643590554251	-32.2708281434095
			64.7052599782939	-32.3117290662782
			64.7461609011626	-32.3117290662782
			64.7870618240313	-32.3117290662782
			64.8279627469	-32.3117290662782
			64.8279627469	-32.3526299891469
			64.8688636697687	-32.3526299891469
			64.9097645926374	-32.3526299891469
			64.9506655155061	-32.3526299891469
			64.9915664383748	-32.3935309120156
			65.0324673612435	-32.3935309120156
			65.0733682841122	-32.3935309120156
			65.1142692069809	-32.3935309120156
			65.1551701298496	-32.4344318348843
			65.1960710527183	-32.4344318348843
			65.236971975587	-32.4344318348843
			65.2778728984557	-32.4344318348843
			65.3187738213245	-32.475332757753
			65.3596747441932	-32.475332757753
			65.4005756670619	-32.475332757753
			65.4414765899306	-32.475332757753
			65.4823775127993	-32.5162336806218
			65.523278435668	-32.5162336806218
			65.5641793585367	-32.5162336806218
			65.6050802814054	-32.5162336806218
			65.6459812042741	-32.5162336806218
			65.6868821271428	-32.5571346034905
			65.7277830500115	-32.5571346034905
			65.7686839728802	-32.5571346034905
			65.8095848957489	-32.5571346034905
			65.8504858186176	-32.5571346034905
			65.8913867414863	-32.5980355263592
			65.932287664355	-32.5980355263592
			65.9731885872238	-32.5980355263592
			66.0140895100925	-32.5980355263592
			66.0549904329612	-32.5980355263592
			66.0958913558299	-32.6389364492279
			66.1367922786986	-32.6389364492279
			66.1776932015673	-32.6389364492279
			66.218594124436	-32.6389364492279
			66.2594950473047	-32.6389364492279
			66.3003959701734	-32.6389364492279
			66.3412968930421	-32.6798373720966
			66.3821978159108	-32.6798373720966
			66.4230987387795	-32.6798373720966
			66.4639996616482	-32.6798373720966
			66.5049005845169	-32.6798373720966
			66.5458015073856	-32.7207382949653
			66.5867024302543	-32.7207382949653
			66.6276033531231	-32.7207382949653
			66.6685042759918	-32.7207382949653
			66.7094051988605	-32.7207382949653
			66.7503061217292	-32.7207382949653
			66.7912070445979	-32.761639217834
			66.8321079674666	-32.761639217834
			66.8730088903353	-32.761639217834
			66.913909813204	-32.761639217834
			66.9548107360727	-32.761639217834
			66.9957116589414	-32.761639217834
			67.0366125818101	-32.8025401407027
			67.0775135046788	-32.8025401407027
			67.1184144275475	-32.8025401407027
			67.1593153504163	-32.8025401407027
			67.200216273285	-32.8025401407027
			67.2411171961537	-32.8025401407027
			67.2820181190224	-32.8434410635714
			67.3229190418911	-32.8434410635714
			67.3638199647598	-32.8434410635714
			67.4047208876285	-32.8434410635714
			67.4456218104972	-32.8434410635714
			67.4865227333659	-32.8434410635714
			67.5274236562346	-32.8843419864401
			67.5683245791033	-32.8843419864401
			67.609225501972	-32.8843419864401
			67.6501264248407	-32.8843419864401
			67.6910273477094	-32.8843419864401
			67.7319282705781	-32.9252429093088
			67.7728291934469	-32.9252429093088
			67.8137301163156	-32.9252429093088
			67.8546310391843	-32.9252429093088
			67.895531962053	-32.9252429093088
			67.9364328849217	-32.9252429093088
			67.9773338077904	-32.9661438321775
			68.0182347306591	-32.9661438321775
			68.0591356535278	-32.9661438321775
			68.1000365763965	-32.9661438321775
			68.1409374992652	-32.9661438321775
			68.1818384221339	-32.9661438321775
			68.2227393450026	-33.0070447550462
			68.2636402678713	-33.0070447550462
			68.30454119074	-33.0070447550462
			68.3454421136087	-33.0070447550462
			68.3863430364774	-33.0070447550462
			68.4272439593462	-33.0070447550462
			68.4681448822149	-33.0479456779149
			68.5090458050836	-33.0479456779149
			68.5499467279523	-33.0479456779149
			68.590847650821	-33.0479456779149
			68.6317485736897	-33.0479456779149
			68.6726494965584	-33.0479456779149
			68.7135504194271	-33.0888466007836
			68.7544513422958	-33.0888466007836
			68.7953522651645	-33.0888466007836
			68.8362531880332	-33.0888466007836
			68.8771541109019	-33.0888466007836
			68.9180550337706	-33.0888466007836
			68.9589559566393	-33.0888466007836
			68.999856879508	-33.1297475236523
			69.0407578023767	-33.1297475236523
			69.0816587252455	-33.1297475236523
			69.1225596481142	-33.1297475236523
			69.1634605709829	-33.1297475236523
			69.2043614938516	-33.1297475236523
			69.2452624167203	-33.1297475236523
			69.286163339589	-33.1706484465211
			69.3270642624577	-33.1706484465211
			69.3679651853264	-33.1706484465211
			69.4088661081951	-33.1706484465211
			69.4497670310638	-33.1706484465211
			69.4906679539325	-33.1706484465211
			69.5315688768012	-33.1706484465211
			69.5724697996699	-33.2115493693898
			69.6133707225386	-33.2115493693898
			69.6542716454073	-33.2115493693898
			69.695172568276	-33.2115493693898
			69.7360734911448	-33.2115493693898
			69.7769744140135	-33.2115493693898
			69.8178753368822	-33.2115493693898
			69.8587762597509	-33.2115493693898
			69.8996771826196	-33.2524502922585
			69.9405781054883	-33.2524502922585
			69.981479028357	-33.2524502922585
			70.0223799512257	-33.2524502922585
			70.0632808740944	-33.2524502922585
			70.1041817969631	-33.2524502922585
			70.1450827198318	-33.2524502922585
			70.1859836427005	-33.2933512151272
			70.2268845655692	-33.2933512151272
			70.267785488438	-33.2933512151272
			70.3086864113067	-33.2933512151272
			70.3495873341754	-33.2933512151272
			70.3904882570441	-33.2933512151272
			70.4313891799128	-33.2933512151272
			70.4722901027815	-33.3342521379959
			70.5131910256502	-33.3342521379959
			70.5540919485189	-33.3342521379959
			70.5949928713876	-33.3342521379959
			70.6358937942563	-33.3342521379959
			70.676794717125	-33.3342521379959
			70.7176956399937	-33.3342521379959
			70.7585965628624	-33.3751530608646
			70.7994974857311	-33.3751530608646
			70.8403984085998	-33.3751530608646
			70.8812993314686	-33.3751530608646
			70.9222002543373	-33.3751530608646
			70.963101177206	-33.3751530608646
			71.0040021000747	-33.3751530608646
			71.0449030229434	-33.4160539837333
			71.0858039458121	-33.4160539837333
			71.1267048686808	-33.4160539837333
			71.1676057915495	-33.4160539837333
			71.2085067144182	-33.4160539837333
			71.2494076372869	-33.4160539837333
			71.2903085601556	-33.456954906602
			71.3312094830243	-33.456954906602
			71.372110405893	-33.456954906602
			71.4130113287617	-33.456954906602
			71.4539122516304	-33.456954906602
			71.4948131744991	-33.456954906602
			71.5357140973679	-33.4978558294707
			71.5766150202366	-33.4978558294707
			71.6175159431053	-33.4978558294707
			71.658416865974	-33.4978558294707
			71.6993177888427	-33.4978558294707
			71.7402187117114	-33.4978558294707
			71.7811196345801	-33.5387567523394
			71.8220205574488	-33.5387567523394
			71.8629214803175	-33.5387567523394
			71.9038224031862	-33.5387567523394
			71.9447233260549	-33.5387567523394
			71.9856242489236	-33.5387567523394
			72.0265251717923	-33.5796576752081
			72.067426094661	-33.5796576752081
			72.1083270175297	-33.5796576752081
			72.1492279403984	-33.5796576752081
			72.1901288632672	-33.5796576752081
			72.2310297861359	-33.5796576752081
			72.2719307090046	-33.6205585980768
			72.3128316318733	-33.6205585980768
			72.353732554742	-33.6205585980768
			72.3946334776107	-33.6205585980768
			72.4355344004794	-33.6205585980768
			72.4764353233481	-33.6614595209455
			72.5173362462168	-33.6614595209455
			72.5582371690855	-33.6614595209455
			72.5991380919542	-33.6614595209455
			72.6400390148229	-33.7023604438142
			72.6809399376916	-33.7023604438142
			72.7218408605603	-33.7023604438142
			72.762741783429	-33.7023604438142
			72.8036427062978	-33.7023604438142
			72.8445436291665	-33.743261366683
			72.8854445520352	-33.743261366683
			72.9263454749039	-33.743261366683
			72.9672463977726	-33.743261366683
			73.0081473206413	-33.743261366683
			73.04904824351	-33.743261366683
			73.0899491663787	-33.7841622895517
			73.1308500892474	-33.7841622895517
			73.1717510121161	-33.7841622895517
			73.2126519349848	-33.7841622895517
			73.2535528578535	-33.7841622895517
			73.2944537807222	-33.8250632124204
			73.335354703591	-33.8250632124204
			73.3762556264597	-33.8250632124204
			73.4171565493284	-33.8250632124204
			73.4580574721971	-33.8250632124204
			73.4989583950658	-33.8250632124204
			73.5398593179345	-33.8250632124204
			73.5398593179345	-33.8659641352891
			73.5807602408032	-33.8659641352891
			73.6216611636719	-33.8659641352891
			73.6625620865406	-33.8659641352891
			73.7034630094093	-33.8659641352891
			73.744363932278	-33.8659641352891
			73.7852648551467	-33.8659641352891
			73.8261657780154	-33.8659641352891
			73.8670667008841	-33.9068650581578
			73.9079676237528	-33.9068650581578
			73.9488685466215	-33.9068650581578
			73.9897694694903	-33.9068650581578
			74.030670392359	-33.9068650581578
			74.0715713152277	-33.9068650581578
			74.1124722380964	-33.9068650581578
			74.1533731609651	-33.9068650581578
			74.1942740838338	-33.9068650581578
			74.2351750067025	-33.9068650581578
			74.2760759295712	-33.9068650581578
			74.3169768524399	-33.9068650581578
			74.3578777753086	-33.9068650581578
			74.3987786981773	-33.9068650581578
			74.439679621046	-33.9477659810265
			74.4805805439147	-33.9477659810265
			74.5214814667834	-33.9477659810265
			74.5623823896521	-33.9477659810265
			74.6032833125208	-33.9477659810265
			74.6441842353896	-33.9477659810265
			74.6850851582583	-33.9477659810265
			74.725986081127	-33.9477659810265
			74.7668870039957	-33.9068650581578
			74.8077879268644	-33.9068650581578
			74.8486888497331	-33.9068650581578
			74.8895897726018	-33.9068650581578
			74.9304906954705	-33.9068650581578
			74.9713916183392	-33.9068650581578
			75.0122925412079	-33.9068650581578
			75.0531934640766	-33.9068650581578
			75.0940943869453	-33.9068650581578
			75.134995309814	-33.9068650581578
			75.1758962326827	-33.8659641352891
			75.2167971555514	-33.8659641352891
			75.2576980784201	-33.8659641352891
		</Tail1>
		<End type=matrix rownames=FALSE colnames=FALSE nrow=160 ncol=2 as.numeric=TRUE >
			75.2576980784201	-33.8659641352891
			75.2985990012889	-33.8659641352891
			75.3394999241576	-33.8659641352891
			75.3804008470263	-33.8659641352891
			75.421301769895	-33.8659641352891
			75.4622026927637	-33.8659641352891
			75.5031036156324	-33.8659641352891
			75.5440045385011	-33.8659641352891
			75.5849054613698	-33.8659641352891
			75.6258063842385	-33.8659641352891
			75.6667073071072	-33.8659641352891
			75.7076082299759	-33.8659641352891
			75.7485091528446	-33.8659641352891
			75.7894100757133	-33.9068650581578
			75.830310998582	-33.9068650581578
			75.8712119214508	-33.9068650581578
			75.9121128443195	-33.9068650581578
			75.9530137671882	-33.9068650581578
			75.9939146900569	-33.9477659810265
			76.0348156129256	-33.9477659810265
			76.0757165357943	-33.9477659810265
			76.116617458663	-33.9886669038952
			76.1575183815317	-33.9886669038952
			76.1984193044004	-34.0295678267639
			76.2393202272691	-34.0295678267639
			76.2802211501378	-34.0704687496326
			76.3211220730065	-34.0704687496326
			76.3620229958752	-34.1113696725013
			76.4029239187439	-34.1113696725013
			76.4438248416127	-34.15227059537
			76.4847257644814	-34.15227059537
			76.4847257644814	-34.1931715182387
			76.5256266873501	-34.2340724411074
			76.5665276102188	-34.2340724411074
			76.6074285330875	-34.2749733639761
			76.6483294559562	-34.3158742868448
			76.6483294559562	-34.3567752097135
			76.6892303788249	-34.3567752097135
			76.7301313016936	-34.3976761325823
			76.7301313016936	-34.438577055451
			76.7710322245623	-34.4794779783197
			76.811933147431	-34.5203789011884
			76.811933147431	-34.5612798240571
			76.8528340702997	-34.6021807469258
			76.8937349931684	-34.6430816697945
			76.8937349931684	-34.6839825926632
			76.9346359160371	-34.7248835155319
			76.9346359160371	-34.7657844384006
			76.9755368389058	-34.8066853612693
			77.0164377617745	-34.847586284138
			77.0164377617745	-34.8884872070067
			77.0573386846432	-34.9293881298754
			77.0573386846432	-34.9702890527441
			77.0573386846432	-35.0111899756129
			77.0573386846432	-35.0520908984816
			77.098239607512	-35.0929918213503
			77.098239607512	-35.133892744219
			77.098239607512	-35.1747936670877
			77.098239607512	-35.2156945899564
			77.098239607512	-35.2565955128251
			77.098239607512	-35.2974964356938
			77.098239607512	-35.3383973585625
			77.098239607512	-35.3792982814312
			77.098239607512	-35.4201992042999
			77.098239607512	-35.4611001271686
			77.098239607512	-35.5020010500373
			77.098239607512	-35.542901972906
			77.098239607512	-35.5838028957747
			77.098239607512	-35.6247038186435
			77.098239607512	-35.6656047415122
			77.098239607512	-35.7065056643809
			77.098239607512	-35.7474065872496
			77.098239607512	-35.7883075101183
			77.098239607512	-35.829208432987
			77.098239607512	-35.8701093558557
			77.098239607512	-35.9110102787244
			77.098239607512	-35.9519112015931
			77.098239607512	-35.9928121244618
			77.0573386846432	-36.0337130473305
			77.0573386846432	-36.0746139701992
			77.0573386846432	-36.1155148930679
			77.0573386846432	-36.1564158159366
			77.0573386846432	-36.1973167388053
			77.0573386846432	-36.238217661674
			77.0164377617745	-36.2791185845428
			77.0164377617745	-36.3200195074115
			77.0164377617745	-36.3609204302802
			77.0164377617745	-36.4018213531489
			77.0164377617745	-36.4427222760176
			77.0164377617745	-36.4836231988863
			76.9755368389058	-36.4836231988863
			76.9755368389058	-36.524524121755
			76.9755368389058	-36.5654250446237
			76.9755368389058	-36.6063259674924
			76.9755368389058	-36.6472268903611
			76.9755368389058	-36.6881278132298
			76.9755368389058	-36.7290287360985
			76.9755368389058	-36.7699296589672
			76.9755368389058	-36.8108305818359
			76.9755368389058	-36.8517315047047
			76.9755368389058	-36.8926324275734
			76.9755368389058	-36.9335333504421
			76.9755368389058	-36.9744342733108
			76.9346359160371	-37.0153351961795
			76.9346359160371	-37.0562361190482
			76.9346359160371	-37.0971370419169
			76.9346359160371	-37.1380379647856
			76.9346359160371	-37.1789388876543
			76.9346359160371	-37.219839810523
			76.9346359160371	-37.2607407333917
			76.9346359160371	-37.3016416562604
			76.9346359160371	-37.3425425791291
			76.8937349931684	-37.3834435019978
			76.8937349931684	-37.4243444248665
			76.8937349931684	-37.4652453477352
			76.8937349931684	-37.506146270604
			76.8937349931684	-37.5470471934727
			76.8528340702997	-37.5879481163414
			76.8528340702997	-37.6288490392101
			76.8528340702997	-37.6697499620788
			76.8528340702997	-37.7106508849475
			76.811933147431	-37.7515518078162
			76.811933147431	-37.7924527306849
			76.811933147431	-37.8333536535536
			76.811933147431	-37.8742545764223
			76.7710322245623	-37.8742545764223
			76.7710322245623	-37.915155499291
			76.7710322245623	-37.9560564221597
			76.7301313016936	-37.9969573450284
			76.7301313016936	-38.0378582678971
			76.6892303788249	-38.0787591907659
			76.6892303788249	-38.1196601136346
			76.6483294559562	-38.1605610365033
			76.6483294559562	-38.201461959372
			76.6074285330875	-38.2423628822407
			76.6074285330875	-38.2832638051094
			76.5665276102188	-38.2832638051094
			76.5665276102188	-38.3241647279781
			76.5256266873501	-38.3650656508468
			76.4847257644814	-38.4059665737155
			76.4438248416127	-38.4468674965842
			76.4029239187439	-38.4877684194529
			76.3620229958752	-38.5286693423216
			76.3211220730065	-38.5695702651903
			76.2802211501378	-38.5695702651903
			76.2393202272691	-38.610471188059
			76.1984193044004	-38.610471188059
			76.1575183815317	-38.6513721109277
			76.116617458663	-38.6513721109277
			76.0757165357943	-38.6513721109277
			76.0348156129256	-38.6922730337964
			75.9939146900569	-38.6922730337964
			75.9530137671882	-38.6922730337964
			75.9121128443195	-38.6922730337964
			75.8712119214508	-38.6922730337964
			75.830310998582	-38.6922730337964
			75.7894100757133	-38.6922730337964
			75.7485091528446	-38.6922730337964
			75.7076082299759	-38.6922730337964
			75.6667073071072	-38.6922730337964
		</End>
		<Tail2 type=matrix rownames=FALSE colnames=FALSE nrow=174 ncol=2 as.numeric=TRUE >
			75.6667073071072	-38.6922730337964
			75.6258063842385	-38.6922730337964
			75.5849054613698	-38.6922730337964
			75.5440045385011	-38.6513721109277
			75.5031036156324	-38.6513721109277
			75.4622026927637	-38.6513721109277
			75.421301769895	-38.6513721109277
			75.3804008470263	-38.6513721109277
			75.3394999241576	-38.610471188059
			75.2985990012889	-38.610471188059
			75.2576980784201	-38.610471188059
			75.2167971555514	-38.610471188059
			75.1758962326827	-38.5695702651903
			75.134995309814	-38.5695702651903
			75.0940943869453	-38.5695702651903
			75.0531934640766	-38.5695702651903
			75.0122925412079	-38.5695702651903
			74.9713916183392	-38.5286693423216
			74.9304906954705	-38.5286693423216
			74.8895897726018	-38.5286693423216
			74.8486888497331	-38.5286693423216
			74.8077879268644	-38.5286693423216
			74.7668870039957	-38.4877684194529
			74.725986081127	-38.4877684194529
			74.6850851582583	-38.4877684194529
			74.6441842353896	-38.4877684194529
			74.6032833125208	-38.4877684194529
			74.5623823896521	-38.4468674965842
			74.5214814667834	-38.4468674965842
			74.4805805439147	-38.4468674965842
			74.439679621046	-38.4468674965842
			74.3987786981773	-38.4468674965842
			74.3578777753086	-38.4059665737155
			74.3169768524399	-38.4059665737155
			74.2760759295712	-38.4059665737155
			74.2351750067025	-38.4059665737155
			74.1942740838338	-38.4059665737155
			74.1533731609651	-38.3650656508468
			74.1124722380964	-38.3650656508468
			74.0715713152277	-38.3650656508468
			74.030670392359	-38.3650656508468
			73.9897694694903	-38.3650656508468
			73.9488685466215	-38.3650656508468
			73.9079676237528	-38.3241647279781
			73.8670667008841	-38.3241647279781
			73.8261657780154	-38.3241647279781
			73.7852648551467	-38.3241647279781
			73.744363932278	-38.3241647279781
			73.7034630094093	-38.2832638051094
			73.6625620865406	-38.2832638051094
			73.6216611636719	-38.2832638051094
			73.5807602408032	-38.2832638051094
			73.5398593179345	-38.2832638051094
			73.4989583950658	-38.2832638051094
			73.4580574721971	-38.2423628822407
			73.4171565493284	-38.2423628822407
			73.3762556264597	-38.2423628822407
			73.335354703591	-38.2423628822407
			73.2944537807222	-38.2423628822407
			73.2535528578535	-38.2423628822407
			73.2126519349848	-38.201461959372
			73.1717510121161	-38.201461959372
			73.1308500892474	-38.201461959372
			73.0899491663787	-38.201461959372
			73.04904824351	-38.201461959372
			73.0081473206413	-38.201461959372
			72.9672463977726	-38.201461959372
			72.9263454749039	-38.201461959372
			72.8854445520352	-38.201461959372
			72.8445436291665	-38.201461959372
			72.8445436291665	-38.1605610365033
			72.8036427062978	-38.1605610365033
			72.762741783429	-38.1605610365033
			72.7218408605603	-38.1605610365033
			72.6809399376916	-38.1605610365033
			72.6400390148229	-38.1605610365033
			72.5991380919542	-38.1605610365033
			72.5582371690855	-38.1605610365033
			72.5173362462168	-38.1605610365033
			72.4764353233481	-38.1605610365033
			72.4355344004794	-38.1605610365033
			72.3946334776107	-38.1605610365033
			72.353732554742	-38.1196601136346
			72.3128316318733	-38.1196601136346
			72.2719307090046	-38.1196601136346
			72.2310297861359	-38.1196601136346
			72.1901288632672	-38.1196601136346
			72.1492279403984	-38.1196601136346
			72.1083270175297	-38.1196601136346
			72.067426094661	-38.1196601136346
			72.0265251717923	-38.1196601136346
			71.9856242489236	-38.1196601136346
			71.9447233260549	-38.1196601136346
			71.9038224031862	-38.1196601136346
			71.8629214803175	-38.0787591907659
			71.8220205574488	-38.0787591907659
			71.7811196345801	-38.0787591907659
			71.7402187117114	-38.0787591907659
			71.6993177888427	-38.0787591907659
			71.658416865974	-38.0787591907659
			71.6175159431053	-38.0787591907659
			71.5766150202366	-38.0787591907659
			71.5357140973679	-38.0787591907659
			71.4948131744991	-38.0787591907659
			71.4539122516304	-38.0787591907659
			71.4539122516304	-38.0378582678971
			71.4130113287617	-38.0378582678971
			71.372110405893	-38.0378582678971
			71.3312094830243	-38.0378582678971
			71.2903085601556	-38.0378582678971
			71.2494076372869	-38.0378582678971
			71.2085067144182	-38.0378582678971
			71.1676057915495	-38.0378582678971
			71.1267048686808	-38.0378582678971
			71.0858039458121	-38.0378582678971
			71.0449030229434	-38.0378582678971
			71.0040021000747	-37.9969573450284
			70.963101177206	-37.9969573450284
			70.9222002543373	-37.9969573450284
			70.8812993314686	-37.9969573450284
			70.8403984085998	-37.9969573450284
			70.7994974857311	-37.9969573450284
			70.7585965628624	-37.9969573450284
			70.7176956399937	-37.9969573450284
			70.676794717125	-37.9969573450284
			70.6358937942563	-37.9969573450284
			70.5949928713876	-37.9969573450284
			70.5540919485189	-37.9969573450284
			70.5131910256502	-37.9969573450284
			70.4722901027815	-37.9969573450284
			70.4313891799128	-37.9969573450284
			70.3904882570441	-37.9969573450284
			70.3495873341754	-37.9969573450284
			70.3086864113067	-37.9969573450284
			70.267785488438	-37.9969573450284
			70.2268845655692	-37.9969573450284
			70.1859836427005	-37.9969573450284
			70.1450827198318	-38.0378582678971
			70.1041817969631	-38.0378582678971
			70.0632808740944	-38.0378582678971
			70.0223799512257	-38.0378582678971
			69.981479028357	-38.0378582678971
			69.9405781054883	-38.0378582678971
			69.8996771826196	-38.0378582678971
			69.8587762597509	-38.0378582678971
			69.8178753368822	-38.0378582678971
			69.7769744140135	-38.0378582678971
			69.7360734911448	-38.0378582678971
			69.695172568276	-38.0378582678971
			69.6542716454073	-38.0787591907659
			69.6133707225386	-38.0787591907659
			69.5724697996699	-38.0787591907659
			69.5315688768012	-38.0787591907659
			69.4906679539325	-38.0787591907659
			69.4497670310638	-38.0787591907659
			69.4088661081951	-38.0787591907659
			69.3679651853264	-38.0787591907659
			69.3270642624577	-38.0787591907659
			69.3270642624577	-38.1196601136346
			69.286163339589	-38.1196601136346
			69.2452624167203	-38.1196601136346
			69.2043614938516	-38.1196601136346
			69.1634605709829	-38.1196601136346
			69.1225596481142	-38.1196601136346
			69.0816587252455	-38.1196601136346
			69.0407578023767	-38.1605610365033
			68.999856879508	-38.1605610365033
			68.9589559566393	-38.1605610365033
			68.9180550337706	-38.1605610365033
			68.8771541109019	-38.1605610365033
			68.8362531880332	-38.1605610365033
			68.7953522651645	-38.201461959372
			68.7544513422958	-38.201461959372
			68.7135504194271	-38.201461959372
		</Tail2>
		<AnalFin type=matrix rownames=FALSE colnames=FALSE nrow=87 ncol=2 as.numeric=TRUE >
			68.7135504194271	-38.201461959372
			68.6726494965584	-38.201461959372
			68.6317485736897	-38.201461959372
			68.590847650821	-38.2423628822407
			68.5499467279523	-38.2423628822407
			68.5090458050836	-38.2423628822407
			68.4681448822149	-38.2423628822407
			68.4272439593462	-38.2832638051094
			68.3863430364774	-38.2832638051094
			68.3454421136087	-38.2832638051094
			68.30454119074	-38.2832638051094
			68.2636402678713	-38.2832638051094
			68.2227393450026	-38.3241647279781
			68.1818384221339	-38.3241647279781
			68.1409374992652	-38.3241647279781
			68.1000365763965	-38.3241647279781
			68.0591356535278	-38.3650656508468
			68.0182347306591	-38.3650656508468
			67.9773338077904	-38.3650656508468
			67.9364328849217	-38.3650656508468
			67.895531962053	-38.4059665737155
			67.8546310391843	-38.4059665737155
			67.8137301163156	-38.4059665737155
			67.7728291934469	-38.4059665737155
			67.7728291934469	-38.4468674965842
			67.7319282705781	-38.4468674965842
			67.6910273477094	-38.4468674965842
			67.6501264248407	-38.4468674965842
			67.609225501972	-38.4877684194529
			67.5683245791033	-38.4877684194529
			67.5274236562346	-38.4877684194529
			67.4865227333659	-38.4877684194529
			67.4456218104972	-38.5286693423216
			67.4047208876285	-38.5286693423216
			67.3638199647598	-38.5286693423216
			67.3229190418911	-38.5286693423216
			67.2820181190224	-38.5695702651903
			67.2411171961537	-38.5695702651903
			67.200216273285	-38.5695702651903
			67.1593153504163	-38.610471188059
			67.1184144275475	-38.610471188059
			67.0775135046788	-38.610471188059
			67.0366125818101	-38.6513721109277
			66.9957116589414	-38.6513721109277
			66.9548107360727	-38.6513721109277
			66.913909813204	-38.6513721109277
			66.8730088903353	-38.6922730337964
			66.8321079674666	-38.6922730337964
			66.7912070445979	-38.6922730337964
			66.7503061217292	-38.6922730337964
			66.7094051988605	-38.7331739566652
			66.6685042759918	-38.7331739566652
			66.6276033531231	-38.7331739566652
			66.5867024302543	-38.7740748795339
			66.5458015073856	-38.7740748795339
			66.5049005845169	-38.7740748795339
			66.4639996616482	-38.8149758024026
			66.4230987387795	-38.8149758024026
			66.3821978159108	-38.8149758024026
			66.3412968930421	-38.8149758024026
			66.3003959701734	-38.8558767252713
			66.2594950473047	-38.8558767252713
			66.218594124436	-38.89677764814
			66.1776932015673	-38.89677764814
			66.1367922786986	-38.89677764814
			66.1367922786986	-38.9376785710087
			66.0958913558299	-38.9376785710087
			66.0549904329612	-38.9376785710087
			66.0140895100925	-38.9785794938774
			65.9731885872238	-38.9785794938774
			65.932287664355	-38.9785794938774
			65.8913867414863	-39.0194804167461
			65.8504858186176	-39.0194804167461
			65.8095848957489	-39.0603813396148
			65.7686839728802	-39.0603813396148
			65.7277830500115	-39.1012822624835
			65.6868821271428	-39.1012822624835
			65.6459812042741	-39.1421831853522
			65.6050802814054	-39.1830841082209
			65.5641793585367	-39.1830841082209
			65.523278435668	-39.2239850310896
			65.4823775127993	-39.2239850310896
			65.4414765899306	-39.2648859539583
			65.4005756670619	-39.2648859539583
			65.3596747441932	-39.305786876827
			65.3187738213245	-39.305786876827
			65.2778728984557	-39.3466877996958
		</AnalFin>
		<Pectfin type=matrix rownames=FALSE colnames=FALSE nrow=57 ncol=2 as.numeric=TRUE >
			54.8890384898043	-36.8108305818359
			54.929939412673	-36.8517315047047
			54.9708403355417	-36.8926324275734
			55.0117412584104	-36.9335333504421
			55.0526421812791	-36.9744342733108
			55.0935431041478	-37.0153351961795
			55.0935431041478	-37.0562361190482
			55.1344440270165	-37.0971370419169
			55.1344440270165	-37.1380379647856
			55.1753449498852	-37.1789388876543
			55.1753449498852	-37.219839810523
			55.2162458727539	-37.2607407333917
			55.2162458727539	-37.3016416562604
			55.2571467956226	-37.3425425791291
			55.2571467956226	-37.3834435019978
			55.2571467956226	-37.4243444248665
			55.2571467956226	-37.4652453477352
			55.2980477184913	-37.506146270604
			55.2980477184913	-37.5470471934727
			55.2980477184913	-37.5879481163414
			55.2980477184913	-37.6288490392101
			55.2980477184913	-37.6697499620788
			55.2980477184913	-37.7106508849475
			55.2980477184913	-37.7515518078162
			55.2980477184913	-37.7924527306849
			55.2980477184913	-37.8333536535536
			55.2980477184913	-37.8742545764223
			55.2980477184913	-37.915155499291
			55.2980477184913	-37.9560564221597
			55.2980477184913	-37.9969573450284
			55.2980477184913	-38.0378582678971
			55.2980477184913	-38.0787591907659
			55.2980477184913	-38.1196601136346
			55.2980477184913	-38.1605610365033
			55.2980477184913	-38.201461959372
			55.2980477184913	-38.2423628822407
			55.2980477184913	-38.2832638051094
			55.2980477184913	-38.3241647279781
			55.2980477184913	-38.3650656508468
			55.2980477184913	-38.4059665737155
			55.2980477184913	-38.4468674965842
			55.2980477184913	-38.4877684194529
			55.2980477184913	-38.5286693423216
			55.2980477184913	-38.5695702651903
			55.2980477184913	-38.610471188059
			55.2571467956226	-38.6513721109277
			55.2571467956226	-38.6922730337964
			55.2571467956226	-38.7331739566652
			55.2571467956226	-38.7740748795339
			55.2162458727539	-38.8149758024026
			55.2162458727539	-38.8558767252713
			55.2162458727539	-38.89677764814
			55.1753449498852	-38.9376785710087
			55.1753449498852	-38.9785794938774
			55.1753449498852	-39.0194804167461
			55.1344440270165	-39.0603813396148
			55.1344440270165	-39.1012822624835
		</Pectfin>
		<Opercle type=matrix rownames=FALSE colnames=FALSE nrow=166 ncol=2 as.numeric=TRUE >
			53.4166052665308	-34.438577055451
			53.4575061893995	-34.4794779783197
			53.4575061893995	-34.5203789011884
			53.4984071122682	-34.5612798240571
			53.5393080351369	-34.6021807469258
			53.5802089580057	-34.6430816697945
			53.5802089580057	-34.6839825926632
			53.6211098808744	-34.7248835155319
			53.6211098808744	-34.7657844384006
			53.6620108037431	-34.8066853612693
			53.6620108037431	-34.847586284138
			53.7029117266118	-34.8884872070067
			53.7029117266118	-34.9293881298754
			53.7029117266118	-34.9702890527441
			53.7438126494805	-35.0111899756129
			53.7438126494805	-35.0520908984816
			53.7438126494805	-35.0929918213503
			53.7438126494805	-35.133892744219
			53.7438126494805	-35.1747936670877
			53.7438126494805	-35.2156945899564
			53.7438126494805	-35.2565955128251
			53.7847135723492	-35.2974964356938
			53.7847135723492	-35.3383973585625
			53.7438126494805	-35.3792982814312
			53.7438126494805	-35.4201992042999
			53.7438126494805	-35.4611001271686
			53.7438126494805	-35.5020010500373
			53.7438126494805	-35.542901972906
			53.7438126494805	-35.5838028957747
			53.7438126494805	-35.6247038186435
			53.7029117266118	-35.6656047415122
			53.7029117266118	-35.7065056643809
			53.7029117266118	-35.7474065872496
			53.7029117266118	-35.7883075101183
			53.6620108037431	-35.829208432987
			53.6620108037431	-35.8701093558557
			53.6211098808744	-35.9110102787244
			53.6211098808744	-35.9519112015931
			53.6211098808744	-35.9928121244618
			53.5802089580057	-36.0337130473305
			53.5802089580057	-36.0746139701992
			53.5393080351369	-36.1155148930679
			53.5393080351369	-36.1564158159366
			53.4984071122682	-36.1973167388053
			53.4984071122682	-36.238217661674
			53.4575061893995	-36.2791185845428
			53.4166052665308	-36.3200195074115
			53.4166052665308	-36.3609204302802
			53.3757043436621	-36.4018213531489
			53.3757043436621	-36.4427222760176
			53.3348034207934	-36.4836231988863
			53.3348034207934	-36.524524121755
			53.2939024979247	-36.5654250446237
			53.253001575056	-36.6063259674924
			53.253001575056	-36.6472268903611
			53.2121006521873	-36.6881278132298
			53.2121006521873	-36.7290287360985
			53.1711997293186	-36.7699296589672
			53.1711997293186	-36.8108305818359
			53.1302988064499	-36.8108305818359
			53.1302988064499	-36.8517315047047
			53.1302988064499	-36.8926324275734
			53.0893978835812	-36.8926324275734
			53.0893978835812	-36.9335333504421
			53.0484969607125	-36.9744342733108
			53.0484969607125	-37.0153351961795
			53.0075960378438	-37.0562361190482
			52.9666951149751	-37.0971370419169
			52.9257941921063	-37.1380379647856
			52.9257941921063	-37.1789388876543
			52.8848932692376	-37.219839810523
			52.8848932692376	-37.2607407333917
			52.8439923463689	-37.2607407333917
			52.8439923463689	-37.3016416562604
			52.8030914235002	-37.3425425791291
			52.7621905006315	-37.3834435019978
			52.7621905006315	-37.4243444248665
			52.7212895777628	-37.4243444248665
			52.7212895777628	-37.4652453477352
			52.6803886548941	-37.506146270604
			52.6803886548941	-37.5470471934727
			52.6394877320254	-37.5879481163414
			52.5985868091567	-37.5879481163414
			52.5985868091567	-37.6288490392101
			52.557685886288	-37.6697499620788
			52.557685886288	-37.7106508849475
			52.5167849634193	-37.7515518078162
			52.4758840405506	-37.7924527306849
			52.4349831176819	-37.8333536535536
			52.3940821948132	-37.8742545764223
			52.3531812719445	-37.915155499291
			52.3531812719445	-37.9560564221597
			52.3122803490757	-37.9969573450284
			52.271379426207	-38.0378582678971
			52.2304785033383	-38.0787591907659
			52.2304785033383	-38.1196601136346
			52.1895775804696	-38.1605610365033
			52.1486766576009	-38.1605610365033
			52.1077757347322	-38.201461959372
			52.1077757347322	-38.2423628822407
			52.0668748118635	-38.2832638051094
			52.0259738889948	-38.2832638051094
			51.9850729661261	-38.3241647279781
			51.9441720432574	-38.3650656508468
			51.9032711203887	-38.4059665737155
			51.86237019752	-38.4468674965842
			51.8214692746513	-38.4877684194529
			51.7805683517826	-38.4877684194529
			51.7396674289139	-38.5286693423216
			51.6987665060452	-38.5695702651903
			51.6578655831764	-38.5695702651903
			51.6169646603077	-38.610471188059
			51.576063737439	-38.610471188059
			51.5351628145703	-38.6513721109277
			51.4942618917016	-38.6513721109277
			51.4533609688329	-38.6922730337964
			51.4124600459642	-38.6922730337964
			51.3715591230955	-38.7331739566652
			51.3306582002268	-38.7331739566652
			51.2897572773581	-38.7331739566652
			51.2488563544894	-38.7740748795339
			51.2079554316207	-38.7740748795339
			51.167054508752	-38.7740748795339
			51.1261535858833	-38.7740748795339
			51.1261535858833	-38.8149758024026
			51.0852526630146	-38.8149758024026
			51.0443517401458	-38.8149758024026
			51.0034508172771	-38.8149758024026
			50.9625498944084	-38.8149758024026
			50.9216489715397	-38.8149758024026
			50.880748048671	-38.8558767252713
			50.8398471258023	-38.8558767252713
			50.7989462029336	-38.8558767252713
			50.7580452800649	-38.8558767252713
			50.7171443571962	-38.8558767252713
			50.6762434343275	-38.8558767252713
			50.6353425114588	-38.8558767252713
			50.5944415885901	-38.8558767252713
			50.5535406657214	-38.8558767252713
			50.5126397428527	-38.8558767252713
			50.471738819984	-38.8558767252713
			50.4308378971152	-38.8558767252713
			50.3899369742465	-38.89677764814
			50.3490360513778	-38.89677764814
			50.3081351285091	-38.89677764814
			50.2672342056404	-38.89677764814
			50.2263332827717	-38.89677764814
			50.185432359903	-38.89677764814
			50.1445314370343	-38.89677764814
			50.1445314370343	-38.8558767252713
			50.1036305141656	-38.8558767252713
			50.0627295912969	-38.8558767252713
			50.0218286684282	-38.8558767252713
			49.9809277455595	-38.8558767252713
			49.9400268226908	-38.8558767252713
			49.8991258998221	-38.8558767252713
			49.8582249769534	-38.8558767252713
			49.8173240540846	-38.8149758024026
			49.7764231312159	-38.8149758024026
			49.7355222083472	-38.8149758024026
			49.6946212854785	-38.8149758024026
			49.6537203626098	-38.7740748795339
			49.6128194397411	-38.7740748795339
			49.5719185168724	-38.7740748795339
			49.5310175940037	-38.7331739566652
			49.490116671135	-38.7331739566652
		</Opercle>
		<Preopercle type=matrix rownames=FALSE colnames=FALSE nrow=111 ncol=2 as.numeric=TRUE >
			50.3490360513778	-34.4794779783197
			50.3490360513778	-34.5203789011884
			50.3490360513778	-34.5612798240571
			50.3899369742465	-34.6021807469258
			50.3899369742465	-34.6430816697945
			50.3899369742465	-34.6839825926632
			50.3899369742465	-34.7248835155319
			50.3899369742465	-34.7657844384006
			50.3899369742465	-34.8066853612693
			50.3899369742465	-34.847586284138
			50.3899369742465	-34.8884872070067
			50.3899369742465	-34.9293881298754
			50.3899369742465	-34.9702890527441
			50.3899369742465	-35.0111899756129
			50.3899369742465	-35.0520908984816
			50.3899369742465	-35.0929918213503
			50.3899369742465	-35.133892744219
			50.3899369742465	-35.1747936670877
			50.3899369742465	-35.2156945899564
			50.3899369742465	-35.2565955128251
			50.3490360513778	-35.2974964356938
			50.3490360513778	-35.3383973585625
			50.3490360513778	-35.3792982814312
			50.3490360513778	-35.4201992042999
			50.3490360513778	-35.4611001271686
			50.3490360513778	-35.5020010500373
			50.3081351285091	-35.542901972906
			50.3081351285091	-35.5838028957747
			50.3081351285091	-35.6247038186435
			50.2672342056404	-35.6656047415122
			50.2672342056404	-35.7065056643809
			50.2672342056404	-35.7474065872496
			50.2672342056404	-35.7883075101183
			50.2263332827717	-35.829208432987
			50.2263332827717	-35.8701093558557
			50.2263332827717	-35.9110102787244
			50.2263332827717	-35.9519112015931
			50.185432359903	-35.9928121244618
			50.185432359903	-36.0337130473305
			50.1445314370343	-36.0746139701992
			50.1445314370343	-36.1155148930679
			50.1445314370343	-36.1564158159366
			50.1036305141656	-36.1973167388053
			50.1036305141656	-36.238217661674
			50.0627295912969	-36.2791185845428
			50.0627295912969	-36.3200195074115
			50.0627295912969	-36.3609204302802
			50.0218286684282	-36.4018213531489
			50.0218286684282	-36.4427222760176
			49.9809277455595	-36.4836231988863
			49.9809277455595	-36.524524121755
			49.9809277455595	-36.5654250446237
			49.9400268226908	-36.5654250446237
			49.9400268226908	-36.6063259674924
			49.9400268226908	-36.6472268903611
			49.8991258998221	-36.6472268903611
			49.8991258998221	-36.6881278132298
			49.8991258998221	-36.7290287360985
			49.8582249769534	-36.7290287360985
			49.8582249769534	-36.7699296589672
			49.8582249769534	-36.8108305818359
			49.8173240540846	-36.8108305818359
			49.8173240540846	-36.8517315047047
			49.8173240540846	-36.8926324275734
			49.7764231312159	-36.8926324275734
			49.7764231312159	-36.9335333504421
			49.7764231312159	-36.9744342733108
			49.7355222083472	-36.9744342733108
			49.7355222083472	-37.0153351961795
			49.7355222083472	-37.0562361190482
			49.7355222083472	-37.0971370419169
			49.7355222083472	-37.1380379647856
			49.7355222083472	-37.1789388876543
			49.6946212854785	-37.219839810523
			49.6946212854785	-37.2607407333917
			49.6946212854785	-37.3016416562604
			49.6946212854785	-37.3425425791291
			49.6946212854785	-37.3834435019978
			49.6946212854785	-37.4243444248665
			49.6946212854785	-37.4652453477352
			49.6946212854785	-37.506146270604
			49.6946212854785	-37.5470471934727
			49.6537203626098	-37.5879481163414
			49.6537203626098	-37.6288490392101
			49.6537203626098	-37.6697499620788
			49.6537203626098	-37.7106508849475
			49.6537203626098	-37.7515518078162
			49.6537203626098	-37.7924527306849
			49.6537203626098	-37.8333536535536
			49.6128194397411	-37.8742545764223
			49.6128194397411	-37.915155499291
			49.6128194397411	-37.9560564221597
			49.6128194397411	-37.9969573450284
			49.6128194397411	-38.0378582678971
			49.6128194397411	-38.0787591907659
			49.6128194397411	-38.1196601136346
			49.5719185168724	-38.1605610365033
			49.5719185168724	-38.201461959372
			49.5719185168724	-38.2423628822407
			49.5719185168724	-38.2832638051094
			49.5719185168724	-38.3241647279781
			49.5719185168724	-38.3650656508468
			49.5719185168724	-38.4059665737155
			49.5310175940037	-38.4468674965842
			49.5310175940037	-38.4877684194529
			49.5310175940037	-38.5286693423216
			49.5310175940037	-38.5695702651903
			49.5310175940037	-38.610471188059
			49.490116671135	-38.6513721109277
			49.490116671135	-38.6922730337964
			49.490116671135	-38.7331739566652
		</Preopercle>
	</curves.scaled>
	<ruler.points type=matrix rownames=TRUE colnames=FALSE nrow=2 ncol=2 as.numeric=TRUE >
		Ruler point 1	1032	549
		Ruler point 2	1036	1170
	</ruler.points>
</shapes>

