<shapes type=list>
	<ruler.pixel type=vector names=FALSE length=1 as.numeric=TRUE >638.078365093191</ruler.pixel>
	<ruler.interval type=vector names=FALSE length=1 as.numeric=TRUE >25.4</ruler.interval>
	<scaling.units type=vector names=FALSE length=1 as.numeric=FALSE >mm</scaling.units>
	<scaling type=vector names=FALSE length=1 as.numeric=TRUE >0.039807022756978</scaling>
	<landmarks.pixel type=matrix rownames=TRUE colnames=FALSE nrow=12 ncol=2 as.numeric=TRUE >
		LM1	1615	1030
		LM2	2062	932
		LM3	2396	1014
		LM4	2397	1137
		LM5	2212	1137
		LM6	2152	1168
		LM7	1826	1105
		LM8	1824	1168
		LM9	1820	1041
		LM10	1723	1149
		LM11	1732	1077
		LM12	1697	1002
	</landmarks.pixel>
	<landmarks.scaled type=matrix rownames=TRUE colnames=FALSE nrow=12 ncol=2 as.numeric=TRUE >
		LM1	64.2883417525195	-41.0012334396874
		LM2	82.0820809248887	-37.1001452095035
		LM3	95.3776265257193	-40.3643210755757
		LM4	95.4174335484763	-45.260584874684
		LM5	88.0531343384354	-45.260584874684
		LM6	85.6647129730167	-46.4946025801503
		LM7	72.6876235542419	-43.9867601464607
		LM8	72.6080095087279	-46.4946025801503
		LM9	72.4487814177	-41.4391106900141
		LM10	68.5875002102731	-45.7382691477677
		LM11	68.9457634150859	-42.8721635092653
		LM12	67.5525176185917	-39.886636802492
	</landmarks.scaled>
	<curves.control type=list>
		<Eye type=matrix rownames=FALSE colnames=FALSE nrow=7 ncol=2 as.numeric=TRUE >
			1697	1002
			1732	1026
			1690	1054
			1657	1056
			1656	1027
			1670	999
			1697	1002
		</Eye>
		<Head type=matrix rownames=FALSE colnames=FALSE nrow=11 ncol=2 as.numeric=TRUE >
			1615	1030
			1664	989
			1744	966
			1781	950
			1835	938
			1883	927
			1935	924
			1973	923
			2010	927
			2039	926
			2062	932
		</Head>
		<Tail1 type=matrix rownames=FALSE colnames=FALSE nrow=9 ncol=2 as.numeric=TRUE >
			2062	932
			2103	944
			2154	960
			2199	972
			2245	980
			2280	987
			2322	997
			2359	1005
			2396	1014
		</Tail1>
		<End type=matrix rownames=FALSE colnames=FALSE nrow=7 ncol=2 as.numeric=TRUE >
			2396	1014
			2441	1013
			2447	1040
			2438	1082
			2445	1110
			2437	1127
			2397	1137
		</End>
		<Tail2 type=matrix rownames=FALSE colnames=FALSE nrow=7 ncol=2 as.numeric=TRUE >
			2397	1137
			2368	1135
			2339	1135
			2312	1135
			2280	1135
			2242	1132
			2212	1137
		</Tail2>
		<AnalFin type=matrix rownames=FALSE colnames=FALSE nrow=5 ncol=2 as.numeric=TRUE >
			2212	1137
			2196	1143
			2175	1155
			2164	1162
			2152	1168
		</AnalFin>
		<Pectfin type=matrix rownames=FALSE colnames=FALSE nrow=5 ncol=2 as.numeric=TRUE >
			1826	1105
			1830	1118
			1832	1133
			1831	1149
			1824	1168
		</Pectfin>
		<Opercle type=matrix rownames=FALSE colnames=FALSE nrow=9 ncol=2 as.numeric=TRUE >
			1820	1041
			1826	1062
			1821	1082
			1808	1098
			1801	1120
			1787	1135
			1767	1147
			1748	1159
			1723	1149
		</Opercle>
		<Preopercle type=matrix rownames=FALSE colnames=FALSE nrow=5 ncol=2 as.numeric=TRUE >
			1732	1077
			1730	1097
			1729	1116
			1728	1134
			1723	1149
		</Preopercle>
	</curves.control>
	<curves.pixel type=list>
		<Eye type=matrix rownames=FALSE colnames=FALSE nrow=155 ncol=2 as.numeric=TRUE >
			1697	1002
			1698	1003
			1699	1004
			1700	1004
			1701	1005
			1702	1006
			1703	1007
			1704	1008
			1705	1009
			1706	1010
			1707	1011
			1708	1012
			1709	1013
			1710	1014
			1710	1015
			1711	1016
			1711	1017
			1712	1018
			1712	1019
			1712	1020
			1713	1021
			1713	1022
			1713	1023
			1713	1024
			1713	1025
			1713	1026
			1713	1027
			1713	1028
			1712	1029
			1712	1030
			1712	1031
			1711	1032
			1711	1033
			1711	1034
			1710	1035
			1709	1036
			1709	1037
			1708	1038
			1707	1039
			1707	1040
			1706	1041
			1705	1042
			1704	1043
			1703	1044
			1702	1045
			1701	1046
			1700	1047
			1699	1047
			1698	1048
			1697	1049
			1696	1050
			1695	1051
			1694	1051
			1693	1052
			1692	1053
			1691	1054
			1690	1054
			1689	1054
			1688	1054
			1687	1054
			1686	1054
			1685	1054
			1684	1054
			1683	1054
			1682	1054
			1681	1054
			1680	1054
			1679	1054
			1678	1054
			1678	1053
			1677	1053
			1676	1053
			1675	1053
			1674	1053
			1673	1052
			1672	1052
			1671	1052
			1670	1051
			1669	1051
			1668	1050
			1667	1050
			1666	1049
			1665	1048
			1664	1047
			1663	1046
			1662	1046
			1661	1045
			1661	1044
			1660	1043
			1659	1042
			1659	1041
			1659	1040
			1658	1040
			1658	1039
			1658	1038
			1658	1037
			1657	1037
			1657	1036
			1657	1035
			1657	1034
			1657	1033
			1656	1032
			1656	1031
			1656	1030
			1656	1029
			1656	1028
			1656	1027
			1657	1026
			1657	1025
			1658	1024
			1658	1023
			1659	1022
			1659	1021
			1660	1020
			1660	1019
			1661	1019
			1662	1018
			1662	1017
			1663	1016
			1664	1015
			1665	1014
			1666	1013
			1667	1012
			1667	1011
			1668	1011
			1669	1010
			1670	1009
			1671	1008
			1672	1007
			1673	1007
			1674	1006
			1675	1006
			1676	1005
			1677	1005
			1678	1004
			1679	1004
			1680	1004
			1680	1003
			1681	1003
			1682	1003
			1683	1003
			1684	1003
			1685	1002
			1686	1002
			1687	1002
			1688	1002
			1689	1002
			1690	1002
			1691	1002
			1692	1002
			1693	1002
			1694	1002
			1695	1002
			1696	1002
			1697	1002
		</Eye>
		<Head type=matrix rownames=FALSE colnames=FALSE nrow=461 ncol=2 as.numeric=TRUE >
			1615	1030
			1616	1029
			1617	1028
			1618	1027
			1619	1027
			1620	1026
			1621	1025
			1622	1024
			1623	1023
			1624	1023
			1624	1022
			1625	1022
			1626	1021
			1627	1020
			1628	1019
			1629	1019
			1630	1018
			1631	1018
			1632	1017
			1633	1017
			1633	1016
			1634	1015
			1635	1015
			1636	1014
			1637	1014
			1638	1013
			1639	1013
			1639	1012
			1640	1011
			1641	1011
			1642	1010
			1643	1010
			1644	1009
			1645	1009
			1646	1008
			1646	1007
			1647	1007
			1648	1006
			1649	1006
			1650	1005
			1651	1005
			1652	1004
			1653	1004
			1654	1003
			1655	1003
			1656	1002
			1657	1001
			1658	1001
			1659	1000
			1660	1000
			1661	999
			1662	998
			1663	998
			1664	998
			1665	997
			1666	997
			1666	996
			1667	996
			1668	995
			1669	995
			1670	994
			1671	994
			1672	994
			1672	993
			1673	993
			1674	992
			1675	992
			1676	992
			1677	991
			1678	991
			1678	990
			1679	990
			1680	989
			1681	989
			1682	989
			1683	988
			1684	988
			1685	987
			1686	987
			1687	986
			1688	986
			1689	985
			1690	985
			1691	985
			1692	984
			1693	984
			1694	983
			1695	983
			1696	983
			1696	982
			1697	982
			1698	982
			1699	981
			1700	981
			1701	980
			1702	980
			1703	980
			1704	979
			1705	979
			1706	979
			1707	978
			1708	978
			1709	977
			1710	977
			1711	977
			1712	976
			1713	976
			1714	976
			1715	975
			1716	975
			1717	974
			1718	974
			1719	974
			1720	973
			1721	973
			1722	973
			1723	972
			1724	972
			1725	972
			1726	972
			1727	971
			1728	971
			1729	971
			1730	970
			1731	970
			1732	970
			1733	969
			1734	969
			1735	969
			1736	968
			1737	968
			1738	968
			1739	968
			1739	967
			1740	967
			1741	967
			1742	966
			1743	966
			1744	966
			1745	966
			1745	965
			1746	965
			1747	965
			1748	964
			1749	964
			1750	964
			1751	963
			1752	963
			1753	962
			1754	962
			1755	962
			1755	961
			1756	961
			1757	961
			1758	960
			1759	960
			1760	959
			1761	959
			1762	959
			1763	958
			1764	958
			1765	958
			1766	957
			1767	957
			1768	957
			1769	956
			1770	956
			1771	956
			1772	955
			1773	955
			1774	955
			1775	954
			1776	954
			1777	954
			1778	953
			1779	953
			1780	953
			1781	952
			1782	952
			1783	952
			1784	951
			1785	951
			1786	951
			1787	951
			1787	950
			1788	950
			1789	950
			1790	950
			1791	949
			1792	949
			1793	949
			1794	948
			1795	948
			1796	948
			1797	948
			1798	947
			1799	947
			1800	947
			1801	946
			1802	946
			1803	946
			1804	946
			1805	945
			1806	945
			1807	945
			1808	945
			1809	944
			1810	944
			1811	944
			1812	943
			1813	943
			1814	943
			1815	943
			1816	942
			1817	942
			1818	942
			1819	942
			1820	941
			1821	941
			1822	941
			1823	941
			1824	940
			1825	940
			1826	940
			1827	940
			1828	940
			1829	939
			1830	939
			1831	939
			1832	939
			1833	938
			1834	938
			1835	938
			1836	938
			1837	938
			1837	937
			1838	937
			1839	937
			1840	937
			1841	937
			1842	937
			1843	936
			1844	936
			1845	936
			1846	936
			1847	935
			1848	935
			1849	935
			1850	935
			1851	934
			1852	934
			1853	934
			1854	934
			1855	934
			1856	934
			1857	933
			1858	933
			1859	933
			1860	933
			1861	933
			1862	932
			1863	932
			1864	932
			1865	932
			1866	932
			1867	932
			1868	931
			1869	931
			1870	931
			1871	931
			1872	931
			1873	931
			1874	930
			1875	930
			1876	930
			1877	930
			1878	930
			1879	930
			1880	930
			1881	929
			1882	929
			1883	929
			1884	929
			1885	929
			1886	929
			1887	929
			1888	928
			1889	928
			1890	928
			1891	928
			1892	928
			1893	928
			1894	928
			1895	928
			1896	927
			1897	927
			1898	927
			1899	927
			1900	927
			1901	927
			1902	927
			1903	927
			1904	927
			1905	926
			1906	926
			1907	926
			1908	926
			1909	926
			1910	926
			1911	926
			1912	926
			1913	926
			1914	926
			1915	925
			1916	925
			1917	925
			1918	925
			1919	925
			1920	925
			1921	925
			1922	925
			1923	925
			1924	925
			1925	925
			1926	925
			1927	925
			1928	924
			1929	924
			1930	924
			1931	924
			1932	924
			1933	924
			1934	924
			1935	924
			1936	924
			1937	924
			1938	924
			1939	924
			1940	924
			1941	924
			1942	924
			1943	924
			1944	924
			1945	924
			1946	924
			1947	924
			1948	924
			1949	924
			1950	924
			1951	924
			1952	924
			1953	924
			1954	924
			1955	924
			1956	924
			1957	924
			1958	924
			1959	924
			1960	924
			1961	924
			1962	924
			1963	924
			1964	924
			1965	924
			1966	924
			1967	924
			1968	924
			1969	924
			1970	924
			1971	924
			1972	924
			1973	924
			1974	924
			1975	924
			1976	924
			1977	924
			1978	924
			1979	925
			1980	925
			1981	925
			1982	925
			1983	925
			1984	925
			1985	925
			1986	925
			1987	925
			1988	925
			1989	925
			1990	925
			1991	925
			1992	925
			1993	925
			1994	926
			1995	926
			1996	926
			1997	926
			1998	926
			1999	926
			2000	926
			2001	926
			2002	926
			2003	926
			2004	926
			2005	926
			2006	927
			2007	927
			2008	927
			2009	927
			2010	927
			2011	927
			2012	927
			2013	927
			2014	927
			2015	927
			2016	927
			2017	927
			2018	927
			2019	927
			2020	927
			2021	927
			2022	927
			2023	927
			2024	927
			2025	927
			2026	927
			2027	927
			2028	927
			2029	927
			2030	927
			2031	927
			2032	927
			2033	927
			2034	927
			2035	928
			2036	928
			2037	928
			2038	928
			2039	928
			2040	928
			2041	928
			2042	928
			2043	928
			2044	929
			2045	929
			2046	929
			2047	929
			2048	929
			2049	929
			2050	929
			2051	930
			2052	930
			2053	930
			2054	930
			2055	930
			2056	931
			2057	931
			2058	931
			2059	931
			2060	931
			2061	932
			2062	932
		</Head>
		<Tail1 type=matrix rownames=FALSE colnames=FALSE nrow=344 ncol=2 as.numeric=TRUE >
			2062	932
			2063	932
			2064	933
			2065	933
			2066	933
			2067	933
			2068	934
			2069	934
			2070	934
			2071	935
			2072	935
			2073	935
			2074	935
			2075	936
			2076	936
			2077	936
			2078	937
			2079	937
			2080	937
			2081	937
			2082	938
			2083	938
			2084	938
			2085	939
			2086	939
			2087	939
			2088	940
			2089	940
			2090	940
			2091	941
			2092	941
			2093	941
			2094	941
			2095	942
			2096	942
			2097	942
			2098	943
			2099	943
			2100	943
			2101	944
			2102	944
			2103	944
			2104	945
			2105	945
			2106	945
			2107	945
			2107	946
			2108	946
			2109	946
			2110	946
			2111	947
			2112	947
			2113	947
			2114	947
			2114	948
			2115	948
			2116	948
			2117	948
			2118	949
			2119	949
			2120	949
			2121	950
			2122	950
			2123	950
			2124	951
			2125	951
			2126	951
			2127	952
			2128	952
			2129	952
			2130	952
			2131	953
			2132	953
			2133	953
			2134	954
			2135	954
			2136	954
			2137	955
			2138	955
			2139	955
			2140	956
			2141	956
			2142	956
			2143	956
			2144	957
			2145	957
			2146	957
			2147	958
			2148	958
			2149	958
			2150	959
			2151	959
			2152	959
			2153	960
			2154	960
			2155	960
			2156	960
			2157	961
			2158	961
			2159	961
			2160	962
			2161	962
			2162	962
			2163	962
			2164	963
			2165	963
			2166	963
			2167	963
			2168	964
			2169	964
			2170	964
			2171	964
			2172	965
			2173	965
			2174	965
			2175	965
			2176	966
			2177	966
			2178	966
			2179	966
			2180	967
			2181	967
			2182	967
			2183	967
			2184	968
			2185	968
			2186	968
			2187	968
			2188	968
			2189	969
			2190	969
			2191	969
			2192	969
			2193	970
			2194	970
			2195	970
			2196	970
			2197	971
			2198	971
			2199	971
			2200	971
			2201	971
			2202	972
			2203	972
			2204	972
			2205	972
			2206	972
			2207	973
			2208	973
			2209	973
			2210	973
			2211	973
			2212	974
			2213	974
			2214	974
			2215	974
			2216	974
			2217	975
			2218	975
			2219	975
			2220	975
			2221	975
			2222	976
			2223	976
			2224	976
			2225	976
			2226	976
			2227	977
			2228	977
			2229	977
			2230	977
			2231	977
			2232	978
			2233	978
			2234	978
			2235	978
			2236	978
			2237	978
			2238	979
			2239	979
			2240	979
			2241	979
			2242	979
			2242	980
			2243	980
			2244	980
			2245	980
			2246	980
			2247	980
			2248	981
			2249	981
			2250	981
			2251	981
			2252	982
			2253	982
			2254	982
			2255	982
			2256	982
			2257	982
			2258	983
			2259	983
			2260	983
			2261	983
			2262	984
			2263	984
			2264	984
			2265	984
			2266	984
			2267	985
			2268	985
			2269	985
			2270	985
			2271	985
			2272	986
			2273	986
			2274	986
			2275	986
			2276	987
			2277	987
			2278	987
			2279	987
			2280	987
			2281	988
			2282	988
			2283	988
			2284	988
			2285	989
			2286	989
			2287	989
			2288	989
			2289	989
			2290	990
			2291	990
			2292	990
			2293	990
			2294	990
			2294	991
			2295	991
			2296	991
			2297	991
			2298	991
			2299	992
			2300	992
			2301	992
			2302	992
			2303	993
			2304	993
			2305	993
			2306	993
			2307	993
			2308	994
			2309	994
			2310	994
			2311	994
			2311	995
			2312	995
			2313	995
			2314	995
			2315	995
			2316	996
			2317	996
			2318	996
			2319	996
			2320	996
			2320	997
			2321	997
			2322	997
			2323	997
			2324	997
			2324	998
			2325	998
			2326	998
			2327	998
			2328	998
			2329	999
			2330	999
			2331	999
			2332	999
			2333	999
			2334	1000
			2335	1000
			2336	1000
			2337	1000
			2338	1000
			2338	1001
			2339	1001
			2340	1001
			2341	1001
			2342	1001
			2343	1002
			2344	1002
			2345	1002
			2346	1002
			2347	1003
			2348	1003
			2349	1003
			2350	1003
			2351	1003
			2352	1004
			2353	1004
			2354	1004
			2355	1004
			2356	1005
			2357	1005
			2358	1005
			2359	1005
			2360	1006
			2361	1006
			2362	1006
			2363	1006
			2364	1006
			2365	1007
			2366	1007
			2367	1007
			2368	1007
			2369	1008
			2370	1008
			2371	1008
			2372	1008
			2373	1008
			2374	1009
			2375	1009
			2376	1009
			2377	1009
			2378	1010
			2379	1010
			2380	1010
			2381	1010
			2381	1011
			2382	1011
			2383	1011
			2384	1011
			2385	1011
			2386	1012
			2387	1012
			2388	1012
			2389	1012
			2390	1013
			2391	1013
			2392	1013
			2393	1013
			2394	1013
			2395	1014
			2396	1014
		</Tail1>
		<End type=matrix rownames=FALSE colnames=FALSE nrow=185 ncol=2 as.numeric=TRUE >
			2396	1014
			2397	1014
			2398	1014
			2399	1014
			2400	1014
			2401	1014
			2402	1014
			2403	1014
			2404	1014
			2405	1014
			2406	1014
			2407	1014
			2408	1014
			2409	1014
			2410	1014
			2411	1015
			2412	1015
			2413	1015
			2414	1015
			2415	1015
			2416	1015
			2417	1015
			2418	1016
			2419	1016
			2420	1016
			2421	1016
			2422	1016
			2423	1017
			2424	1017
			2425	1018
			2426	1018
			2427	1018
			2428	1019
			2429	1019
			2430	1019
			2431	1020
			2432	1020
			2432	1021
			2433	1021
			2434	1022
			2435	1022
			2435	1023
			2436	1023
			2437	1024
			2438	1024
			2438	1025
			2439	1025
			2439	1026
			2440	1026
			2441	1027
			2441	1028
			2442	1028
			2442	1029
			2443	1030
			2444	1031
			2444	1032
			2445	1033
			2445	1034
			2445	1035
			2446	1036
			2446	1037
			2446	1038
			2447	1039
			2447	1040
			2447	1041
			2447	1042
			2446	1043
			2446	1044
			2446	1045
			2446	1046
			2446	1047
			2445	1048
			2445	1049
			2445	1050
			2445	1051
			2445	1052
			2445	1053
			2444	1054
			2444	1055
			2444	1056
			2444	1057
			2444	1058
			2444	1059
			2443	1060
			2443	1061
			2443	1062
			2443	1063
			2443	1064
			2443	1065
			2443	1066
			2443	1067
			2443	1068
			2443	1069
			2442	1070
			2442	1071
			2442	1072
			2442	1073
			2442	1074
			2442	1075
			2442	1076
			2442	1077
			2442	1078
			2442	1079
			2442	1080
			2442	1081
			2442	1082
			2442	1083
			2442	1084
			2442	1085
			2442	1086
			2442	1087
			2442	1088
			2442	1089
			2442	1090
			2442	1091
			2442	1092
			2442	1093
			2442	1094
			2442	1095
			2443	1096
			2443	1097
			2443	1098
			2443	1099
			2443	1100
			2443	1101
			2443	1102
			2443	1103
			2444	1103
			2444	1104
			2444	1105
			2444	1106
			2444	1107
			2445	1108
			2445	1109
			2445	1110
			2445	1111
			2444	1112
			2443	1113
			2443	1114
			2442	1115
			2441	1116
			2440	1117
			2439	1118
			2438	1119
			2437	1120
			2436	1120
			2435	1121
			2434	1122
			2433	1123
			2432	1124
			2431	1124
			2430	1125
			2429	1125
			2428	1126
			2427	1127
			2426	1127
			2425	1127
			2424	1128
			2423	1128
			2422	1129
			2421	1129
			2420	1130
			2419	1130
			2418	1130
			2417	1131
			2416	1131
			2415	1131
			2414	1132
			2413	1132
			2412	1133
			2411	1133
			2410	1133
			2409	1134
			2408	1134
			2407	1134
			2406	1135
			2405	1135
			2404	1135
			2403	1135
			2402	1136
			2401	1136
			2400	1136
			2399	1137
			2398	1137
			2397	1137
		</End>
		<Tail2 type=matrix rownames=FALSE colnames=FALSE nrow=187 ncol=2 as.numeric=TRUE >
			2397	1137
			2396	1137
			2395	1137
			2394	1137
			2393	1137
			2392	1137
			2391	1137
			2390	1137
			2389	1137
			2389	1136
			2388	1136
			2387	1136
			2386	1136
			2385	1136
			2384	1136
			2383	1136
			2382	1136
			2381	1136
			2380	1136
			2379	1136
			2378	1136
			2377	1136
			2376	1136
			2375	1136
			2374	1136
			2373	1136
			2372	1136
			2371	1136
			2370	1136
			2369	1136
			2368	1135
			2367	1135
			2366	1135
			2365	1135
			2364	1135
			2363	1135
			2362	1135
			2361	1135
			2360	1135
			2359	1135
			2358	1135
			2357	1135
			2356	1135
			2355	1135
			2354	1135
			2353	1135
			2352	1135
			2351	1135
			2350	1135
			2349	1135
			2348	1135
			2347	1135
			2346	1135
			2345	1135
			2344	1135
			2343	1135
			2342	1135
			2341	1135
			2340	1135
			2339	1135
			2338	1135
			2337	1135
			2336	1135
			2335	1135
			2334	1135
			2333	1135
			2332	1135
			2331	1135
			2330	1135
			2329	1135
			2328	1135
			2327	1135
			2326	1135
			2325	1135
			2324	1135
			2323	1135
			2322	1135
			2321	1135
			2320	1135
			2319	1135
			2318	1135
			2317	1135
			2316	1135
			2315	1135
			2314	1135
			2313	1135
			2312	1135
			2311	1135
			2310	1135
			2309	1135
			2308	1135
			2307	1135
			2306	1135
			2305	1135
			2304	1135
			2303	1135
			2302	1135
			2301	1135
			2300	1135
			2299	1135
			2298	1135
			2297	1135
			2296	1135
			2295	1135
			2294	1135
			2293	1135
			2292	1135
			2291	1135
			2290	1135
			2289	1135
			2288	1135
			2287	1135
			2286	1135
			2285	1135
			2284	1135
			2283	1135
			2282	1135
			2281	1135
			2280	1135
			2279	1135
			2278	1135
			2277	1135
			2276	1135
			2275	1135
			2274	1135
			2273	1135
			2272	1134
			2271	1134
			2270	1134
			2269	1134
			2268	1134
			2267	1134
			2266	1134
			2265	1134
			2264	1134
			2263	1134
			2262	1134
			2261	1134
			2260	1134
			2259	1134
			2258	1134
			2257	1134
			2256	1134
			2255	1134
			2254	1134
			2253	1134
			2252	1134
			2251	1134
			2250	1134
			2249	1134
			2248	1134
			2247	1134
			2246	1134
			2245	1134
			2244	1134
			2243	1134
			2242	1134
			2241	1134
			2240	1134
			2239	1134
			2238	1134
			2237	1134
			2236	1134
			2235	1134
			2234	1134
			2233	1135
			2232	1135
			2231	1135
			2230	1135
			2229	1135
			2228	1135
			2227	1135
			2226	1135
			2225	1135
			2224	1135
			2223	1135
			2222	1136
			2221	1136
			2220	1136
			2219	1136
			2218	1136
			2217	1136
			2216	1136
			2215	1137
			2214	1137
			2213	1137
			2212	1137
		</Tail2>
		<AnalFin type=matrix rownames=FALSE colnames=FALSE nrow=65 ncol=2 as.numeric=TRUE >
			2212	1137
			2211	1137
			2210	1138
			2209	1138
			2208	1139
			2207	1139
			2206	1139
			2205	1140
			2204	1140
			2203	1141
			2202	1141
			2201	1142
			2200	1142
			2199	1143
			2198	1143
			2197	1144
			2196	1144
			2195	1145
			2194	1145
			2193	1145
			2192	1146
			2191	1146
			2190	1147
			2189	1148
			2188	1148
			2187	1148
			2186	1149
			2185	1149
			2185	1150
			2184	1150
			2183	1151
			2182	1151
			2181	1152
			2180	1152
			2179	1153
			2178	1154
			2177	1154
			2176	1154
			2175	1155
			2174	1155
			2174	1156
			2173	1156
			2172	1157
			2171	1157
			2170	1158
			2169	1159
			2168	1159
			2167	1160
			2166	1160
			2166	1161
			2165	1161
			2164	1162
			2163	1162
			2162	1163
			2161	1163
			2160	1164
			2159	1165
			2158	1165
			2157	1166
			2156	1166
			2155	1167
			2154	1167
			2153	1167
			2153	1168
			2152	1168
		</AnalFin>
		<Pectfin type=matrix rownames=FALSE colnames=FALSE nrow=65 ncol=2 as.numeric=TRUE >
			1826	1105
			1826	1106
			1826	1107
			1827	1107
			1827	1108
			1827	1109
			1827	1110
			1828	1111
			1828	1112
			1828	1113
			1829	1114
			1829	1115
			1829	1116
			1829	1117
			1829	1118
			1830	1119
			1830	1120
			1830	1121
			1830	1122
			1830	1123
			1831	1124
			1831	1125
			1831	1126
			1831	1127
			1831	1128
			1831	1129
			1832	1130
			1832	1131
			1832	1132
			1832	1133
			1832	1134
			1832	1135
			1832	1136
			1832	1137
			1832	1138
			1831	1139
			1831	1140
			1831	1141
			1831	1142
			1831	1143
			1831	1144
			1830	1145
			1830	1146
			1830	1147
			1830	1148
			1830	1149
			1829	1150
			1829	1151
			1829	1152
			1829	1153
			1828	1154
			1828	1155
			1828	1156
			1828	1157
			1827	1158
			1827	1159
			1827	1160
			1826	1161
			1826	1162
			1826	1163
			1825	1164
			1825	1165
			1825	1166
			1824	1167
			1824	1168
		</Pectfin>
		<Opercle type=matrix rownames=FALSE colnames=FALSE nrow=163 ncol=2 as.numeric=TRUE >
			1820	1041
			1820	1042
			1821	1043
			1821	1044
			1821	1045
			1821	1046
			1821	1047
			1822	1048
			1822	1049
			1822	1050
			1822	1051
			1822	1052
			1822	1053
			1823	1053
			1823	1054
			1823	1055
			1823	1056
			1823	1057
			1823	1058
			1823	1059
			1823	1060
			1823	1061
			1823	1062
			1823	1063
			1823	1064
			1823	1065
			1823	1066
			1823	1067
			1823	1068
			1823	1069
			1823	1070
			1823	1071
			1823	1072
			1823	1073
			1822	1074
			1822	1075
			1822	1076
			1822	1077
			1822	1078
			1822	1079
			1821	1080
			1821	1081
			1821	1082
			1820	1083
			1820	1084
			1819	1084
			1819	1085
			1818	1086
			1817	1087
			1817	1088
			1816	1088
			1816	1089
			1815	1090
			1815	1091
			1814	1092
			1813	1093
			1812	1094
			1812	1095
			1811	1096
			1811	1097
			1810	1098
			1810	1099
			1809	1100
			1809	1101
			1808	1102
			1808	1103
			1807	1104
			1807	1105
			1806	1106
			1806	1107
			1805	1108
			1805	1109
			1805	1110
			1804	1111
			1804	1112
			1803	1113
			1803	1114
			1803	1115
			1802	1116
			1802	1117
			1802	1118
			1801	1119
			1801	1120
			1800	1121
			1799	1122
			1798	1123
			1797	1124
			1796	1125
			1795	1126
			1794	1127
			1793	1128
			1792	1129
			1791	1130
			1790	1130
			1790	1131
			1789	1131
			1788	1132
			1787	1133
			1786	1134
			1785	1135
			1784	1136
			1783	1136
			1782	1137
			1781	1138
			1780	1138
			1779	1139
			1778	1140
			1777	1140
			1776	1141
			1775	1142
			1774	1143
			1773	1143
			1772	1144
			1771	1144
			1771	1145
			1770	1145
			1769	1146
			1768	1147
			1767	1147
			1766	1148
			1765	1148
			1764	1149
			1763	1149
			1762	1150
			1761	1150
			1760	1151
			1759	1151
			1758	1151
			1757	1152
			1756	1152
			1755	1152
			1754	1152
			1753	1153
			1752	1153
			1751	1153
			1750	1153
			1749	1153
			1748	1153
			1747	1153
			1746	1154
			1745	1154
			1744	1154
			1743	1154
			1742	1153
			1741	1153
			1740	1153
			1739	1153
			1738	1153
			1737	1153
			1736	1153
			1735	1153
			1734	1152
			1733	1152
			1732	1152
			1731	1152
			1730	1151
			1729	1151
			1728	1151
			1727	1150
			1726	1150
			1725	1150
			1724	1149
			1723	1149
		</Opercle>
		<Preopercle type=matrix rownames=FALSE colnames=FALSE nrow=76 ncol=2 as.numeric=TRUE >
			1732	1077
			1732	1078
			1732	1079
			1732	1080
			1732	1081
			1731	1082
			1731	1083
			1731	1084
			1731	1085
			1731	1086
			1731	1087
			1731	1088
			1731	1089
			1731	1090
			1731	1091
			1731	1092
			1731	1093
			1730	1094
			1730	1095
			1730	1096
			1730	1097
			1730	1098
			1730	1099
			1730	1100
			1730	1101
			1730	1102
			1730	1103
			1730	1104
			1730	1105
			1730	1106
			1730	1107
			1729	1108
			1729	1109
			1729	1110
			1729	1111
			1729	1112
			1729	1113
			1729	1114
			1729	1115
			1729	1116
			1729	1117
			1729	1118
			1729	1119
			1729	1120
			1729	1121
			1729	1122
			1728	1123
			1728	1124
			1728	1125
			1728	1126
			1728	1127
			1728	1128
			1728	1129
			1728	1130
			1727	1131
			1727	1132
			1727	1133
			1727	1134
			1727	1135
			1727	1136
			1726	1136
			1726	1137
			1726	1138
			1726	1139
			1726	1140
			1725	1140
			1725	1141
			1725	1142
			1725	1143
			1725	1144
			1724	1144
			1724	1145
			1724	1146
			1724	1147
			1723	1148
			1723	1149
		</Preopercle>
	</curves.pixel>
	<curves.scaled type=list>
		<Eye type=matrix rownames=FALSE colnames=FALSE nrow=155 ncol=2 as.numeric=TRUE >
			67.5525176185917	-39.886636802492
			67.5923246413487	-39.926443825249
			67.6321316641057	-39.9662508480059
			67.6719386868626	-39.9662508480059
			67.7117457096196	-40.0060578707629
			67.7515527323766	-40.0458648935199
			67.7913597551336	-40.0856719162769
			67.8311667778905	-40.1254789390338
			67.8709738006475	-40.1652859617908
			67.9107808234045	-40.2050929845478
			67.9505878461615	-40.2449000073048
			67.9903948689185	-40.2847070300618
			68.0302018916754	-40.3245140528187
			68.0700089144324	-40.3643210755757
			68.0700089144324	-40.4041280983327
			68.1098159371894	-40.4439351210897
			68.1098159371894	-40.4837421438466
			68.1496229599464	-40.5235491666036
			68.1496229599464	-40.5633561893606
			68.1496229599464	-40.6031632121176
			68.1894299827033	-40.6429702348746
			68.1894299827033	-40.6827772576315
			68.1894299827033	-40.7225842803885
			68.1894299827033	-40.7623913031455
			68.1894299827033	-40.8021983259025
			68.1894299827033	-40.8420053486594
			68.1894299827033	-40.8818123714164
			68.1894299827033	-40.9216193941734
			68.1496229599464	-40.9614264169304
			68.1496229599464	-41.0012334396874
			68.1496229599464	-41.0410404624443
			68.1098159371894	-41.0808474852013
			68.1098159371894	-41.1206545079583
			68.1098159371894	-41.1604615307153
			68.0700089144324	-41.2002685534722
			68.0302018916754	-41.2400755762292
			68.0302018916754	-41.2798825989862
			67.9903948689185	-41.3196896217432
			67.9505878461615	-41.3594966445002
			67.9505878461615	-41.3993036672571
			67.9107808234045	-41.4391106900141
			67.8709738006475	-41.4789177127711
			67.8311667778905	-41.5187247355281
			67.7913597551336	-41.558531758285
			67.7515527323766	-41.598338781042
			67.7117457096196	-41.638145803799
			67.6719386868626	-41.677952826556
			67.6321316641057	-41.677952826556
			67.5923246413487	-41.717759849313
			67.5525176185917	-41.7575668720699
			67.5127105958347	-41.7973738948269
			67.4729035730777	-41.8371809175839
			67.4330965503208	-41.8371809175839
			67.3932895275638	-41.8769879403409
			67.3534825048068	-41.9167949630979
			67.3136754820498	-41.9566019858548
			67.2738684592929	-41.9566019858548
			67.2340614365359	-41.9566019858548
			67.1942544137789	-41.9566019858548
			67.1544473910219	-41.9566019858548
			67.1146403682649	-41.9566019858548
			67.074833345508	-41.9566019858548
			67.035026322751	-41.9566019858548
			66.995219299994	-41.9566019858548
			66.955412277237	-41.9566019858548
			66.9156052544801	-41.9566019858548
			66.8757982317231	-41.9566019858548
			66.8359912089661	-41.9566019858548
			66.7961841862091	-41.9566019858548
			66.7961841862091	-41.9167949630979
			66.7563771634521	-41.9167949630979
			66.7165701406952	-41.9167949630979
			66.6767631179382	-41.9167949630979
			66.6369560951812	-41.9167949630979
			66.5971490724242	-41.8769879403409
			66.5573420496673	-41.8769879403409
			66.5175350269103	-41.8769879403409
			66.4777280041533	-41.8371809175839
			66.4379209813963	-41.8371809175839
			66.3981139586393	-41.7973738948269
			66.3583069358824	-41.7973738948269
			66.3184999131254	-41.7575668720699
			66.2786928903684	-41.717759849313
			66.2388858676114	-41.677952826556
			66.1990788448544	-41.638145803799
			66.1592718220975	-41.638145803799
			66.1194647993405	-41.598338781042
			66.1194647993405	-41.558531758285
			66.0796577765835	-41.5187247355281
			66.0398507538265	-41.4789177127711
			66.0398507538265	-41.4391106900141
			66.0398507538265	-41.3993036672571
			66.0000437310696	-41.3993036672571
			66.0000437310696	-41.3594966445002
			66.0000437310696	-41.3196896217432
			66.0000437310696	-41.2798825989862
			65.9602367083126	-41.2798825989862
			65.9602367083126	-41.2400755762292
			65.9602367083126	-41.2002685534722
			65.9602367083126	-41.1604615307153
			65.9602367083126	-41.1206545079583
			65.9204296855556	-41.0808474852013
			65.9204296855556	-41.0410404624443
			65.9204296855556	-41.0012334396874
			65.9204296855556	-40.9614264169304
			65.9204296855556	-40.9216193941734
			65.9204296855556	-40.8818123714164
			65.9602367083126	-40.8420053486594
			65.9602367083126	-40.8021983259025
			66.0000437310696	-40.7623913031455
			66.0000437310696	-40.7225842803885
			66.0398507538265	-40.6827772576315
			66.0398507538265	-40.6429702348746
			66.0796577765835	-40.6031632121176
			66.0796577765835	-40.5633561893606
			66.1194647993405	-40.5633561893606
			66.1592718220975	-40.5235491666036
			66.1592718220975	-40.4837421438466
			66.1990788448544	-40.4439351210897
			66.2388858676114	-40.4041280983327
			66.2786928903684	-40.3643210755757
			66.3184999131254	-40.3245140528187
			66.3583069358824	-40.2847070300618
			66.3583069358824	-40.2449000073048
			66.3981139586393	-40.2449000073048
			66.4379209813963	-40.2050929845478
			66.4777280041533	-40.1652859617908
			66.5175350269103	-40.1254789390338
			66.5573420496673	-40.0856719162769
			66.5971490724242	-40.0856719162769
			66.6369560951812	-40.0458648935199
			66.6767631179382	-40.0458648935199
			66.7165701406952	-40.0060578707629
			66.7563771634521	-40.0060578707629
			66.7961841862091	-39.9662508480059
			66.8359912089661	-39.9662508480059
			66.8757982317231	-39.9662508480059
			66.8757982317231	-39.926443825249
			66.9156052544801	-39.926443825249
			66.955412277237	-39.926443825249
			66.995219299994	-39.926443825249
			67.035026322751	-39.926443825249
			67.074833345508	-39.886636802492
			67.1146403682649	-39.886636802492
			67.1544473910219	-39.886636802492
			67.1942544137789	-39.886636802492
			67.2340614365359	-39.886636802492
			67.2738684592929	-39.886636802492
			67.3136754820498	-39.886636802492
			67.3534825048068	-39.886636802492
			67.3932895275638	-39.886636802492
			67.4330965503208	-39.886636802492
			67.4729035730777	-39.886636802492
			67.5127105958347	-39.886636802492
			67.5525176185917	-39.886636802492
		</Eye>
		<Head type=matrix rownames=FALSE colnames=FALSE nrow=461 ncol=2 as.numeric=TRUE >
			64.2883417525195	-41.0012334396874
			64.3281487752765	-40.9614264169304
			64.3679557980335	-40.9216193941734
			64.4077628207904	-40.8818123714164
			64.4475698435474	-40.8818123714164
			64.4873768663044	-40.8420053486594
			64.5271838890614	-40.8021983259025
			64.5669909118184	-40.7623913031455
			64.6067979345753	-40.7225842803885
			64.6466049573323	-40.7225842803885
			64.6466049573323	-40.6827772576315
			64.6864119800893	-40.6827772576315
			64.7262190028463	-40.6429702348746
			64.7660260256032	-40.6031632121176
			64.8058330483602	-40.5633561893606
			64.8456400711172	-40.5633561893606
			64.8854470938742	-40.5235491666036
			64.9252541166312	-40.5235491666036
			64.9650611393881	-40.4837421438466
			65.0048681621451	-40.4837421438466
			65.0048681621451	-40.4439351210897
			65.0446751849021	-40.4041280983327
			65.0844822076591	-40.4041280983327
			65.124289230416	-40.3643210755757
			65.164096253173	-40.3643210755757
			65.20390327593	-40.3245140528187
			65.243710298687	-40.3245140528187
			65.243710298687	-40.2847070300618
			65.283517321444	-40.2449000073048
			65.3233243442009	-40.2449000073048
			65.3631313669579	-40.2050929845478
			65.4029383897149	-40.2050929845478
			65.4427454124719	-40.1652859617908
			65.4825524352288	-40.1652859617908
			65.5223594579858	-40.1254789390338
			65.5223594579858	-40.0856719162769
			65.5621664807428	-40.0856719162769
			65.6019735034998	-40.0458648935199
			65.6417805262568	-40.0458648935199
			65.6815875490137	-40.0060578707629
			65.7213945717707	-40.0060578707629
			65.7612015945277	-39.9662508480059
			65.8010086172847	-39.9662508480059
			65.8408156400416	-39.926443825249
			65.8806226627986	-39.926443825249
			65.9204296855556	-39.886636802492
			65.9602367083126	-39.846829779735
			66.0000437310696	-39.846829779735
			66.0398507538265	-39.807022756978
			66.0796577765835	-39.807022756978
			66.1194647993405	-39.767215734221
			66.1592718220975	-39.7274087114641
			66.1990788448544	-39.7274087114641
			66.2388858676114	-39.7274087114641
			66.2786928903684	-39.6876016887071
			66.3184999131254	-39.6876016887071
			66.3184999131254	-39.6477946659501
			66.3583069358824	-39.6477946659501
			66.3981139586393	-39.6079876431931
			66.4379209813963	-39.6079876431931
			66.4777280041533	-39.5681806204362
			66.5175350269103	-39.5681806204362
			66.5573420496673	-39.5681806204362
			66.5573420496673	-39.5283735976792
			66.5971490724242	-39.5283735976792
			66.6369560951812	-39.4885665749222
			66.6767631179382	-39.4885665749222
			66.7165701406952	-39.4885665749222
			66.7563771634521	-39.4487595521652
			66.7961841862091	-39.4487595521652
			66.7961841862091	-39.4089525294082
			66.8359912089661	-39.4089525294082
			66.8757982317231	-39.3691455066513
			66.9156052544801	-39.3691455066513
			66.955412277237	-39.3691455066513
			66.995219299994	-39.3293384838943
			67.035026322751	-39.3293384838943
			67.074833345508	-39.2895314611373
			67.1146403682649	-39.2895314611373
			67.1544473910219	-39.2497244383803
			67.1942544137789	-39.2497244383803
			67.2340614365359	-39.2099174156234
			67.2738684592929	-39.2099174156234
			67.3136754820498	-39.2099174156234
			67.3534825048068	-39.1701103928664
			67.3932895275638	-39.1701103928664
			67.4330965503208	-39.1303033701094
			67.4729035730777	-39.1303033701094
			67.5127105958347	-39.1303033701094
			67.5127105958347	-39.0904963473524
			67.5525176185917	-39.0904963473524
			67.5923246413487	-39.0904963473524
			67.6321316641057	-39.0506893245954
			67.6719386868626	-39.0506893245954
			67.7117457096196	-39.0108823018385
			67.7515527323766	-39.0108823018385
			67.7913597551336	-39.0108823018385
			67.8311667778905	-38.9710752790815
			67.8709738006475	-38.9710752790815
			67.9107808234045	-38.9710752790815
			67.9505878461615	-38.9312682563245
			67.9903948689185	-38.9312682563245
			68.0302018916754	-38.8914612335675
			68.0700089144324	-38.8914612335675
			68.1098159371894	-38.8914612335675
			68.1496229599464	-38.8516542108105
			68.1894299827033	-38.8516542108105
			68.2292370054603	-38.8516542108105
			68.2690440282173	-38.8118471880536
			68.3088510509743	-38.8118471880536
			68.3486580737313	-38.7720401652966
			68.3884650964882	-38.7720401652966
			68.4282721192452	-38.7720401652966
			68.4680791420022	-38.7322331425396
			68.5078861647592	-38.7322331425396
			68.5476931875161	-38.7322331425396
			68.5875002102731	-38.6924261197826
			68.6273072330301	-38.6924261197826
			68.6671142557871	-38.6924261197826
			68.7069212785441	-38.6924261197826
			68.746728301301	-38.6526190970257
			68.786535324058	-38.6526190970257
			68.826342346815	-38.6526190970257
			68.866149369572	-38.6128120742687
			68.9059563923289	-38.6128120742687
			68.9457634150859	-38.6128120742687
			68.9855704378429	-38.5730050515117
			69.0253774605999	-38.5730050515117
			69.0651844833569	-38.5730050515117
			69.1049915061138	-38.5331980287547
			69.1447985288708	-38.5331980287547
			69.1846055516278	-38.5331980287547
			69.2244125743848	-38.5331980287547
			69.2244125743848	-38.4933910059977
			69.2642195971418	-38.4933910059977
			69.3040266198987	-38.4933910059977
			69.3438336426557	-38.4535839832408
			69.3836406654127	-38.4535839832408
			69.4234476881697	-38.4535839832408
			69.4632547109266	-38.4535839832408
			69.4632547109266	-38.4137769604838
			69.5030617336836	-38.4137769604838
			69.5428687564406	-38.4137769604838
			69.5826757791976	-38.3739699377268
			69.6224828019546	-38.3739699377268
			69.6622898247115	-38.3739699377268
			69.7020968474685	-38.3341629149698
			69.7419038702255	-38.3341629149698
			69.7817108929825	-38.2943558922129
			69.8215179157394	-38.2943558922129
			69.8613249384964	-38.2943558922129
			69.8613249384964	-38.2545488694559
			69.9011319612534	-38.2545488694559
			69.9409389840104	-38.2545488694559
			69.9807460067674	-38.2147418466989
			70.0205530295243	-38.2147418466989
			70.0603600522813	-38.1749348239419
			70.1001670750383	-38.1749348239419
			70.1399740977953	-38.1749348239419
			70.1797811205522	-38.1351278011849
			70.2195881433092	-38.1351278011849
			70.2593951660662	-38.1351278011849
			70.2992021888232	-38.095320778428
			70.3390092115802	-38.095320778428
			70.3788162343371	-38.095320778428
			70.4186232570941	-38.055513755671
			70.4584302798511	-38.055513755671
			70.4982373026081	-38.055513755671
			70.538044325365	-38.015706732914
			70.577851348122	-38.015706732914
			70.617658370879	-38.015706732914
			70.657465393636	-37.975899710157
			70.697272416393	-37.975899710157
			70.7370794391499	-37.975899710157
			70.7768864619069	-37.9360926874001
			70.8166934846639	-37.9360926874001
			70.8565005074209	-37.9360926874001
			70.8963075301779	-37.8962856646431
			70.9361145529348	-37.8962856646431
			70.9759215756918	-37.8962856646431
			71.0157285984488	-37.8564786418861
			71.0555356212058	-37.8564786418861
			71.0953426439627	-37.8564786418861
			71.1351496667197	-37.8564786418861
			71.1351496667197	-37.8166716191291
			71.1749566894767	-37.8166716191291
			71.2147637122337	-37.8166716191291
			71.2545707349907	-37.8166716191291
			71.2943777577476	-37.7768645963721
			71.3341847805046	-37.7768645963721
			71.3739918032616	-37.7768645963721
			71.4137988260186	-37.7370575736152
			71.4536058487755	-37.7370575736152
			71.4934128715325	-37.7370575736152
			71.5332198942895	-37.7370575736152
			71.5730269170465	-37.6972505508582
			71.6128339398035	-37.6972505508582
			71.6526409625604	-37.6972505508582
			71.6924479853174	-37.6574435281012
			71.7322550080744	-37.6574435281012
			71.7720620308314	-37.6574435281012
			71.8118690535884	-37.6574435281012
			71.8516760763453	-37.6176365053442
			71.8914830991023	-37.6176365053442
			71.9312901218593	-37.6176365053442
			71.9710971446163	-37.6176365053442
			72.0109041673732	-37.5778294825872
			72.0507111901302	-37.5778294825872
			72.0905182128872	-37.5778294825872
			72.1303252356442	-37.5380224598303
			72.1701322584012	-37.5380224598303
			72.2099392811581	-37.5380224598303
			72.2497463039151	-37.5380224598303
			72.2895533266721	-37.4982154370733
			72.3293603494291	-37.4982154370733
			72.369167372186	-37.4982154370733
			72.408974394943	-37.4982154370733
			72.4487814177	-37.4584084143163
			72.488588440457	-37.4584084143163
			72.528395463214	-37.4584084143163
			72.5682024859709	-37.4584084143163
			72.6080095087279	-37.4186013915593
			72.6478165314849	-37.4186013915593
			72.6876235542419	-37.4186013915593
			72.7274305769988	-37.4186013915593
			72.7672375997558	-37.4186013915593
			72.8070446225128	-37.3787943688024
			72.8468516452698	-37.3787943688024
			72.8866586680268	-37.3787943688024
			72.9264656907837	-37.3787943688024
			72.9662727135407	-37.3389873460454
			73.0060797362977	-37.3389873460454
			73.0458867590547	-37.3389873460454
			73.0856937818116	-37.3389873460454
			73.1255008045686	-37.3389873460454
			73.1255008045686	-37.2991803232884
			73.1653078273256	-37.2991803232884
			73.2051148500826	-37.2991803232884
			73.2449218728396	-37.2991803232884
			73.2847288955965	-37.2991803232884
			73.3245359183535	-37.2991803232884
			73.3643429411105	-37.2593733005314
			73.4041499638675	-37.2593733005314
			73.4439569866244	-37.2593733005314
			73.4837640093814	-37.2593733005314
			73.5235710321384	-37.2195662777744
			73.5633780548954	-37.2195662777744
			73.6031850776524	-37.2195662777744
			73.6429921004093	-37.2195662777744
			73.6827991231663	-37.1797592550175
			73.7226061459233	-37.1797592550175
			73.7624131686803	-37.1797592550175
			73.8022201914372	-37.1797592550175
			73.8420272141942	-37.1797592550175
			73.8818342369512	-37.1797592550175
			73.9216412597082	-37.1399522322605
			73.9614482824652	-37.1399522322605
			74.0012553052221	-37.1399522322605
			74.0410623279791	-37.1399522322605
			74.0808693507361	-37.1399522322605
			74.1206763734931	-37.1001452095035
			74.16048339625	-37.1001452095035
			74.200290419007	-37.1001452095035
			74.240097441764	-37.1001452095035
			74.279904464521	-37.1001452095035
			74.319711487278	-37.1001452095035
			74.3595185100349	-37.0603381867465
			74.3993255327919	-37.0603381867465
			74.4391325555489	-37.0603381867465
			74.4789395783059	-37.0603381867465
			74.5187466010629	-37.0603381867465
			74.5585536238198	-37.0603381867465
			74.5983606465768	-37.0205311639896
			74.6381676693338	-37.0205311639896
			74.6779746920908	-37.0205311639896
			74.7177817148477	-37.0205311639896
			74.7575887376047	-37.0205311639896
			74.7973957603617	-37.0205311639896
			74.8372027831187	-37.0205311639896
			74.8770098058757	-36.9807241412326
			74.9168168286326	-36.9807241412326
			74.9566238513896	-36.9807241412326
			74.9964308741466	-36.9807241412326
			75.0362378969036	-36.9807241412326
			75.0760449196605	-36.9807241412326
			75.1158519424175	-36.9807241412326
			75.1556589651745	-36.9409171184756
			75.1954659879315	-36.9409171184756
			75.2352730106885	-36.9409171184756
			75.2750800334454	-36.9409171184756
			75.3148870562024	-36.9409171184756
			75.3546940789594	-36.9409171184756
			75.3945011017164	-36.9409171184756
			75.4343081244733	-36.9409171184756
			75.4741151472303	-36.9011100957186
			75.5139221699873	-36.9011100957186
			75.5537291927443	-36.9011100957186
			75.5935362155013	-36.9011100957186
			75.6333432382582	-36.9011100957186
			75.6731502610152	-36.9011100957186
			75.7129572837722	-36.9011100957186
			75.7527643065292	-36.9011100957186
			75.7925713292861	-36.9011100957186
			75.8323783520431	-36.8613030729616
			75.8721853748001	-36.8613030729616
			75.9119923975571	-36.8613030729616
			75.9517994203141	-36.8613030729616
			75.991606443071	-36.8613030729616
			76.031413465828	-36.8613030729616
			76.071220488585	-36.8613030729616
			76.111027511342	-36.8613030729616
			76.1508345340989	-36.8613030729616
			76.1906415568559	-36.8613030729616
			76.2304485796129	-36.8214960502047
			76.2702556023699	-36.8214960502047
			76.3100626251269	-36.8214960502047
			76.3498696478838	-36.8214960502047
			76.3896766706408	-36.8214960502047
			76.4294836933978	-36.8214960502047
			76.4692907161548	-36.8214960502047
			76.5090977389117	-36.8214960502047
			76.5489047616687	-36.8214960502047
			76.5887117844257	-36.8214960502047
			76.6285188071827	-36.8214960502047
			76.6683258299397	-36.8214960502047
			76.7081328526967	-36.8214960502047
			76.7479398754536	-36.7816890274477
			76.7877468982106	-36.7816890274477
			76.8275539209676	-36.7816890274477
			76.8673609437245	-36.7816890274477
			76.9071679664815	-36.7816890274477
			76.9469749892385	-36.7816890274477
			76.9867820119955	-36.7816890274477
			77.0265890347525	-36.7816890274477
			77.0663960575095	-36.7816890274477
			77.1062030802664	-36.7816890274477
			77.1460101030234	-36.7816890274477
			77.1858171257804	-36.7816890274477
			77.2256241485374	-36.7816890274477
			77.2654311712943	-36.7816890274477
			77.3052381940513	-36.7816890274477
			77.3450452168083	-36.7816890274477
			77.3848522395653	-36.7816890274477
			77.4246592623223	-36.7816890274477
			77.4644662850792	-36.7816890274477
			77.5042733078362	-36.7816890274477
			77.5440803305932	-36.7816890274477
			77.5838873533502	-36.7816890274477
			77.6236943761071	-36.7816890274477
			77.6635013988641	-36.7816890274477
			77.7033084216211	-36.7816890274477
			77.7431154443781	-36.7816890274477
			77.7829224671351	-36.7816890274477
			77.822729489892	-36.7816890274477
			77.862536512649	-36.7816890274477
			77.902343535406	-36.7816890274477
			77.942150558163	-36.7816890274477
			77.9819575809199	-36.7816890274477
			78.0217646036769	-36.7816890274477
			78.0615716264339	-36.7816890274477
			78.1013786491909	-36.7816890274477
			78.1411856719479	-36.7816890274477
			78.1809926947048	-36.7816890274477
			78.2207997174618	-36.7816890274477
			78.2606067402188	-36.7816890274477
			78.3004137629758	-36.7816890274477
			78.3402207857327	-36.7816890274477
			78.3800278084897	-36.7816890274477
			78.4198348312467	-36.7816890274477
			78.4596418540037	-36.7816890274477
			78.4994488767607	-36.7816890274477
			78.5392558995176	-36.7816890274477
			78.5790629222746	-36.7816890274477
			78.6188699450316	-36.7816890274477
			78.6586769677886	-36.7816890274477
			78.6984839905455	-36.7816890274477
			78.7382910133025	-36.7816890274477
			78.7780980360595	-36.8214960502047
			78.8179050588165	-36.8214960502047
			78.8577120815735	-36.8214960502047
			78.8975191043304	-36.8214960502047
			78.9373261270874	-36.8214960502047
			78.9771331498444	-36.8214960502047
			79.0169401726014	-36.8214960502047
			79.0567471953583	-36.8214960502047
			79.0965542181153	-36.8214960502047
			79.1363612408723	-36.8214960502047
			79.1761682636293	-36.8214960502047
			79.2159752863863	-36.8214960502047
			79.2557823091432	-36.8214960502047
			79.2955893319002	-36.8214960502047
			79.3353963546572	-36.8214960502047
			79.3752033774142	-36.8613030729616
			79.4150104001712	-36.8613030729616
			79.4548174229281	-36.8613030729616
			79.4946244456851	-36.8613030729616
			79.5344314684421	-36.8613030729616
			79.5742384911991	-36.8613030729616
			79.614045513956	-36.8613030729616
			79.653852536713	-36.8613030729616
			79.69365955947	-36.8613030729616
			79.733466582227	-36.8613030729616
			79.773273604984	-36.8613030729616
			79.8130806277409	-36.8613030729616
			79.8528876504979	-36.9011100957186
			79.8926946732549	-36.9011100957186
			79.9325016960119	-36.9011100957186
			79.9723087187688	-36.9011100957186
			80.0121157415258	-36.9011100957186
			80.0519227642828	-36.9011100957186
			80.0917297870398	-36.9011100957186
			80.1315368097968	-36.9011100957186
			80.1713438325537	-36.9011100957186
			80.2111508553107	-36.9011100957186
			80.2509578780677	-36.9011100957186
			80.2907649008247	-36.9011100957186
			80.3305719235816	-36.9011100957186
			80.3703789463386	-36.9011100957186
			80.4101859690956	-36.9011100957186
			80.4499929918526	-36.9011100957186
			80.4898000146096	-36.9011100957186
			80.5296070373665	-36.9011100957186
			80.5694140601235	-36.9011100957186
			80.6092210828805	-36.9011100957186
			80.6490281056375	-36.9011100957186
			80.6888351283944	-36.9011100957186
			80.7286421511514	-36.9011100957186
			80.7684491739084	-36.9011100957186
			80.8082561966654	-36.9011100957186
			80.8480632194224	-36.9011100957186
			80.8878702421793	-36.9011100957186
			80.9276772649363	-36.9011100957186
			80.9674842876933	-36.9011100957186
			81.0072913104503	-36.9409171184756
			81.0470983332072	-36.9409171184756
			81.0869053559642	-36.9409171184756
			81.1267123787212	-36.9409171184756
			81.1665194014782	-36.9409171184756
			81.2063264242352	-36.9409171184756
			81.2461334469921	-36.9409171184756
			81.2859404697491	-36.9409171184756
			81.3257474925061	-36.9409171184756
			81.3655545152631	-36.9807241412326
			81.40536153802	-36.9807241412326
			81.445168560777	-36.9807241412326
			81.484975583534	-36.9807241412326
			81.524782606291	-36.9807241412326
			81.564589629048	-36.9807241412326
			81.6043966518049	-36.9807241412326
			81.6442036745619	-37.0205311639896
			81.6840106973189	-37.0205311639896
			81.7238177200759	-37.0205311639896
			81.7636247428328	-37.0205311639896
			81.8034317655898	-37.0205311639896
			81.8432387883468	-37.0603381867465
			81.8830458111038	-37.0603381867465
			81.9228528338608	-37.0603381867465
			81.9626598566177	-37.0603381867465
			82.0024668793747	-37.0603381867465
			82.0422739021317	-37.1001452095035
			82.0820809248887	-37.1001452095035
		</Head>
		<Tail1 type=matrix rownames=FALSE colnames=FALSE nrow=344 ncol=2 as.numeric=TRUE >
			82.0820809248887	-37.1001452095035
			82.1218879476457	-37.1001452095035
			82.1616949704026	-37.1399522322605
			82.2015019931596	-37.1399522322605
			82.2413090159166	-37.1399522322605
			82.2811160386736	-37.1399522322605
			82.3209230614305	-37.1797592550175
			82.3607300841875	-37.1797592550175
			82.4005371069445	-37.1797592550175
			82.4403441297015	-37.2195662777744
			82.4801511524585	-37.2195662777744
			82.5199581752154	-37.2195662777744
			82.5597651979724	-37.2195662777744
			82.5995722207294	-37.2593733005314
			82.6393792434864	-37.2593733005314
			82.6791862662433	-37.2593733005314
			82.7189932890003	-37.2991803232884
			82.7588003117573	-37.2991803232884
			82.7986073345143	-37.2991803232884
			82.8384143572713	-37.2991803232884
			82.8782213800282	-37.3389873460454
			82.9180284027852	-37.3389873460454
			82.9578354255422	-37.3389873460454
			82.9976424482992	-37.3787943688024
			83.0374494710561	-37.3787943688024
			83.0772564938131	-37.3787943688024
			83.1170635165701	-37.4186013915593
			83.1568705393271	-37.4186013915593
			83.1966775620841	-37.4186013915593
			83.236484584841	-37.4584084143163
			83.276291607598	-37.4584084143163
			83.316098630355	-37.4584084143163
			83.355905653112	-37.4584084143163
			83.3957126758689	-37.4982154370733
			83.4355196986259	-37.4982154370733
			83.4753267213829	-37.4982154370733
			83.5151337441399	-37.5380224598303
			83.5549407668969	-37.5380224598303
			83.5947477896538	-37.5380224598303
			83.6345548124108	-37.5778294825872
			83.6743618351678	-37.5778294825872
			83.7141688579248	-37.5778294825872
			83.7539758806818	-37.6176365053442
			83.7937829034387	-37.6176365053442
			83.8335899261957	-37.6176365053442
			83.8733969489527	-37.6176365053442
			83.8733969489527	-37.6574435281012
			83.9132039717097	-37.6574435281012
			83.9530109944666	-37.6574435281012
			83.9928180172236	-37.6574435281012
			84.0326250399806	-37.6972505508582
			84.0724320627376	-37.6972505508582
			84.1122390854946	-37.6972505508582
			84.1520461082515	-37.6972505508582
			84.1520461082515	-37.7370575736152
			84.1918531310085	-37.7370575736152
			84.2316601537655	-37.7370575736152
			84.2714671765225	-37.7370575736152
			84.3112741992794	-37.7768645963721
			84.3510812220364	-37.7768645963721
			84.3908882447934	-37.7768645963721
			84.4306952675504	-37.8166716191291
			84.4705022903074	-37.8166716191291
			84.5103093130643	-37.8166716191291
			84.5501163358213	-37.8564786418861
			84.5899233585783	-37.8564786418861
			84.6297303813353	-37.8564786418861
			84.6695374040923	-37.8962856646431
			84.7093444268492	-37.8962856646431
			84.7491514496062	-37.8962856646431
			84.7889584723632	-37.8962856646431
			84.8287654951202	-37.9360926874001
			84.8685725178771	-37.9360926874001
			84.9083795406341	-37.9360926874001
			84.9481865633911	-37.975899710157
			84.9879935861481	-37.975899710157
			85.0278006089051	-37.975899710157
			85.067607631662	-38.015706732914
			85.107414654419	-38.015706732914
			85.147221677176	-38.015706732914
			85.187028699933	-38.055513755671
			85.2268357226899	-38.055513755671
			85.2666427454469	-38.055513755671
			85.3064497682039	-38.055513755671
			85.3462567909609	-38.095320778428
			85.3860638137179	-38.095320778428
			85.4258708364748	-38.095320778428
			85.4656778592318	-38.1351278011849
			85.5054848819888	-38.1351278011849
			85.5452919047458	-38.1351278011849
			85.5850989275027	-38.1749348239419
			85.6249059502597	-38.1749348239419
			85.6647129730167	-38.1749348239419
			85.7045199957737	-38.2147418466989
			85.7443270185307	-38.2147418466989
			85.7841340412876	-38.2147418466989
			85.8239410640446	-38.2147418466989
			85.8637480868016	-38.2545488694559
			85.9035551095586	-38.2545488694559
			85.9433621323155	-38.2545488694559
			85.9831691550725	-38.2943558922129
			86.0229761778295	-38.2943558922129
			86.0627832005865	-38.2943558922129
			86.1025902233435	-38.2943558922129
			86.1423972461004	-38.3341629149698
			86.1822042688574	-38.3341629149698
			86.2220112916144	-38.3341629149698
			86.2618183143714	-38.3341629149698
			86.3016253371283	-38.3739699377268
			86.3414323598853	-38.3739699377268
			86.3812393826423	-38.3739699377268
			86.4210464053993	-38.3739699377268
			86.4608534281563	-38.4137769604838
			86.5006604509132	-38.4137769604838
			86.5404674736702	-38.4137769604838
			86.5802744964272	-38.4137769604838
			86.6200815191842	-38.4535839832408
			86.6598885419411	-38.4535839832408
			86.6996955646981	-38.4535839832408
			86.7395025874551	-38.4535839832408
			86.7793096102121	-38.4933910059977
			86.8191166329691	-38.4933910059977
			86.858923655726	-38.4933910059977
			86.898730678483	-38.4933910059977
			86.93853770124	-38.5331980287547
			86.978344723997	-38.5331980287547
			87.0181517467539	-38.5331980287547
			87.0579587695109	-38.5331980287547
			87.0977657922679	-38.5331980287547
			87.1375728150249	-38.5730050515117
			87.1773798377819	-38.5730050515117
			87.2171868605388	-38.5730050515117
			87.2569938832958	-38.5730050515117
			87.2968009060528	-38.6128120742687
			87.3366079288098	-38.6128120742687
			87.3764149515668	-38.6128120742687
			87.4162219743237	-38.6128120742687
			87.4560289970807	-38.6526190970257
			87.4958360198377	-38.6526190970257
			87.5356430425947	-38.6526190970257
			87.5754500653516	-38.6526190970257
			87.6152570881086	-38.6526190970257
			87.6550641108656	-38.6924261197826
			87.6948711336226	-38.6924261197826
			87.7346781563796	-38.6924261197826
			87.7744851791365	-38.6924261197826
			87.8142922018935	-38.6924261197826
			87.8540992246505	-38.7322331425396
			87.8939062474075	-38.7322331425396
			87.9337132701644	-38.7322331425396
			87.9735202929214	-38.7322331425396
			88.0133273156784	-38.7322331425396
			88.0531343384354	-38.7720401652966
			88.0929413611924	-38.7720401652966
			88.1327483839493	-38.7720401652966
			88.1725554067063	-38.7720401652966
			88.2123624294633	-38.7720401652966
			88.2521694522203	-38.8118471880536
			88.2919764749772	-38.8118471880536
			88.3317834977342	-38.8118471880536
			88.3715905204912	-38.8118471880536
			88.4113975432482	-38.8118471880536
			88.4512045660052	-38.8516542108105
			88.4910115887621	-38.8516542108105
			88.5308186115191	-38.8516542108105
			88.5706256342761	-38.8516542108105
			88.6104326570331	-38.8516542108105
			88.65023967979	-38.8914612335675
			88.690046702547	-38.8914612335675
			88.729853725304	-38.8914612335675
			88.769660748061	-38.8914612335675
			88.809467770818	-38.8914612335675
			88.8492747935749	-38.9312682563245
			88.8890818163319	-38.9312682563245
			88.9288888390889	-38.9312682563245
			88.9686958618459	-38.9312682563245
			89.0085028846028	-38.9312682563245
			89.0483099073598	-38.9312682563245
			89.0881169301168	-38.9710752790815
			89.1279239528738	-38.9710752790815
			89.1677309756308	-38.9710752790815
			89.2075379983877	-38.9710752790815
			89.2473450211447	-38.9710752790815
			89.2473450211447	-39.0108823018385
			89.2871520439017	-39.0108823018385
			89.3269590666587	-39.0108823018385
			89.3667660894156	-39.0108823018385
			89.4065731121726	-39.0108823018385
			89.4463801349296	-39.0108823018385
			89.4861871576866	-39.0506893245954
			89.5259941804436	-39.0506893245954
			89.5658012032006	-39.0506893245954
			89.6056082259575	-39.0506893245954
			89.6454152487145	-39.0904963473524
			89.6852222714715	-39.0904963473524
			89.7250292942284	-39.0904963473524
			89.7648363169854	-39.0904963473524
			89.8046433397424	-39.0904963473524
			89.8444503624994	-39.0904963473524
			89.8842573852564	-39.1303033701094
			89.9240644080134	-39.1303033701094
			89.9638714307703	-39.1303033701094
			90.0036784535273	-39.1303033701094
			90.0434854762843	-39.1701103928664
			90.0832924990413	-39.1701103928664
			90.1230995217982	-39.1701103928664
			90.1629065445552	-39.1701103928664
			90.2027135673122	-39.1701103928664
			90.2425205900692	-39.2099174156234
			90.2823276128262	-39.2099174156234
			90.3221346355831	-39.2099174156234
			90.3619416583401	-39.2099174156234
			90.4017486810971	-39.2099174156234
			90.4415557038541	-39.2497244383803
			90.481362726611	-39.2497244383803
			90.521169749368	-39.2497244383803
			90.560976772125	-39.2497244383803
			90.600783794882	-39.2895314611373
			90.640590817639	-39.2895314611373
			90.6803978403959	-39.2895314611373
			90.7202048631529	-39.2895314611373
			90.7600118859099	-39.2895314611373
			90.7998189086669	-39.3293384838943
			90.8396259314238	-39.3293384838943
			90.8794329541808	-39.3293384838943
			90.9192399769378	-39.3293384838943
			90.9590469996948	-39.3691455066513
			90.9988540224518	-39.3691455066513
			91.0386610452087	-39.3691455066513
			91.0784680679657	-39.3691455066513
			91.1182750907227	-39.3691455066513
			91.1580821134797	-39.4089525294082
			91.1978891362366	-39.4089525294082
			91.2376961589936	-39.4089525294082
			91.2775031817506	-39.4089525294082
			91.3173102045076	-39.4089525294082
			91.3173102045076	-39.4487595521652
			91.3571172272646	-39.4487595521652
			91.3969242500215	-39.4487595521652
			91.4367312727785	-39.4487595521652
			91.4765382955355	-39.4487595521652
			91.5163453182925	-39.4885665749222
			91.5561523410494	-39.4885665749222
			91.5959593638064	-39.4885665749222
			91.6357663865634	-39.4885665749222
			91.6755734093204	-39.5283735976792
			91.7153804320774	-39.5283735976792
			91.7551874548343	-39.5283735976792
			91.7949944775913	-39.5283735976792
			91.8348015003483	-39.5283735976792
			91.8746085231053	-39.5681806204362
			91.9144155458622	-39.5681806204362
			91.9542225686192	-39.5681806204362
			91.9940295913762	-39.5681806204362
			91.9940295913762	-39.6079876431931
			92.0338366141332	-39.6079876431931
			92.0736436368902	-39.6079876431931
			92.1134506596471	-39.6079876431931
			92.1532576824041	-39.6079876431931
			92.1930647051611	-39.6477946659501
			92.2328717279181	-39.6477946659501
			92.2726787506751	-39.6477946659501
			92.312485773432	-39.6477946659501
			92.352292796189	-39.6477946659501
			92.352292796189	-39.6876016887071
			92.392099818946	-39.6876016887071
			92.431906841703	-39.6876016887071
			92.4717138644599	-39.6876016887071
			92.5115208872169	-39.6876016887071
			92.5115208872169	-39.7274087114641
			92.5513279099739	-39.7274087114641
			92.5911349327309	-39.7274087114641
			92.6309419554879	-39.7274087114641
			92.6707489782448	-39.7274087114641
			92.7105560010018	-39.767215734221
			92.7503630237588	-39.767215734221
			92.7901700465158	-39.767215734221
			92.8299770692727	-39.767215734221
			92.8697840920297	-39.767215734221
			92.9095911147867	-39.807022756978
			92.9493981375437	-39.807022756978
			92.9892051603007	-39.807022756978
			93.0290121830576	-39.807022756978
			93.0688192058146	-39.807022756978
			93.0688192058146	-39.846829779735
			93.1086262285716	-39.846829779735
			93.1484332513286	-39.846829779735
			93.1882402740855	-39.846829779735
			93.2280472968425	-39.846829779735
			93.2678543195995	-39.886636802492
			93.3076613423565	-39.886636802492
			93.3474683651135	-39.886636802492
			93.3872753878704	-39.886636802492
			93.4270824106274	-39.926443825249
			93.4668894333844	-39.926443825249
			93.5066964561414	-39.926443825249
			93.5465034788983	-39.926443825249
			93.5863105016553	-39.926443825249
			93.6261175244123	-39.9662508480059
			93.6659245471693	-39.9662508480059
			93.7057315699263	-39.9662508480059
			93.7455385926832	-39.9662508480059
			93.7853456154402	-40.0060578707629
			93.8251526381972	-40.0060578707629
			93.8649596609542	-40.0060578707629
			93.9047666837111	-40.0060578707629
			93.9445737064681	-40.0458648935199
			93.9843807292251	-40.0458648935199
			94.0241877519821	-40.0458648935199
			94.0639947747391	-40.0458648935199
			94.103801797496	-40.0458648935199
			94.143608820253	-40.0856719162769
			94.18341584301	-40.0856719162769
			94.223222865767	-40.0856719162769
			94.2630298885239	-40.0856719162769
			94.3028369112809	-40.1254789390338
			94.3426439340379	-40.1254789390338
			94.3824509567949	-40.1254789390338
			94.4222579795519	-40.1254789390338
			94.4620650023088	-40.1254789390338
			94.5018720250658	-40.1652859617908
			94.5416790478228	-40.1652859617908
			94.5814860705798	-40.1652859617908
			94.6212930933367	-40.1652859617908
			94.6611001160937	-40.2050929845478
			94.7009071388507	-40.2050929845478
			94.7407141616077	-40.2050929845478
			94.7805211843647	-40.2050929845478
			94.7805211843647	-40.2449000073048
			94.8203282071216	-40.2449000073048
			94.8601352298786	-40.2449000073048
			94.8999422526356	-40.2449000073048
			94.9397492753926	-40.2449000073048
			94.9795562981496	-40.2847070300618
			95.0193633209065	-40.2847070300618
			95.0591703436635	-40.2847070300618
			95.0989773664205	-40.2847070300618
			95.1387843891775	-40.3245140528187
			95.1785914119344	-40.3245140528187
			95.2183984346914	-40.3245140528187
			95.2582054574484	-40.3245140528187
			95.2980124802054	-40.3245140528187
			95.3378195029624	-40.3643210755757
			95.3776265257193	-40.3643210755757
		</Tail1>
		<End type=matrix rownames=FALSE colnames=FALSE nrow=185 ncol=2 as.numeric=TRUE >
			95.3776265257193	-40.3643210755757
			95.4174335484763	-40.3643210755757
			95.4572405712333	-40.3643210755757
			95.4970475939903	-40.3643210755757
			95.5368546167472	-40.3643210755757
			95.5766616395042	-40.3643210755757
			95.6164686622612	-40.3643210755757
			95.6562756850182	-40.3643210755757
			95.6960827077752	-40.3643210755757
			95.7358897305321	-40.3643210755757
			95.7756967532891	-40.3643210755757
			95.8155037760461	-40.3643210755757
			95.8553107988031	-40.3643210755757
			95.89511782156	-40.3643210755757
			95.934924844317	-40.3643210755757
			95.974731867074	-40.4041280983327
			96.014538889831	-40.4041280983327
			96.054345912588	-40.4041280983327
			96.0941529353449	-40.4041280983327
			96.1339599581019	-40.4041280983327
			96.1737669808589	-40.4041280983327
			96.2135740036159	-40.4041280983327
			96.2533810263728	-40.4439351210897
			96.2931880491298	-40.4439351210897
			96.3329950718868	-40.4439351210897
			96.3728020946438	-40.4439351210897
			96.4126091174008	-40.4439351210897
			96.4524161401577	-40.4837421438466
			96.4922231629147	-40.4837421438466
			96.5320301856717	-40.5235491666036
			96.5718372084287	-40.5235491666036
			96.6116442311857	-40.5235491666036
			96.6514512539426	-40.5633561893606
			96.6912582766996	-40.5633561893606
			96.7310652994566	-40.5633561893606
			96.7708723222136	-40.6031632121176
			96.8106793449705	-40.6031632121176
			96.8106793449705	-40.6429702348746
			96.8504863677275	-40.6429702348746
			96.8902933904845	-40.6827772576315
			96.9301004132415	-40.6827772576315
			96.9301004132415	-40.7225842803885
			96.9699074359985	-40.7225842803885
			97.0097144587554	-40.7623913031455
			97.0495214815124	-40.7623913031455
			97.0495214815124	-40.8021983259025
			97.0893285042694	-40.8021983259025
			97.0893285042694	-40.8420053486594
			97.1291355270264	-40.8420053486594
			97.1689425497833	-40.8818123714164
			97.1689425497833	-40.9216193941734
			97.2087495725403	-40.9216193941734
			97.2087495725403	-40.9614264169304
			97.2485565952973	-41.0012334396874
			97.2883636180543	-41.0410404624443
			97.2883636180543	-41.0808474852013
			97.3281706408113	-41.1206545079583
			97.3281706408113	-41.1604615307153
			97.3281706408113	-41.2002685534722
			97.3679776635682	-41.2400755762292
			97.3679776635682	-41.2798825989862
			97.3679776635682	-41.3196896217432
			97.4077846863252	-41.3594966445002
			97.4077846863252	-41.3993036672571
			97.4077846863252	-41.4391106900141
			97.4077846863252	-41.4789177127711
			97.3679776635682	-41.5187247355281
			97.3679776635682	-41.558531758285
			97.3679776635682	-41.598338781042
			97.3679776635682	-41.638145803799
			97.3679776635682	-41.677952826556
			97.3281706408113	-41.717759849313
			97.3281706408113	-41.7575668720699
			97.3281706408113	-41.7973738948269
			97.3281706408113	-41.8371809175839
			97.3281706408113	-41.8769879403409
			97.3281706408113	-41.9167949630979
			97.2883636180543	-41.9566019858548
			97.2883636180543	-41.9964090086118
			97.2883636180543	-42.0362160313688
			97.2883636180543	-42.0760230541258
			97.2883636180543	-42.1158300768827
			97.2883636180543	-42.1556370996397
			97.2485565952973	-42.1954441223967
			97.2485565952973	-42.2352511451537
			97.2485565952973	-42.2750581679107
			97.2485565952973	-42.3148651906676
			97.2485565952973	-42.3546722134246
			97.2485565952973	-42.3944792361816
			97.2485565952973	-42.4342862589386
			97.2485565952973	-42.4740932816955
			97.2485565952973	-42.5139003044525
			97.2485565952973	-42.5537073272095
			97.2087495725403	-42.5935143499665
			97.2087495725403	-42.6333213727235
			97.2087495725403	-42.6731283954804
			97.2087495725403	-42.7129354182374
			97.2087495725403	-42.7527424409944
			97.2087495725403	-42.7925494637514
			97.2087495725403	-42.8323564865083
			97.2087495725403	-42.8721635092653
			97.2087495725403	-42.9119705320223
			97.2087495725403	-42.9517775547793
			97.2087495725403	-42.9915845775363
			97.2087495725403	-43.0313916002932
			97.2087495725403	-43.0711986230502
			97.2087495725403	-43.1110056458072
			97.2087495725403	-43.1508126685642
			97.2087495725403	-43.1906196913212
			97.2087495725403	-43.2304267140781
			97.2087495725403	-43.2702337368351
			97.2087495725403	-43.3100407595921
			97.2087495725403	-43.3498477823491
			97.2087495725403	-43.389654805106
			97.2087495725403	-43.429461827863
			97.2087495725403	-43.46926885062
			97.2087495725403	-43.509075873377
			97.2087495725403	-43.548882896134
			97.2087495725403	-43.5886899188909
			97.2485565952973	-43.6284969416479
			97.2485565952973	-43.6683039644049
			97.2485565952973	-43.7081109871619
			97.2485565952973	-43.7479180099188
			97.2485565952973	-43.7877250326758
			97.2485565952973	-43.8275320554328
			97.2485565952973	-43.8673390781898
			97.2485565952973	-43.9071461009468
			97.2883636180543	-43.9071461009468
			97.2883636180543	-43.9469531237037
			97.2883636180543	-43.9867601464607
			97.2883636180543	-44.0265671692177
			97.2883636180543	-44.0663741919747
			97.3281706408113	-44.1061812147316
			97.3281706408113	-44.1459882374886
			97.3281706408113	-44.1857952602456
			97.3281706408113	-44.2256022830026
			97.2883636180543	-44.2654093057596
			97.2485565952973	-44.3052163285165
			97.2485565952973	-44.3450233512735
			97.2087495725403	-44.3848303740305
			97.1689425497833	-44.4246373967875
			97.1291355270264	-44.4644444195444
			97.0893285042694	-44.5042514423014
			97.0495214815124	-44.5440584650584
			97.0097144587554	-44.5838654878154
			96.9699074359985	-44.5838654878154
			96.9301004132415	-44.6236725105724
			96.8902933904845	-44.6634795333293
			96.8504863677275	-44.7032865560863
			96.8106793449705	-44.7430935788433
			96.7708723222136	-44.7430935788433
			96.7310652994566	-44.7829006016003
			96.6912582766996	-44.7829006016003
			96.6514512539426	-44.8227076243572
			96.6116442311857	-44.8625146471142
			96.5718372084287	-44.8625146471142
			96.5320301856717	-44.8625146471142
			96.4922231629147	-44.9023216698712
			96.4524161401577	-44.9023216698712
			96.4126091174008	-44.9421286926282
			96.3728020946438	-44.9421286926282
			96.3329950718868	-44.9819357153852
			96.2931880491298	-44.9819357153852
			96.2533810263728	-44.9819357153852
			96.2135740036159	-45.0217427381421
			96.1737669808589	-45.0217427381421
			96.1339599581019	-45.0217427381421
			96.0941529353449	-45.0615497608991
			96.054345912588	-45.0615497608991
			96.014538889831	-45.1013567836561
			95.974731867074	-45.1013567836561
			95.934924844317	-45.1013567836561
			95.89511782156	-45.1411638064131
			95.8553107988031	-45.1411638064131
			95.8155037760461	-45.1411638064131
			95.7756967532891	-45.1809708291701
			95.7358897305321	-45.1809708291701
			95.6960827077752	-45.1809708291701
			95.6562756850182	-45.1809708291701
			95.6164686622612	-45.220777851927
			95.5766616395042	-45.220777851927
			95.5368546167472	-45.220777851927
			95.4970475939903	-45.260584874684
			95.4572405712333	-45.260584874684
			95.4174335484763	-45.260584874684
		</End>
		<Tail2 type=matrix rownames=FALSE colnames=FALSE nrow=187 ncol=2 as.numeric=TRUE >
			95.4174335484763	-45.260584874684
			95.3776265257193	-45.260584874684
			95.3378195029624	-45.260584874684
			95.2980124802054	-45.260584874684
			95.2582054574484	-45.260584874684
			95.2183984346914	-45.260584874684
			95.1785914119344	-45.260584874684
			95.1387843891775	-45.260584874684
			95.0989773664205	-45.260584874684
			95.0989773664205	-45.220777851927
			95.0591703436635	-45.220777851927
			95.0193633209065	-45.220777851927
			94.9795562981496	-45.220777851927
			94.9397492753926	-45.220777851927
			94.8999422526356	-45.220777851927
			94.8601352298786	-45.220777851927
			94.8203282071216	-45.220777851927
			94.7805211843647	-45.220777851927
			94.7407141616077	-45.220777851927
			94.7009071388507	-45.220777851927
			94.6611001160937	-45.220777851927
			94.6212930933367	-45.220777851927
			94.5814860705798	-45.220777851927
			94.5416790478228	-45.220777851927
			94.5018720250658	-45.220777851927
			94.4620650023088	-45.220777851927
			94.4222579795519	-45.220777851927
			94.3824509567949	-45.220777851927
			94.3426439340379	-45.220777851927
			94.3028369112809	-45.220777851927
			94.2630298885239	-45.1809708291701
			94.223222865767	-45.1809708291701
			94.18341584301	-45.1809708291701
			94.143608820253	-45.1809708291701
			94.103801797496	-45.1809708291701
			94.0639947747391	-45.1809708291701
			94.0241877519821	-45.1809708291701
			93.9843807292251	-45.1809708291701
			93.9445737064681	-45.1809708291701
			93.9047666837111	-45.1809708291701
			93.8649596609542	-45.1809708291701
			93.8251526381972	-45.1809708291701
			93.7853456154402	-45.1809708291701
			93.7455385926832	-45.1809708291701
			93.7057315699263	-45.1809708291701
			93.6659245471693	-45.1809708291701
			93.6261175244123	-45.1809708291701
			93.5863105016553	-45.1809708291701
			93.5465034788983	-45.1809708291701
			93.5066964561414	-45.1809708291701
			93.4668894333844	-45.1809708291701
			93.4270824106274	-45.1809708291701
			93.3872753878704	-45.1809708291701
			93.3474683651135	-45.1809708291701
			93.3076613423565	-45.1809708291701
			93.2678543195995	-45.1809708291701
			93.2280472968425	-45.1809708291701
			93.1882402740855	-45.1809708291701
			93.1484332513286	-45.1809708291701
			93.1086262285716	-45.1809708291701
			93.0688192058146	-45.1809708291701
			93.0290121830576	-45.1809708291701
			92.9892051603007	-45.1809708291701
			92.9493981375437	-45.1809708291701
			92.9095911147867	-45.1809708291701
			92.8697840920297	-45.1809708291701
			92.8299770692727	-45.1809708291701
			92.7901700465158	-45.1809708291701
			92.7503630237588	-45.1809708291701
			92.7105560010018	-45.1809708291701
			92.6707489782448	-45.1809708291701
			92.6309419554879	-45.1809708291701
			92.5911349327309	-45.1809708291701
			92.5513279099739	-45.1809708291701
			92.5115208872169	-45.1809708291701
			92.4717138644599	-45.1809708291701
			92.431906841703	-45.1809708291701
			92.392099818946	-45.1809708291701
			92.352292796189	-45.1809708291701
			92.312485773432	-45.1809708291701
			92.2726787506751	-45.1809708291701
			92.2328717279181	-45.1809708291701
			92.1930647051611	-45.1809708291701
			92.1532576824041	-45.1809708291701
			92.1134506596471	-45.1809708291701
			92.0736436368902	-45.1809708291701
			92.0338366141332	-45.1809708291701
			91.9940295913762	-45.1809708291701
			91.9542225686192	-45.1809708291701
			91.9144155458622	-45.1809708291701
			91.8746085231053	-45.1809708291701
			91.8348015003483	-45.1809708291701
			91.7949944775913	-45.1809708291701
			91.7551874548343	-45.1809708291701
			91.7153804320774	-45.1809708291701
			91.6755734093204	-45.1809708291701
			91.6357663865634	-45.1809708291701
			91.5959593638064	-45.1809708291701
			91.5561523410494	-45.1809708291701
			91.5163453182925	-45.1809708291701
			91.4765382955355	-45.1809708291701
			91.4367312727785	-45.1809708291701
			91.3969242500215	-45.1809708291701
			91.3571172272646	-45.1809708291701
			91.3173102045076	-45.1809708291701
			91.2775031817506	-45.1809708291701
			91.2376961589936	-45.1809708291701
			91.1978891362366	-45.1809708291701
			91.1580821134797	-45.1809708291701
			91.1182750907227	-45.1809708291701
			91.0784680679657	-45.1809708291701
			91.0386610452087	-45.1809708291701
			90.9988540224518	-45.1809708291701
			90.9590469996948	-45.1809708291701
			90.9192399769378	-45.1809708291701
			90.8794329541808	-45.1809708291701
			90.8396259314238	-45.1809708291701
			90.7998189086669	-45.1809708291701
			90.7600118859099	-45.1809708291701
			90.7202048631529	-45.1809708291701
			90.6803978403959	-45.1809708291701
			90.640590817639	-45.1809708291701
			90.600783794882	-45.1809708291701
			90.560976772125	-45.1809708291701
			90.521169749368	-45.1809708291701
			90.481362726611	-45.1809708291701
			90.4415557038541	-45.1411638064131
			90.4017486810971	-45.1411638064131
			90.3619416583401	-45.1411638064131
			90.3221346355831	-45.1411638064131
			90.2823276128262	-45.1411638064131
			90.2425205900692	-45.1411638064131
			90.2027135673122	-45.1411638064131
			90.1629065445552	-45.1411638064131
			90.1230995217982	-45.1411638064131
			90.0832924990413	-45.1411638064131
			90.0434854762843	-45.1411638064131
			90.0036784535273	-45.1411638064131
			89.9638714307703	-45.1411638064131
			89.9240644080134	-45.1411638064131
			89.8842573852564	-45.1411638064131
			89.8444503624994	-45.1411638064131
			89.8046433397424	-45.1411638064131
			89.7648363169854	-45.1411638064131
			89.7250292942284	-45.1411638064131
			89.6852222714715	-45.1411638064131
			89.6454152487145	-45.1411638064131
			89.6056082259575	-45.1411638064131
			89.5658012032006	-45.1411638064131
			89.5259941804436	-45.1411638064131
			89.4861871576866	-45.1411638064131
			89.4463801349296	-45.1411638064131
			89.4065731121726	-45.1411638064131
			89.3667660894156	-45.1411638064131
			89.3269590666587	-45.1411638064131
			89.2871520439017	-45.1411638064131
			89.2473450211447	-45.1411638064131
			89.2075379983877	-45.1411638064131
			89.1677309756308	-45.1411638064131
			89.1279239528738	-45.1411638064131
			89.0881169301168	-45.1411638064131
			89.0483099073598	-45.1411638064131
			89.0085028846028	-45.1411638064131
			88.9686958618459	-45.1411638064131
			88.9288888390889	-45.1411638064131
			88.8890818163319	-45.1809708291701
			88.8492747935749	-45.1809708291701
			88.809467770818	-45.1809708291701
			88.769660748061	-45.1809708291701
			88.729853725304	-45.1809708291701
			88.690046702547	-45.1809708291701
			88.65023967979	-45.1809708291701
			88.6104326570331	-45.1809708291701
			88.5706256342761	-45.1809708291701
			88.5308186115191	-45.1809708291701
			88.4910115887621	-45.1809708291701
			88.4512045660052	-45.220777851927
			88.4113975432482	-45.220777851927
			88.3715905204912	-45.220777851927
			88.3317834977342	-45.220777851927
			88.2919764749772	-45.220777851927
			88.2521694522203	-45.220777851927
			88.2123624294633	-45.220777851927
			88.1725554067063	-45.260584874684
			88.1327483839493	-45.260584874684
			88.0929413611924	-45.260584874684
			88.0531343384354	-45.260584874684
		</Tail2>
		<AnalFin type=matrix rownames=FALSE colnames=FALSE nrow=65 ncol=2 as.numeric=TRUE >
			88.0531343384354	-45.260584874684
			88.0133273156784	-45.260584874684
			87.9735202929214	-45.300391897441
			87.9337132701644	-45.300391897441
			87.8939062474075	-45.340198920198
			87.8540992246505	-45.340198920198
			87.8142922018935	-45.340198920198
			87.7744851791365	-45.3800059429549
			87.7346781563796	-45.3800059429549
			87.6948711336226	-45.4198129657119
			87.6550641108656	-45.4198129657119
			87.6152570881086	-45.4596199884689
			87.5754500653516	-45.4596199884689
			87.5356430425947	-45.4994270112259
			87.4958360198377	-45.4994270112259
			87.4560289970807	-45.5392340339829
			87.4162219743237	-45.5392340339829
			87.3764149515668	-45.5790410567398
			87.3366079288098	-45.5790410567398
			87.2968009060528	-45.5790410567398
			87.2569938832958	-45.6188480794968
			87.2171868605388	-45.6188480794968
			87.1773798377819	-45.6586551022538
			87.1375728150249	-45.6984621250108
			87.0977657922679	-45.6984621250108
			87.0579587695109	-45.6984621250108
			87.0181517467539	-45.7382691477677
			86.978344723997	-45.7382691477677
			86.978344723997	-45.7780761705247
			86.93853770124	-45.7780761705247
			86.898730678483	-45.8178831932817
			86.858923655726	-45.8178831932817
			86.8191166329691	-45.8576902160387
			86.7793096102121	-45.8576902160387
			86.7395025874551	-45.8974972387957
			86.6996955646981	-45.9373042615526
			86.6598885419411	-45.9373042615526
			86.6200815191842	-45.9373042615526
			86.5802744964272	-45.9771112843096
			86.5404674736702	-45.9771112843096
			86.5404674736702	-46.0169183070666
			86.5006604509132	-46.0169183070666
			86.4608534281563	-46.0567253298236
			86.4210464053993	-46.0567253298236
			86.3812393826423	-46.0965323525805
			86.3414323598853	-46.1363393753375
			86.3016253371283	-46.1363393753375
			86.2618183143714	-46.1761463980945
			86.2220112916144	-46.1761463980945
			86.2220112916144	-46.2159534208515
			86.1822042688574	-46.2159534208515
			86.1423972461004	-46.2557604436085
			86.1025902233435	-46.2557604436085
			86.0627832005865	-46.2955674663654
			86.0229761778295	-46.2955674663654
			85.9831691550725	-46.3353744891224
			85.9433621323155	-46.3751815118794
			85.9035551095586	-46.3751815118794
			85.8637480868016	-46.4149885346364
			85.8239410640446	-46.4149885346364
			85.7841340412876	-46.4547955573933
			85.7443270185307	-46.4547955573933
			85.7045199957737	-46.4547955573933
			85.7045199957737	-46.4946025801503
			85.6647129730167	-46.4946025801503
		</AnalFin>
		<Pectfin type=matrix rownames=FALSE colnames=FALSE nrow=65 ncol=2 as.numeric=TRUE >
			72.6876235542419	-43.9867601464607
			72.6876235542419	-44.0265671692177
			72.6876235542419	-44.0663741919747
			72.7274305769988	-44.0663741919747
			72.7274305769988	-44.1061812147316
			72.7274305769988	-44.1459882374886
			72.7274305769988	-44.1857952602456
			72.7672375997558	-44.2256022830026
			72.7672375997558	-44.2654093057596
			72.7672375997558	-44.3052163285165
			72.8070446225128	-44.3450233512735
			72.8070446225128	-44.3848303740305
			72.8070446225128	-44.4246373967875
			72.8070446225128	-44.4644444195444
			72.8070446225128	-44.5042514423014
			72.8468516452698	-44.5440584650584
			72.8468516452698	-44.5838654878154
			72.8468516452698	-44.6236725105724
			72.8468516452698	-44.6634795333293
			72.8468516452698	-44.7032865560863
			72.8866586680268	-44.7430935788433
			72.8866586680268	-44.7829006016003
			72.8866586680268	-44.8227076243572
			72.8866586680268	-44.8625146471142
			72.8866586680268	-44.9023216698712
			72.8866586680268	-44.9421286926282
			72.9264656907837	-44.9819357153852
			72.9264656907837	-45.0217427381421
			72.9264656907837	-45.0615497608991
			72.9264656907837	-45.1013567836561
			72.9264656907837	-45.1411638064131
			72.9264656907837	-45.1809708291701
			72.9264656907837	-45.220777851927
			72.9264656907837	-45.260584874684
			72.9264656907837	-45.300391897441
			72.8866586680268	-45.340198920198
			72.8866586680268	-45.3800059429549
			72.8866586680268	-45.4198129657119
			72.8866586680268	-45.4596199884689
			72.8866586680268	-45.4994270112259
			72.8866586680268	-45.5392340339829
			72.8468516452698	-45.5790410567398
			72.8468516452698	-45.6188480794968
			72.8468516452698	-45.6586551022538
			72.8468516452698	-45.6984621250108
			72.8468516452698	-45.7382691477677
			72.8070446225128	-45.7780761705247
			72.8070446225128	-45.8178831932817
			72.8070446225128	-45.8576902160387
			72.8070446225128	-45.8974972387957
			72.7672375997558	-45.9373042615526
			72.7672375997558	-45.9771112843096
			72.7672375997558	-46.0169183070666
			72.7672375997558	-46.0567253298236
			72.7274305769988	-46.0965323525805
			72.7274305769988	-46.1363393753375
			72.7274305769988	-46.1761463980945
			72.6876235542419	-46.2159534208515
			72.6876235542419	-46.2557604436085
			72.6876235542419	-46.2955674663654
			72.6478165314849	-46.3353744891224
			72.6478165314849	-46.3751815118794
			72.6478165314849	-46.4149885346364
			72.6080095087279	-46.4547955573933
			72.6080095087279	-46.4946025801503
		</Pectfin>
		<Opercle type=matrix rownames=FALSE colnames=FALSE nrow=163 ncol=2 as.numeric=TRUE >
			72.4487814177	-41.4391106900141
			72.4487814177	-41.4789177127711
			72.488588440457	-41.5187247355281
			72.488588440457	-41.558531758285
			72.488588440457	-41.598338781042
			72.488588440457	-41.638145803799
			72.488588440457	-41.677952826556
			72.528395463214	-41.717759849313
			72.528395463214	-41.7575668720699
			72.528395463214	-41.7973738948269
			72.528395463214	-41.8371809175839
			72.528395463214	-41.8769879403409
			72.528395463214	-41.9167949630979
			72.5682024859709	-41.9167949630979
			72.5682024859709	-41.9566019858548
			72.5682024859709	-41.9964090086118
			72.5682024859709	-42.0362160313688
			72.5682024859709	-42.0760230541258
			72.5682024859709	-42.1158300768827
			72.5682024859709	-42.1556370996397
			72.5682024859709	-42.1954441223967
			72.5682024859709	-42.2352511451537
			72.5682024859709	-42.2750581679107
			72.5682024859709	-42.3148651906676
			72.5682024859709	-42.3546722134246
			72.5682024859709	-42.3944792361816
			72.5682024859709	-42.4342862589386
			72.5682024859709	-42.4740932816955
			72.5682024859709	-42.5139003044525
			72.5682024859709	-42.5537073272095
			72.5682024859709	-42.5935143499665
			72.5682024859709	-42.6333213727235
			72.5682024859709	-42.6731283954804
			72.5682024859709	-42.7129354182374
			72.528395463214	-42.7527424409944
			72.528395463214	-42.7925494637514
			72.528395463214	-42.8323564865083
			72.528395463214	-42.8721635092653
			72.528395463214	-42.9119705320223
			72.528395463214	-42.9517775547793
			72.488588440457	-42.9915845775363
			72.488588440457	-43.0313916002932
			72.488588440457	-43.0711986230502
			72.4487814177	-43.1110056458072
			72.4487814177	-43.1508126685642
			72.408974394943	-43.1508126685642
			72.408974394943	-43.1906196913212
			72.369167372186	-43.2304267140781
			72.3293603494291	-43.2702337368351
			72.3293603494291	-43.3100407595921
			72.2895533266721	-43.3100407595921
			72.2895533266721	-43.3498477823491
			72.2497463039151	-43.389654805106
			72.2497463039151	-43.429461827863
			72.2099392811581	-43.46926885062
			72.1701322584012	-43.509075873377
			72.1303252356442	-43.548882896134
			72.1303252356442	-43.5886899188909
			72.0905182128872	-43.6284969416479
			72.0905182128872	-43.6683039644049
			72.0507111901302	-43.7081109871619
			72.0507111901302	-43.7479180099188
			72.0109041673732	-43.7877250326758
			72.0109041673732	-43.8275320554328
			71.9710971446163	-43.8673390781898
			71.9710971446163	-43.9071461009468
			71.9312901218593	-43.9469531237037
			71.9312901218593	-43.9867601464607
			71.8914830991023	-44.0265671692177
			71.8914830991023	-44.0663741919747
			71.8516760763453	-44.1061812147316
			71.8516760763453	-44.1459882374886
			71.8516760763453	-44.1857952602456
			71.8118690535884	-44.2256022830026
			71.8118690535884	-44.2654093057596
			71.7720620308314	-44.3052163285165
			71.7720620308314	-44.3450233512735
			71.7720620308314	-44.3848303740305
			71.7322550080744	-44.4246373967875
			71.7322550080744	-44.4644444195444
			71.7322550080744	-44.5042514423014
			71.6924479853174	-44.5440584650584
			71.6924479853174	-44.5838654878154
			71.6526409625604	-44.6236725105724
			71.6128339398035	-44.6634795333293
			71.5730269170465	-44.7032865560863
			71.5332198942895	-44.7430935788433
			71.4934128715325	-44.7829006016003
			71.4536058487755	-44.8227076243572
			71.4137988260186	-44.8625146471142
			71.3739918032616	-44.9023216698712
			71.3341847805046	-44.9421286926282
			71.2943777577476	-44.9819357153852
			71.2545707349907	-44.9819357153852
			71.2545707349907	-45.0217427381421
			71.2147637122337	-45.0217427381421
			71.1749566894767	-45.0615497608991
			71.1351496667197	-45.1013567836561
			71.0953426439627	-45.1411638064131
			71.0555356212058	-45.1809708291701
			71.0157285984488	-45.220777851927
			70.9759215756918	-45.220777851927
			70.9361145529348	-45.260584874684
			70.8963075301779	-45.300391897441
			70.8565005074209	-45.300391897441
			70.8166934846639	-45.340198920198
			70.7768864619069	-45.3800059429549
			70.7370794391499	-45.3800059429549
			70.697272416393	-45.4198129657119
			70.657465393636	-45.4596199884689
			70.617658370879	-45.4994270112259
			70.577851348122	-45.4994270112259
			70.538044325365	-45.5392340339829
			70.4982373026081	-45.5392340339829
			70.4982373026081	-45.5790410567398
			70.4584302798511	-45.5790410567398
			70.4186232570941	-45.6188480794968
			70.3788162343371	-45.6586551022538
			70.3390092115802	-45.6586551022538
			70.2992021888232	-45.6984621250108
			70.2593951660662	-45.6984621250108
			70.2195881433092	-45.7382691477677
			70.1797811205522	-45.7382691477677
			70.1399740977953	-45.7780761705247
			70.1001670750383	-45.7780761705247
			70.0603600522813	-45.8178831932817
			70.0205530295243	-45.8178831932817
			69.9807460067674	-45.8178831932817
			69.9409389840104	-45.8576902160387
			69.9011319612534	-45.8576902160387
			69.8613249384964	-45.8576902160387
			69.8215179157394	-45.8576902160387
			69.7817108929825	-45.8974972387957
			69.7419038702255	-45.8974972387957
			69.7020968474685	-45.8974972387957
			69.6622898247115	-45.8974972387957
			69.6224828019546	-45.8974972387957
			69.5826757791976	-45.8974972387957
			69.5428687564406	-45.8974972387957
			69.5030617336836	-45.9373042615526
			69.4632547109266	-45.9373042615526
			69.4234476881697	-45.9373042615526
			69.3836406654127	-45.9373042615526
			69.3438336426557	-45.8974972387957
			69.3040266198987	-45.8974972387957
			69.2642195971418	-45.8974972387957
			69.2244125743848	-45.8974972387957
			69.1846055516278	-45.8974972387957
			69.1447985288708	-45.8974972387957
			69.1049915061138	-45.8974972387957
			69.0651844833569	-45.8974972387957
			69.0253774605999	-45.8576902160387
			68.9855704378429	-45.8576902160387
			68.9457634150859	-45.8576902160387
			68.9059563923289	-45.8576902160387
			68.866149369572	-45.8178831932817
			68.826342346815	-45.8178831932817
			68.786535324058	-45.8178831932817
			68.746728301301	-45.7780761705247
			68.7069212785441	-45.7780761705247
			68.6671142557871	-45.7780761705247
			68.6273072330301	-45.7382691477677
			68.5875002102731	-45.7382691477677
		</Opercle>
		<Preopercle type=matrix rownames=FALSE colnames=FALSE nrow=76 ncol=2 as.numeric=TRUE >
			68.9457634150859	-42.8721635092653
			68.9457634150859	-42.9119705320223
			68.9457634150859	-42.9517775547793
			68.9457634150859	-42.9915845775363
			68.9457634150859	-43.0313916002932
			68.9059563923289	-43.0711986230502
			68.9059563923289	-43.1110056458072
			68.9059563923289	-43.1508126685642
			68.9059563923289	-43.1906196913212
			68.9059563923289	-43.2304267140781
			68.9059563923289	-43.2702337368351
			68.9059563923289	-43.3100407595921
			68.9059563923289	-43.3498477823491
			68.9059563923289	-43.389654805106
			68.9059563923289	-43.429461827863
			68.9059563923289	-43.46926885062
			68.9059563923289	-43.509075873377
			68.866149369572	-43.548882896134
			68.866149369572	-43.5886899188909
			68.866149369572	-43.6284969416479
			68.866149369572	-43.6683039644049
			68.866149369572	-43.7081109871619
			68.866149369572	-43.7479180099188
			68.866149369572	-43.7877250326758
			68.866149369572	-43.8275320554328
			68.866149369572	-43.8673390781898
			68.866149369572	-43.9071461009468
			68.866149369572	-43.9469531237037
			68.866149369572	-43.9867601464607
			68.866149369572	-44.0265671692177
			68.866149369572	-44.0663741919747
			68.826342346815	-44.1061812147316
			68.826342346815	-44.1459882374886
			68.826342346815	-44.1857952602456
			68.826342346815	-44.2256022830026
			68.826342346815	-44.2654093057596
			68.826342346815	-44.3052163285165
			68.826342346815	-44.3450233512735
			68.826342346815	-44.3848303740305
			68.826342346815	-44.4246373967875
			68.826342346815	-44.4644444195444
			68.826342346815	-44.5042514423014
			68.826342346815	-44.5440584650584
			68.826342346815	-44.5838654878154
			68.826342346815	-44.6236725105724
			68.826342346815	-44.6634795333293
			68.786535324058	-44.7032865560863
			68.786535324058	-44.7430935788433
			68.786535324058	-44.7829006016003
			68.786535324058	-44.8227076243572
			68.786535324058	-44.8625146471142
			68.786535324058	-44.9023216698712
			68.786535324058	-44.9421286926282
			68.786535324058	-44.9819357153852
			68.746728301301	-45.0217427381421
			68.746728301301	-45.0615497608991
			68.746728301301	-45.1013567836561
			68.746728301301	-45.1411638064131
			68.746728301301	-45.1809708291701
			68.746728301301	-45.220777851927
			68.7069212785441	-45.220777851927
			68.7069212785441	-45.260584874684
			68.7069212785441	-45.300391897441
			68.7069212785441	-45.340198920198
			68.7069212785441	-45.3800059429549
			68.6671142557871	-45.3800059429549
			68.6671142557871	-45.4198129657119
			68.6671142557871	-45.4596199884689
			68.6671142557871	-45.4994270112259
			68.6671142557871	-45.5392340339829
			68.6273072330301	-45.5392340339829
			68.6273072330301	-45.5790410567398
			68.6273072330301	-45.6188480794968
			68.6273072330301	-45.6586551022538
			68.5875002102731	-45.6984621250108
			68.5875002102731	-45.7382691477677
		</Preopercle>
	</curves.scaled>
	<ruler.points type=matrix rownames=TRUE colnames=FALSE nrow=2 ncol=2 as.numeric=TRUE >
		Ruler point 1	1439	682
		Ruler point 2	1449	1320
	</ruler.points>
</shapes>

