<shapes type=list>
	<ruler.pixel type=vector names=FALSE length=1 as.numeric=TRUE >621.676764886705</ruler.pixel>
	<ruler.interval type=vector names=FALSE length=1 as.numeric=TRUE >25.4</ruler.interval>
	<scaling.units type=vector names=FALSE length=1 as.numeric=FALSE >mm</scaling.units>
	<scaling type=vector names=FALSE length=1 as.numeric=TRUE >0.0408572451708548</scaling>
	<landmarks.pixel type=matrix rownames=TRUE colnames=FALSE nrow=12 ncol=2 as.numeric=TRUE >
		LM1	1510	943
		LM2	1912	768
		LM3	2266	798
		LM4	2302	922
		LM5	2148	935
		LM6	2037	986
		LM7	1750	973
		LM8	1762	1037
		LM9	1701	915
		LM10	1613	1032
		LM11	1632	960
		LM12	1590	886
	</landmarks.pixel>
	<landmarks.scaled type=matrix rownames=TRUE colnames=FALSE nrow=12 ncol=2 as.numeric=TRUE >
		LM1	61.6944402079908	-38.5283821961161
		LM2	78.1190527666744	-31.3783642912165
		LM3	92.582517557157	-32.6040816463422
		LM4	94.0533783833078	-37.6703800475282
		LM5	87.7613626269962	-38.2015242347493
		LM6	83.2262084130313	-40.2852437384629
		LM7	71.500179048996	-39.7540995512418
		LM8	71.9904659910462	-42.3689632421765
		LM9	69.4981740356241	-37.3843793313322
		LM10	65.9027364605888	-42.1646770163222
		LM11	66.6790241188351	-39.2229553640206
		LM12	64.9630198216592	-36.1995192213774
	</landmarks.scaled>
	<curves.control type=list>
		<Eye type=matrix rownames=FALSE colnames=FALSE nrow=9 ncol=2 as.numeric=TRUE >
			1590	886
			1619	894
			1605	929
			1587	956
			1563	949
			1547	944
			1553	921
			1555	895
			1590	886
		</Eye>
		<Head type=matrix rownames=FALSE colnames=FALSE nrow=13 ncol=2 as.numeric=TRUE >
			1510	943
			1527	907
			1607	863
			1617	860
			1648	841
			1660	833
			1669	830
			1708	817
			1716	809
			1725	808
			1733	802
			1786	776
			1912	768
		</Head>
		<Tail1 type=matrix rownames=FALSE colnames=FALSE nrow=11 ncol=2 as.numeric=TRUE >
			1912	768
			1952	777
			1998	779
			2046	781
			2095	784
			2149	789
			2204	792
			2217	796
			2240	796
			2253	801
			2266	798
		</Tail1>
		<End type=matrix rownames=FALSE colnames=FALSE nrow=7 ncol=2 as.numeric=TRUE >
			2266	798
			2317	788
			2325	813
			2326	846
			2328	895
			2323	924
			2302	922
		</End>
		<Tail2 type=matrix rownames=FALSE colnames=FALSE nrow=5 ncol=2 as.numeric=TRUE >
			2302	922
			2262	913
			2213	927
			2175	932
			2148	935
		</Tail2>
		<AnalFin type=matrix rownames=FALSE colnames=FALSE nrow=5 ncol=2 as.numeric=TRUE >
			2148	935
			2109	941
			2080	953
			2055	965
			2037	986
		</AnalFin>
		<Pectfin type=matrix rownames=FALSE colnames=FALSE nrow=3 ncol=2 as.numeric=TRUE >
			1750	973
			1771	1004
			1762	1037
		</Pectfin>
		<Opercle type=matrix rownames=FALSE colnames=FALSE nrow=9 ncol=2 as.numeric=TRUE >
			1701	915
			1703	933
			1706	960
			1713	987
			1696	1004
			1677	1027
			1654	1037
			1631	1044
			1613	1032
		</Opercle>
		<Preopercle type=matrix rownames=FALSE colnames=FALSE nrow=5 ncol=2 as.numeric=TRUE >
			1632	960
			1635	982
			1630	1003
			1627	1016
			1613	1032
		</Preopercle>
	</curves.control>
	<curves.pixel type=list>
		<Eye type=matrix rownames=FALSE colnames=FALSE nrow=178 ncol=2 as.numeric=TRUE >
			1590	886
			1591	886
			1592	887
			1593	887
			1594	887
			1595	888
			1596	888
			1597	889
			1598	889
			1599	890
			1600	891
			1601	891
			1602	892
			1603	893
			1604	894
			1605	894
			1605	895
			1606	896
			1607	897
			1607	898
			1608	899
			1608	900
			1608	901
			1609	902
			1609	903
			1609	904
			1609	905
			1609	906
			1609	907
			1610	908
			1610	909
			1610	910
			1610	911
			1609	912
			1609	913
			1609	914
			1609	915
			1609	916
			1609	917
			1608	918
			1608	919
			1608	920
			1608	921
			1607	922
			1607	923
			1607	924
			1606	925
			1606	926
			1606	927
			1606	928
			1605	929
			1604	930
			1603	931
			1603	932
			1602	933
			1602	934
			1601	934
			1600	935
			1600	936
			1599	937
			1598	938
			1597	939
			1596	940
			1595	941
			1594	942
			1593	943
			1592	943
			1592	944
			1591	944
			1590	945
			1589	945
			1588	946
			1587	947
			1586	947
			1585	948
			1584	948
			1583	948
			1582	949
			1581	949
			1580	949
			1579	950
			1578	950
			1577	950
			1576	950
			1575	950
			1574	950
			1573	950
			1572	950
			1571	950
			1570	950
			1569	950
			1568	950
			1567	950
			1566	950
			1565	950
			1564	949
			1563	949
			1562	949
			1562	948
			1561	948
			1560	948
			1559	947
			1558	947
			1557	946
			1556	945
			1555	944
			1554	943
			1554	942
			1553	941
			1553	940
			1552	939
			1552	938
			1552	937
			1552	936
			1551	935
			1551	934
			1551	933
			1551	932
			1551	931
			1551	930
			1552	929
			1552	928
			1552	927
			1552	926
			1552	925
			1552	924
			1553	923
			1553	922
			1553	921
			1553	920
			1553	919
			1553	918
			1553	917
			1554	916
			1554	915
			1554	914
			1555	913
			1555	912
			1555	911
			1556	910
			1556	909
			1556	908
			1557	907
			1558	906
			1558	905
			1559	904
			1560	903
			1561	902
			1561	901
			1562	900
			1563	899
			1564	899
			1565	898
			1566	897
			1567	896
			1568	895
			1569	895
			1570	894
			1571	893
			1572	893
			1573	892
			1574	892
			1575	891
			1576	891
			1577	890
			1578	890
			1579	890
			1580	889
			1581	889
			1582	888
			1583	888
			1584	888
			1585	887
			1586	887
			1587	887
			1588	887
			1589	886
			1590	886
		</Eye>
		<Head type=matrix rownames=FALSE colnames=FALSE nrow=424 ncol=2 as.numeric=TRUE >
			1510	943
			1510	942
			1511	941
			1511	940
			1512	939
			1513	938
			1513	937
			1514	936
			1514	935
			1515	934
			1516	933
			1516	932
			1517	931
			1518	930
			1519	929
			1519	928
			1520	927
			1521	926
			1522	925
			1523	924
			1523	923
			1524	922
			1525	921
			1526	920
			1527	919
			1528	918
			1529	917
			1530	916
			1531	915
			1532	914
			1533	913
			1534	913
			1534	912
			1535	912
			1536	911
			1537	910
			1538	909
			1539	908
			1540	907
			1541	906
			1542	905
			1543	905
			1544	904
			1545	903
			1546	902
			1547	902
			1548	901
			1549	900
			1550	899
			1551	899
			1552	898
			1553	897
			1554	896
			1555	895
			1556	895
			1557	894
			1558	893
			1559	893
			1560	892
			1561	891
			1562	890
			1563	890
			1564	889
			1565	888
			1566	888
			1567	887
			1568	887
			1568	886
			1569	886
			1570	885
			1571	884
			1572	884
			1573	883
			1574	883
			1575	882
			1576	882
			1576	881
			1577	880
			1578	880
			1579	879
			1580	879
			1581	878
			1582	877
			1583	877
			1584	876
			1585	876
			1586	875
			1587	874
			1588	874
			1589	873
			1590	873
			1591	872
			1592	872
			1593	871
			1594	870
			1595	870
			1596	869
			1597	869
			1598	868
			1599	867
			1600	867
			1601	866
			1602	866
			1603	865
			1604	865
			1604	864
			1605	864
			1606	864
			1606	863
			1607	863
			1608	863
			1609	862
			1610	862
			1611	861
			1612	861
			1613	861
			1614	860
			1615	860
			1616	859
			1617	859
			1618	858
			1619	858
			1620	857
			1621	856
			1622	856
			1623	856
			1624	855
			1625	854
			1626	854
			1627	853
			1628	853
			1629	852
			1630	852
			1631	851
			1632	851
			1633	850
			1634	849
			1635	849
			1636	848
			1637	848
			1638	847
			1639	846
			1640	846
			1641	845
			1642	845
			1643	844
			1644	843
			1645	843
			1646	842
			1647	842
			1648	841
			1649	841
			1649	840
			1650	840
			1651	839
			1652	838
			1653	838
			1654	837
			1655	837
			1655	836
			1656	836
			1657	836
			1658	835
			1659	834
			1660	834
			1661	833
			1662	833
			1663	833
			1664	832
			1665	831
			1666	831
			1667	831
			1668	830
			1669	830
			1670	830
			1671	829
			1672	829
			1673	829
			1674	828
			1675	828
			1676	828
			1677	827
			1678	827
			1679	827
			1680	826
			1681	826
			1682	826
			1683	825
			1684	825
			1685	824
			1686	824
			1687	824
			1688	823
			1689	823
			1690	822
			1691	822
			1692	822
			1693	821
			1694	821
			1695	821
			1695	820
			1696	820
			1697	820
			1698	819
			1699	819
			1700	818
			1701	818
			1702	817
			1703	817
			1704	817
			1704	816
			1705	816
			1706	816
			1707	815
			1708	814
			1709	814
			1710	813
			1711	813
			1712	812
			1713	812
			1714	811
			1715	810
			1716	809
			1717	809
			1718	809
			1719	808
			1720	808
			1721	808
			1722	808
			1723	807
			1724	807
			1725	807
			1726	806
			1727	806
			1728	805
			1729	805
			1730	804
			1731	803
			1732	802
			1733	802
			1734	801
			1735	801
			1736	800
			1737	800
			1738	800
			1739	799
			1740	799
			1741	798
			1742	798
			1743	797
			1744	797
			1745	797
			1746	796
			1747	796
			1748	795
			1749	795
			1750	795
			1751	795
			1751	794
			1752	794
			1753	794
			1754	793
			1755	793
			1756	793
			1757	792
			1758	792
			1759	792
			1760	792
			1760	791
			1761	791
			1762	791
			1763	790
			1764	790
			1765	790
			1766	790
			1767	789
			1768	789
			1769	789
			1770	788
			1771	788
			1772	788
			1773	787
			1774	787
			1775	787
			1776	787
			1777	787
			1778	786
			1779	786
			1780	786
			1781	785
			1782	785
			1783	785
			1784	785
			1785	784
			1786	784
			1787	784
			1788	784
			1789	784
			1790	783
			1791	783
			1792	783
			1793	783
			1794	783
			1794	782
			1795	782
			1796	782
			1797	782
			1798	782
			1799	781
			1800	781
			1801	781
			1802	781
			1803	781
			1804	781
			1805	780
			1806	780
			1807	780
			1808	780
			1809	780
			1810	779
			1811	779
			1812	779
			1813	779
			1814	779
			1815	779
			1816	778
			1817	778
			1818	778
			1819	778
			1820	778
			1821	778
			1822	777
			1823	777
			1824	777
			1825	777
			1826	777
			1827	777
			1828	777
			1828	776
			1829	776
			1830	776
			1831	776
			1832	776
			1833	776
			1834	776
			1835	775
			1836	775
			1837	775
			1838	775
			1839	775
			1840	775
			1841	775
			1842	775
			1843	774
			1844	774
			1845	774
			1846	774
			1847	774
			1848	774
			1849	774
			1850	774
			1851	773
			1852	773
			1853	773
			1854	773
			1855	773
			1856	773
			1857	773
			1858	773
			1859	772
			1860	772
			1861	772
			1862	772
			1863	772
			1864	772
			1865	772
			1866	772
			1867	772
			1868	772
			1869	772
			1869	771
			1870	771
			1871	771
			1872	771
			1873	771
			1874	771
			1875	771
			1876	771
			1877	771
			1878	771
			1879	771
			1880	770
			1881	770
			1882	770
			1883	770
			1884	770
			1885	770
			1886	770
			1887	770
			1888	770
			1889	770
			1890	770
			1891	770
			1892	769
			1893	769
			1894	769
			1895	769
			1896	769
			1897	769
			1898	769
			1899	769
			1900	769
			1901	769
			1902	769
			1903	769
			1904	769
			1905	768
			1906	768
			1907	768
			1908	768
			1909	768
			1910	768
			1911	768
			1912	768
		</Head>
		<Tail1 type=matrix rownames=FALSE colnames=FALSE nrow=359 ncol=2 as.numeric=TRUE >
			1912	768
			1913	768
			1914	769
			1915	769
			1916	769
			1917	769
			1918	769
			1919	770
			1920	770
			1921	770
			1922	770
			1923	770
			1924	770
			1924	771
			1925	771
			1926	771
			1927	771
			1928	771
			1929	771
			1929	772
			1930	772
			1931	772
			1932	772
			1933	772
			1934	772
			1935	773
			1936	773
			1937	773
			1938	773
			1939	773
			1940	773
			1941	774
			1942	774
			1943	774
			1944	774
			1945	774
			1946	774
			1947	774
			1948	775
			1949	775
			1950	775
			1951	775
			1952	775
			1953	775
			1954	775
			1955	775
			1956	776
			1957	776
			1958	776
			1959	776
			1960	776
			1961	776
			1962	776
			1963	776
			1964	776
			1965	777
			1966	777
			1967	777
			1968	777
			1969	777
			1970	777
			1971	777
			1972	777
			1973	777
			1974	777
			1975	778
			1976	778
			1977	778
			1978	778
			1979	778
			1980	778
			1981	778
			1982	778
			1983	778
			1984	778
			1985	778
			1986	778
			1987	778
			1988	778
			1989	779
			1990	779
			1991	779
			1992	779
			1993	779
			1994	779
			1995	779
			1996	779
			1997	779
			1998	779
			1999	779
			2000	779
			2001	779
			2002	779
			2003	779
			2004	779
			2005	779
			2006	779
			2007	779
			2008	779
			2009	779
			2010	780
			2011	780
			2012	780
			2013	780
			2014	780
			2015	780
			2016	780
			2017	780
			2018	780
			2019	780
			2020	780
			2021	780
			2022	780
			2023	780
			2024	780
			2025	780
			2026	780
			2027	780
			2028	780
			2029	780
			2030	780
			2031	780
			2032	781
			2033	781
			2034	781
			2035	781
			2036	781
			2037	781
			2038	781
			2039	781
			2040	781
			2041	781
			2042	781
			2043	781
			2044	781
			2045	781
			2046	781
			2047	781
			2048	781
			2049	781
			2050	781
			2051	782
			2052	782
			2053	782
			2054	782
			2055	782
			2056	782
			2057	782
			2058	782
			2059	782
			2060	782
			2061	782
			2062	782
			2063	782
			2064	782
			2065	782
			2066	782
			2067	782
			2068	782
			2069	782
			2070	783
			2071	783
			2072	783
			2073	783
			2074	783
			2075	783
			2076	783
			2077	783
			2078	783
			2079	783
			2080	783
			2081	783
			2082	783
			2083	783
			2084	783
			2085	783
			2086	783
			2087	784
			2088	784
			2089	784
			2090	784
			2091	784
			2092	784
			2093	784
			2094	784
			2095	784
			2096	784
			2097	784
			2098	784
			2099	784
			2100	784
			2101	785
			2102	785
			2103	785
			2104	785
			2105	785
			2106	785
			2107	785
			2108	785
			2109	785
			2110	785
			2111	785
			2112	786
			2113	786
			2114	786
			2115	786
			2116	786
			2117	786
			2118	786
			2119	786
			2120	786
			2121	786
			2122	786
			2123	786
			2124	786
			2125	787
			2126	787
			2127	787
			2128	787
			2129	787
			2130	787
			2131	787
			2132	787
			2133	787
			2134	787
			2135	787
			2136	788
			2137	788
			2138	788
			2139	788
			2140	788
			2141	788
			2142	788
			2143	788
			2144	788
			2145	788
			2146	788
			2147	788
			2148	788
			2149	788
			2150	789
			2151	789
			2152	789
			2153	789
			2154	789
			2155	789
			2156	789
			2157	789
			2158	789
			2159	789
			2160	789
			2161	789
			2162	789
			2163	789
			2164	790
			2165	790
			2166	790
			2167	790
			2168	790
			2169	790
			2170	790
			2171	790
			2172	790
			2173	790
			2174	790
			2175	790
			2176	790
			2177	790
			2178	790
			2179	791
			2180	791
			2181	791
			2182	791
			2183	791
			2184	791
			2185	791
			2186	791
			2187	791
			2188	791
			2189	791
			2190	791
			2191	791
			2192	791
			2193	791
			2194	791
			2195	792
			2196	792
			2197	792
			2198	792
			2199	792
			2200	792
			2201	792
			2202	792
			2203	792
			2204	792
			2205	792
			2206	792
			2206	793
			2207	793
			2208	793
			2209	793
			2210	794
			2211	794
			2212	794
			2213	794
			2214	794
			2215	794
			2216	795
			2217	795
			2218	795
			2219	795
			2220	795
			2221	795
			2222	795
			2223	795
			2224	795
			2225	795
			2226	796
			2227	796
			2228	796
			2229	796
			2230	796
			2231	796
			2232	796
			2233	796
			2234	796
			2235	796
			2236	796
			2237	796
			2238	796
			2239	796
			2240	796
			2241	796
			2241	797
			2242	797
			2243	797
			2244	797
			2245	798
			2246	798
			2247	798
			2248	798
			2249	799
			2250	799
			2251	799
			2252	799
			2253	799
			2254	799
			2255	799
			2256	799
			2257	799
			2258	799
			2259	799
			2260	799
			2261	799
			2262	799
			2263	799
			2264	798
			2265	798
			2266	798
		</Tail1>
		<End type=matrix rownames=FALSE colnames=FALSE nrow=187 ncol=2 as.numeric=TRUE >
			2266	798
			2267	798
			2268	798
			2269	797
			2270	797
			2271	797
			2272	797
			2273	797
			2274	797
			2275	796
			2276	796
			2277	796
			2278	796
			2279	796
			2280	796
			2281	796
			2282	796
			2283	796
			2284	795
			2285	795
			2286	795
			2287	795
			2288	795
			2289	795
			2290	795
			2291	795
			2292	795
			2293	795
			2294	795
			2295	795
			2296	795
			2297	795
			2298	795
			2299	796
			2300	796
			2301	796
			2302	796
			2303	796
			2304	796
			2305	796
			2306	797
			2307	797
			2308	797
			2309	798
			2310	798
			2311	798
			2312	799
			2313	799
			2314	800
			2315	800
			2316	801
			2317	802
			2318	802
			2318	803
			2319	803
			2320	804
			2321	805
			2321	806
			2322	807
			2323	808
			2323	809
			2324	810
			2324	811
			2325	812
			2325	813
			2325	814
			2325	815
			2325	816
			2325	817
			2325	818
			2325	819
			2325	820
			2325	821
			2325	822
			2325	823
			2325	824
			2325	825
			2325	826
			2325	827
			2325	828
			2326	829
			2326	830
			2326	831
			2326	832
			2326	833
			2326	834
			2326	835
			2326	836
			2326	837
			2326	838
			2326	839
			2326	840
			2326	841
			2326	842
			2326	843
			2326	844
			2326	845
			2326	846
			2326	847
			2326	848
			2326	849
			2326	850
			2326	851
			2326	852
			2326	853
			2326	854
			2326	855
			2326	856
			2327	857
			2327	858
			2327	859
			2327	860
			2327	861
			2327	862
			2327	863
			2327	864
			2327	865
			2327	866
			2327	867
			2327	868
			2327	869
			2327	870
			2327	871
			2327	872
			2327	873
			2327	874
			2327	875
			2327	876
			2327	877
			2327	878
			2327	879
			2327	880
			2327	881
			2327	882
			2328	883
			2328	884
			2328	885
			2328	886
			2328	887
			2328	888
			2328	889
			2328	890
			2328	891
			2328	892
			2328	893
			2328	894
			2328	895
			2328	896
			2328	897
			2327	898
			2327	899
			2327	900
			2327	901
			2326	902
			2326	903
			2326	904
			2325	905
			2325	906
			2325	907
			2324	908
			2324	909
			2323	910
			2323	911
			2322	912
			2322	913
			2321	914
			2320	915
			2319	916
			2318	917
			2317	918
			2316	919
			2315	920
			2314	920
			2313	920
			2313	921
			2312	921
			2311	921
			2310	921
			2310	922
			2309	922
			2308	922
			2307	922
			2306	922
			2305	922
			2304	922
			2303	922
			2302	922
		</End>
		<Tail2 type=matrix rownames=FALSE colnames=FALSE nrow=156 ncol=2 as.numeric=TRUE >
			2302	922
			2301	922
			2300	922
			2299	921
			2298	921
			2297	921
			2296	921
			2295	921
			2294	920
			2293	920
			2292	920
			2291	920
			2290	920
			2289	920
			2288	920
			2287	919
			2286	919
			2285	919
			2284	919
			2283	919
			2282	919
			2281	919
			2280	919
			2279	919
			2278	919
			2277	919
			2276	919
			2275	919
			2274	919
			2273	919
			2272	919
			2271	918
			2270	918
			2269	918
			2268	918
			2267	918
			2266	919
			2265	919
			2264	919
			2263	919
			2262	919
			2261	919
			2260	919
			2259	919
			2258	919
			2257	919
			2256	919
			2255	919
			2254	919
			2253	919
			2252	919
			2251	919
			2250	920
			2249	920
			2248	920
			2247	920
			2246	920
			2245	920
			2244	920
			2243	920
			2243	921
			2242	921
			2241	921
			2240	921
			2239	921
			2238	921
			2237	921
			2236	922
			2235	922
			2234	922
			2233	922
			2232	922
			2231	922
			2230	923
			2229	923
			2228	923
			2227	923
			2226	924
			2225	924
			2224	924
			2223	924
			2222	925
			2221	925
			2220	925
			2219	925
			2218	926
			2217	926
			2216	926
			2215	927
			2214	927
			2213	927
			2212	927
			2211	927
			2210	927
			2209	928
			2208	928
			2207	928
			2206	928
			2205	928
			2204	928
			2203	928
			2202	928
			2201	929
			2200	929
			2199	929
			2198	929
			2197	929
			2196	929
			2195	929
			2194	929
			2193	930
			2192	930
			2191	930
			2190	930
			2189	930
			2188	930
			2187	930
			2186	930
			2185	931
			2184	931
			2183	931
			2182	931
			2181	931
			2180	931
			2179	931
			2178	932
			2177	932
			2176	932
			2175	932
			2174	932
			2173	932
			2172	932
			2171	932
			2170	932
			2169	933
			2168	933
			2167	933
			2166	933
			2165	933
			2164	933
			2163	933
			2162	933
			2161	933
			2160	934
			2159	934
			2158	934
			2157	934
			2156	934
			2155	934
			2154	934
			2153	934
			2152	935
			2151	935
			2150	935
			2149	935
			2148	935
		</Tail2>
		<AnalFin type=matrix rownames=FALSE colnames=FALSE nrow=117 ncol=2 as.numeric=TRUE >
			2148	935
			2147	935
			2146	935
			2145	936
			2144	936
			2143	936
			2142	936
			2141	936
			2140	936
			2139	936
			2138	937
			2137	937
			2136	937
			2135	937
			2134	937
			2133	938
			2132	938
			2131	938
			2130	938
			2129	938
			2128	939
			2127	939
			2126	939
			2125	939
			2124	940
			2123	940
			2122	940
			2121	940
			2120	940
			2119	941
			2118	941
			2117	941
			2116	941
			2115	942
			2114	942
			2113	942
			2112	942
			2111	943
			2110	943
			2109	943
			2108	943
			2107	944
			2106	944
			2105	944
			2104	945
			2103	945
			2102	945
			2101	946
			2100	946
			2099	946
			2098	946
			2097	947
			2096	947
			2095	947
			2094	948
			2093	948
			2092	948
			2091	949
			2090	949
			2089	950
			2088	950
			2087	950
			2086	951
			2085	951
			2084	952
			2083	952
			2082	952
			2081	953
			2080	953
			2079	954
			2078	954
			2077	954
			2076	955
			2075	955
			2075	956
			2074	956
			2073	957
			2072	957
			2071	958
			2070	958
			2070	959
			2069	959
			2068	960
			2067	960
			2066	961
			2065	962
			2064	962
			2063	963
			2062	963
			2061	964
			2060	965
			2059	965
			2058	966
			2058	967
			2057	967
			2056	968
			2055	969
			2054	969
			2053	970
			2052	971
			2051	972
			2050	973
			2049	974
			2048	975
			2047	976
			2046	977
			2045	978
			2044	979
			2043	980
			2042	981
			2041	981
			2040	982
			2040	983
			2039	984
			2038	984
			2038	985
			2037	986
		</AnalFin>
		<Pectfin type=matrix rownames=FALSE colnames=FALSE nrow=69 ncol=2 as.numeric=TRUE >
			1750	973
			1751	974
			1751	975
			1752	976
			1752	977
			1753	978
			1754	979
			1755	980
			1755	981
			1755	982
			1756	982
			1756	983
			1756	984
			1757	984
			1757	985
			1757	986
			1758	986
			1758	987
			1758	988
			1759	988
			1759	989
			1759	990
			1760	991
			1760	992
			1760	993
			1761	994
			1761	995
			1761	996
			1762	997
			1762	998
			1762	999
			1763	1000
			1763	1001
			1763	1002
			1763	1003
			1763	1004
			1764	1005
			1764	1006
			1764	1007
			1764	1008
			1764	1009
			1764	1010
			1764	1011
			1764	1012
			1765	1013
			1765	1014
			1765	1015
			1765	1016
			1765	1017
			1765	1018
			1765	1019
			1765	1020
			1765	1021
			1765	1022
			1764	1023
			1764	1024
			1764	1025
			1764	1026
			1764	1027
			1764	1028
			1764	1029
			1764	1030
			1763	1031
			1763	1032
			1763	1033
			1763	1034
			1762	1035
			1762	1036
			1762	1037
		</Pectfin>
		<Opercle type=matrix rownames=FALSE colnames=FALSE nrow=184 ncol=2 as.numeric=TRUE >
			1701	915
			1701	916
			1701	917
			1701	918
			1701	919
			1702	920
			1702	921
			1702	922
			1702	923
			1702	924
			1702	925
			1702	926
			1702	927
			1702	928
			1703	929
			1703	930
			1703	931
			1703	932
			1703	933
			1703	934
			1703	935
			1703	936
			1703	937
			1704	938
			1704	939
			1704	940
			1704	941
			1704	942
			1704	943
			1704	944
			1704	945
			1704	946
			1705	947
			1705	948
			1705	949
			1705	950
			1705	951
			1705	952
			1705	953
			1705	954
			1705	955
			1706	956
			1706	957
			1706	958
			1706	959
			1706	960
			1706	961
			1707	962
			1707	963
			1707	964
			1707	965
			1707	966
			1707	967
			1708	968
			1708	969
			1708	970
			1708	971
			1708	972
			1708	973
			1708	974
			1708	975
			1708	976
			1708	977
			1708	978
			1708	979
			1708	980
			1708	981
			1707	982
			1707	983
			1707	984
			1707	985
			1707	986
			1706	987
			1706	988
			1706	989
			1705	990
			1705	991
			1704	992
			1704	993
			1704	994
			1703	995
			1703	996
			1702	997
			1701	997
			1701	998
			1700	999
			1700	1000
			1699	1001
			1698	1002
			1697	1003
			1696	1004
			1695	1005
			1694	1006
			1694	1007
			1693	1008
			1692	1008
			1692	1009
			1691	1010
			1690	1010
			1690	1011
			1689	1012
			1688	1012
			1688	1013
			1687	1014
			1686	1015
			1685	1016
			1684	1017
			1683	1018
			1682	1019
			1681	1019
			1681	1020
			1680	1021
			1679	1021
			1678	1022
			1677	1023
			1676	1023
			1676	1024
			1675	1025
			1674	1025
			1673	1026
			1672	1027
			1671	1028
			1670	1028
			1669	1029
			1668	1030
			1667	1030
			1666	1031
			1665	1032
			1664	1032
			1663	1032
			1663	1033
			1662	1033
			1661	1033
			1661	1034
			1660	1034
			1659	1034
			1659	1035
			1658	1035
			1657	1036
			1656	1036
			1655	1037
			1654	1037
			1653	1037
			1652	1038
			1651	1038
			1650	1038
			1649	1038
			1648	1039
			1647	1039
			1646	1039
			1645	1039
			1644	1039
			1643	1039
			1642	1039
			1641	1039
			1640	1040
			1639	1040
			1638	1040
			1637	1040
			1636	1040
			1635	1039
			1634	1039
			1633	1039
			1632	1039
			1631	1039
			1630	1039
			1629	1039
			1628	1038
			1627	1038
			1626	1038
			1625	1038
			1624	1038
			1624	1037
			1623	1037
			1622	1037
			1621	1036
			1620	1036
			1619	1035
			1618	1035
			1617	1034
			1616	1034
			1615	1033
			1614	1033
			1613	1032
		</Opercle>
		<Preopercle type=matrix rownames=FALSE colnames=FALSE nrow=74 ncol=2 as.numeric=TRUE >
			1632	960
			1632	961
			1632	962
			1632	963
			1632	964
			1633	965
			1633	966
			1633	967
			1633	968
			1633	969
			1633	970
			1633	971
			1633	972
			1633	973
			1633	974
			1633	975
			1633	976
			1633	977
			1633	978
			1633	979
			1633	980
			1633	981
			1633	982
			1633	983
			1633	984
			1633	985
			1633	986
			1633	987
			1633	988
			1632	989
			1632	990
			1632	991
			1632	992
			1632	993
			1632	994
			1632	995
			1631	996
			1631	997
			1631	998
			1631	999
			1631	1000
			1630	1001
			1630	1002
			1630	1003
			1630	1004
			1630	1005
			1629	1006
			1629	1007
			1628	1008
			1628	1009
			1628	1010
			1627	1010
			1627	1011
			1627	1012
			1626	1013
			1626	1014
			1625	1015
			1625	1016
			1624	1017
			1623	1018
			1623	1019
			1622	1020
			1622	1021
			1621	1022
			1620	1023
			1619	1024
			1619	1025
			1618	1026
			1617	1027
			1616	1028
			1615	1029
			1614	1030
			1614	1031
			1613	1032
		</Preopercle>
	</curves.pixel>
	<curves.scaled type=list>
		<Eye type=matrix rownames=FALSE colnames=FALSE nrow=178 ncol=2 as.numeric=TRUE >
			64.9630198216592	-36.1995192213774
			65.00387706683	-36.1995192213774
			65.0447343120009	-36.2403764665482
			65.0855915571717	-36.2403764665482
			65.1264488023426	-36.2403764665482
			65.1673060475134	-36.2812337117191
			65.2081632926843	-36.2812337117191
			65.2490205378552	-36.3220909568899
			65.289877783026	-36.3220909568899
			65.3307350281969	-36.3629482020608
			65.3715922733677	-36.4038054472317
			65.4124495185386	-36.4038054472317
			65.4533067637094	-36.4446626924025
			65.4941640088803	-36.4855199375734
			65.5350212540511	-36.5263771827442
			65.575878499222	-36.5263771827442
			65.575878499222	-36.5672344279151
			65.6167357443929	-36.6080916730859
			65.6575929895637	-36.6489489182568
			65.6575929895637	-36.6898061634276
			65.6984502347346	-36.7306634085985
			65.6984502347346	-36.7715206537694
			65.6984502347346	-36.8123778989402
			65.7393074799054	-36.8532351441111
			65.7393074799054	-36.8940923892819
			65.7393074799054	-36.9349496344528
			65.7393074799054	-36.9758068796236
			65.7393074799054	-37.0166641247945
			65.7393074799054	-37.0575213699653
			65.7801647250763	-37.0983786151362
			65.7801647250763	-37.139235860307
			65.7801647250763	-37.1800931054779
			65.7801647250763	-37.2209503506487
			65.7393074799054	-37.2618075958196
			65.7393074799054	-37.3026648409905
			65.7393074799054	-37.3435220861613
			65.7393074799054	-37.3843793313322
			65.7393074799054	-37.425236576503
			65.7393074799054	-37.4660938216739
			65.6984502347346	-37.5069510668447
			65.6984502347346	-37.5478083120156
			65.6984502347346	-37.5886655571864
			65.6984502347346	-37.6295228023573
			65.6575929895637	-37.6703800475282
			65.6575929895637	-37.711237292699
			65.6575929895637	-37.7520945378699
			65.6167357443929	-37.7929517830407
			65.6167357443929	-37.8338090282116
			65.6167357443929	-37.8746662733824
			65.6167357443929	-37.9155235185533
			65.575878499222	-37.9563807637241
			65.5350212540511	-37.997238008895
			65.4941640088803	-38.0380952540658
			65.4941640088803	-38.0789524992367
			65.4533067637094	-38.1198097444076
			65.4533067637094	-38.1606669895784
			65.4124495185386	-38.1606669895784
			65.3715922733677	-38.2015242347493
			65.3715922733677	-38.2423814799201
			65.3307350281969	-38.283238725091
			65.289877783026	-38.3240959702618
			65.2490205378552	-38.3649532154327
			65.2081632926843	-38.4058104606035
			65.1673060475134	-38.4466677057744
			65.1264488023426	-38.4875249509453
			65.0855915571717	-38.5283821961161
			65.0447343120009	-38.5283821961161
			65.0447343120009	-38.569239441287
			65.00387706683	-38.569239441287
			64.9630198216592	-38.6100966864578
			64.9221625764883	-38.6100966864578
			64.8813053313175	-38.6509539316287
			64.8404480861466	-38.6918111767995
			64.7995908409758	-38.6918111767995
			64.7587335958049	-38.7326684219704
			64.7178763506341	-38.7326684219704
			64.6770191054632	-38.7326684219704
			64.6361618602923	-38.7735256671412
			64.5953046151215	-38.7735256671412
			64.5544473699506	-38.7735256671412
			64.5135901247798	-38.8143829123121
			64.4727328796089	-38.8143829123121
			64.4318756344381	-38.8143829123121
			64.3910183892672	-38.8143829123121
			64.3501611440964	-38.8143829123121
			64.3093038989255	-38.8143829123121
			64.2684466537547	-38.8143829123121
			64.2275894085838	-38.8143829123121
			64.1867321634129	-38.8143829123121
			64.1458749182421	-38.8143829123121
			64.1050176730712	-38.8143829123121
			64.0641604279004	-38.8143829123121
			64.0233031827295	-38.8143829123121
			63.9824459375587	-38.8143829123121
			63.9415886923878	-38.8143829123121
			63.900731447217	-38.7735256671412
			63.8598742020461	-38.7735256671412
			63.8190169568752	-38.7735256671412
			63.8190169568752	-38.7326684219704
			63.7781597117044	-38.7326684219704
			63.7373024665335	-38.7326684219704
			63.6964452213627	-38.6918111767995
			63.6555879761918	-38.6918111767995
			63.614730731021	-38.6509539316287
			63.5738734858501	-38.6100966864578
			63.5330162406793	-38.569239441287
			63.4921589955084	-38.5283821961161
			63.4921589955084	-38.4875249509453
			63.4513017503375	-38.4466677057744
			63.4513017503375	-38.4058104606035
			63.4104445051667	-38.3649532154327
			63.4104445051667	-38.3240959702618
			63.4104445051667	-38.283238725091
			63.4104445051667	-38.2423814799201
			63.3695872599958	-38.2015242347493
			63.3695872599958	-38.1606669895784
			63.3695872599958	-38.1198097444076
			63.3695872599958	-38.0789524992367
			63.3695872599958	-38.0380952540658
			63.3695872599958	-37.997238008895
			63.4104445051667	-37.9563807637241
			63.4104445051667	-37.9155235185533
			63.4104445051667	-37.8746662733824
			63.4104445051667	-37.8338090282116
			63.4104445051667	-37.7929517830407
			63.4104445051667	-37.7520945378699
			63.4513017503375	-37.711237292699
			63.4513017503375	-37.6703800475282
			63.4513017503375	-37.6295228023573
			63.4513017503375	-37.5886655571864
			63.4513017503375	-37.5478083120156
			63.4513017503375	-37.5069510668447
			63.4513017503375	-37.4660938216739
			63.4921589955084	-37.425236576503
			63.4921589955084	-37.3843793313322
			63.4921589955084	-37.3435220861613
			63.5330162406793	-37.3026648409905
			63.5330162406793	-37.2618075958196
			63.5330162406793	-37.2209503506487
			63.5738734858501	-37.1800931054779
			63.5738734858501	-37.139235860307
			63.5738734858501	-37.0983786151362
			63.614730731021	-37.0575213699653
			63.6555879761918	-37.0166641247945
			63.6555879761918	-36.9758068796236
			63.6964452213627	-36.9349496344528
			63.7373024665335	-36.8940923892819
			63.7781597117044	-36.8532351441111
			63.7781597117044	-36.8123778989402
			63.8190169568752	-36.7715206537694
			63.8598742020461	-36.7306634085985
			63.900731447217	-36.7306634085985
			63.9415886923878	-36.6898061634276
			63.9824459375587	-36.6489489182568
			64.0233031827295	-36.6080916730859
			64.0641604279004	-36.5672344279151
			64.1050176730712	-36.5672344279151
			64.1458749182421	-36.5263771827442
			64.1867321634129	-36.4855199375734
			64.2275894085838	-36.4855199375734
			64.2684466537547	-36.4446626924025
			64.3093038989255	-36.4446626924025
			64.3501611440964	-36.4038054472317
			64.3910183892672	-36.4038054472317
			64.4318756344381	-36.3629482020608
			64.4727328796089	-36.3629482020608
			64.5135901247798	-36.3629482020608
			64.5544473699506	-36.3220909568899
			64.5953046151215	-36.3220909568899
			64.6361618602923	-36.2812337117191
			64.6770191054632	-36.2812337117191
			64.7178763506341	-36.2812337117191
			64.7587335958049	-36.2403764665482
			64.7995908409758	-36.2403764665482
			64.8404480861466	-36.2403764665482
			64.8813053313175	-36.2403764665482
			64.9221625764883	-36.1995192213774
			64.9630198216592	-36.1995192213774
		</Eye>
		<Head type=matrix rownames=FALSE colnames=FALSE nrow=424 ncol=2 as.numeric=TRUE >
			61.6944402079908	-38.5283821961161
			61.6944402079908	-38.4875249509453
			61.7352974531616	-38.4466677057744
			61.7352974531616	-38.4058104606035
			61.7761546983325	-38.3649532154327
			61.8170119435034	-38.3240959702618
			61.8170119435034	-38.283238725091
			61.8578691886742	-38.2423814799201
			61.8578691886742	-38.2015242347493
			61.8987264338451	-38.1606669895784
			61.9395836790159	-38.1198097444076
			61.9395836790159	-38.0789524992367
			61.9804409241868	-38.0380952540658
			62.0212981693576	-37.997238008895
			62.0621554145285	-37.9563807637241
			62.0621554145285	-37.9155235185533
			62.1030126596993	-37.8746662733824
			62.1438699048702	-37.8338090282116
			62.1847271500411	-37.7929517830407
			62.2255843952119	-37.7520945378699
			62.2255843952119	-37.711237292699
			62.2664416403828	-37.6703800475282
			62.3072988855536	-37.6295228023573
			62.3481561307245	-37.5886655571864
			62.3890133758953	-37.5478083120156
			62.4298706210662	-37.5069510668447
			62.470727866237	-37.4660938216739
			62.5115851114079	-37.425236576503
			62.5524423565787	-37.3843793313322
			62.5932996017496	-37.3435220861613
			62.6341568469205	-37.3026648409905
			62.6750140920913	-37.3026648409905
			62.6750140920913	-37.2618075958196
			62.7158713372622	-37.2618075958196
			62.756728582433	-37.2209503506487
			62.7975858276039	-37.1800931054779
			62.8384430727747	-37.139235860307
			62.8793003179456	-37.0983786151362
			62.9201575631164	-37.0575213699653
			62.9610148082873	-37.0166641247945
			63.0018720534582	-36.9758068796236
			63.042729298629	-36.9758068796236
			63.0835865437999	-36.9349496344528
			63.1244437889707	-36.8940923892819
			63.1653010341416	-36.8532351441111
			63.2061582793124	-36.8532351441111
			63.2470155244833	-36.8123778989402
			63.2878727696541	-36.7715206537694
			63.328730014825	-36.7306634085985
			63.3695872599958	-36.7306634085985
			63.4104445051667	-36.6898061634276
			63.4513017503375	-36.6489489182568
			63.4921589955084	-36.6080916730859
			63.5330162406793	-36.5672344279151
			63.5738734858501	-36.5672344279151
			63.614730731021	-36.5263771827442
			63.6555879761918	-36.4855199375734
			63.6964452213627	-36.4855199375734
			63.7373024665335	-36.4446626924025
			63.7781597117044	-36.4038054472317
			63.8190169568752	-36.3629482020608
			63.8598742020461	-36.3629482020608
			63.900731447217	-36.3220909568899
			63.9415886923878	-36.2812337117191
			63.9824459375587	-36.2812337117191
			64.0233031827295	-36.2403764665482
			64.0641604279004	-36.2403764665482
			64.0641604279004	-36.1995192213774
			64.1050176730712	-36.1995192213774
			64.1458749182421	-36.1586619762065
			64.1867321634129	-36.1178047310357
			64.2275894085838	-36.1178047310357
			64.2684466537547	-36.0769474858648
			64.3093038989255	-36.0769474858648
			64.3501611440964	-36.036090240694
			64.3910183892672	-36.036090240694
			64.3910183892672	-35.9952329955231
			64.4318756344381	-35.9543757503522
			64.4727328796089	-35.9543757503522
			64.5135901247798	-35.9135185051814
			64.5544473699506	-35.9135185051814
			64.5953046151215	-35.8726612600105
			64.6361618602923	-35.8318040148397
			64.6770191054632	-35.8318040148397
			64.7178763506341	-35.7909467696688
			64.7587335958049	-35.7909467696688
			64.7995908409758	-35.750089524498
			64.8404480861466	-35.7092322793271
			64.8813053313175	-35.7092322793271
			64.9221625764883	-35.6683750341563
			64.9630198216592	-35.6683750341563
			65.00387706683	-35.6275177889854
			65.0447343120009	-35.6275177889854
			65.0855915571717	-35.5866605438146
			65.1264488023426	-35.5458032986437
			65.1673060475134	-35.5458032986437
			65.2081632926843	-35.5049460534728
			65.2490205378552	-35.5049460534728
			65.289877783026	-35.464088808302
			65.3307350281969	-35.4232315631311
			65.3715922733677	-35.4232315631311
			65.4124495185386	-35.3823743179603
			65.4533067637094	-35.3823743179603
			65.4941640088803	-35.3415170727894
			65.5350212540511	-35.3415170727894
			65.5350212540511	-35.3006598276186
			65.575878499222	-35.3006598276186
			65.6167357443929	-35.3006598276186
			65.6167357443929	-35.2598025824477
			65.6575929895637	-35.2598025824477
			65.6984502347346	-35.2598025824477
			65.7393074799054	-35.2189453372769
			65.7801647250763	-35.2189453372769
			65.8210219702471	-35.178088092106
			65.861879215418	-35.178088092106
			65.9027364605888	-35.178088092106
			65.9435937057597	-35.1372308469352
			65.9844509509306	-35.1372308469352
			66.0253081961014	-35.0963736017643
			66.0661654412723	-35.0963736017643
			66.1070226864431	-35.0555163565934
			66.147879931614	-35.0555163565934
			66.1887371767848	-35.0146591114226
			66.2295944219557	-34.9738018662517
			66.2704516671265	-34.9738018662517
			66.3113089122974	-34.9738018662517
			66.3521661574682	-34.9329446210809
			66.3930234026391	-34.89208737591
			66.43388064781	-34.89208737591
			66.4747378929808	-34.8512301307392
			66.5155951381517	-34.8512301307392
			66.5564523833225	-34.8103728855683
			66.5973096284934	-34.8103728855683
			66.6381668736642	-34.7695156403975
			66.6790241188351	-34.7695156403975
			66.7198813640059	-34.7286583952266
			66.7607386091768	-34.6878011500557
			66.8015958543477	-34.6878011500557
			66.8424530995185	-34.6469439048849
			66.8833103446894	-34.6469439048849
			66.9241675898602	-34.606086659714
			66.9650248350311	-34.5652294145432
			67.0058820802019	-34.5652294145432
			67.0467393253728	-34.5243721693723
			67.0875965705436	-34.5243721693723
			67.1284538157145	-34.4835149242015
			67.1693110608853	-34.4426576790306
			67.2101683060562	-34.4426576790306
			67.251025551227	-34.4018004338598
			67.2918827963979	-34.4018004338598
			67.3327400415688	-34.3609431886889
			67.3735972867396	-34.3609431886889
			67.3735972867396	-34.3200859435181
			67.4144545319105	-34.3200859435181
			67.4553117770813	-34.2792286983472
			67.4961690222522	-34.2383714531763
			67.537026267423	-34.2383714531763
			67.5778835125939	-34.1975142080055
			67.6187407577647	-34.1975142080055
			67.6187407577647	-34.1566569628346
			67.6595980029356	-34.1566569628346
			67.7004552481065	-34.1566569628346
			67.7413124932773	-34.1157997176638
			67.7821697384482	-34.0749424724929
			67.823026983619	-34.0749424724929
			67.8638842287899	-34.0340852273221
			67.9047414739607	-34.0340852273221
			67.9455987191316	-34.0340852273221
			67.9864559643024	-33.9932279821512
			68.0273132094733	-33.9523707369804
			68.0681704546441	-33.9523707369804
			68.109027699815	-33.9523707369804
			68.1498849449859	-33.9115134918095
			68.1907421901567	-33.9115134918095
			68.2315994353276	-33.9115134918095
			68.2724566804984	-33.8706562466387
			68.3133139256693	-33.8706562466387
			68.3541711708401	-33.8706562466387
			68.395028416011	-33.8297990014678
			68.4358856611818	-33.8297990014678
			68.4767429063527	-33.8297990014678
			68.5176001515236	-33.7889417562969
			68.5584573966944	-33.7889417562969
			68.5993146418653	-33.7889417562969
			68.6401718870361	-33.7480845111261
			68.681029132207	-33.7480845111261
			68.7218863773778	-33.7480845111261
			68.7627436225487	-33.7072272659552
			68.8036008677195	-33.7072272659552
			68.8444581128904	-33.6663700207844
			68.8853153580612	-33.6663700207844
			68.9261726032321	-33.6663700207844
			68.967029848403	-33.6255127756135
			69.0078870935738	-33.6255127756135
			69.0487443387447	-33.5846555304427
			69.0896015839155	-33.5846555304427
			69.1304588290864	-33.5846555304427
			69.1713160742572	-33.5437982852718
			69.2121733194281	-33.5437982852718
			69.2530305645989	-33.5437982852718
			69.2530305645989	-33.502941040101
			69.2938878097698	-33.502941040101
			69.3347450549407	-33.502941040101
			69.3756023001115	-33.4620837949301
			69.4164595452824	-33.4620837949301
			69.4573167904532	-33.4212265497593
			69.4981740356241	-33.4212265497593
			69.5390312807949	-33.3803693045884
			69.5798885259658	-33.3803693045884
			69.6207457711366	-33.3803693045884
			69.6207457711366	-33.3395120594175
			69.6616030163075	-33.3395120594175
			69.7024602614783	-33.3395120594175
			69.7433175066492	-33.2986548142467
			69.78417475182	-33.2577975690758
			69.8250319969909	-33.2577975690758
			69.8658892421618	-33.216940323905
			69.9067464873326	-33.216940323905
			69.9476037325035	-33.1760830787341
			69.9884609776743	-33.1760830787341
			70.0293182228452	-33.1352258335633
			70.070175468016	-33.0943685883924
			70.1110327131869	-33.0535113432216
			70.1518899583577	-33.0535113432216
			70.1927472035286	-33.0535113432216
			70.2336044486995	-33.0126540980507
			70.2744616938703	-33.0126540980507
			70.3153189390412	-33.0126540980507
			70.356176184212	-33.0126540980507
			70.3970334293829	-32.9717968528798
			70.4378906745537	-32.9717968528798
			70.4787479197246	-32.9717968528798
			70.5196051648954	-32.930939607709
			70.5604624100663	-32.930939607709
			70.6013196552371	-32.8900823625381
			70.642176900408	-32.8900823625381
			70.6830341455789	-32.8492251173673
			70.7238913907497	-32.8083678721964
			70.7647486359206	-32.7675106270256
			70.8056058810914	-32.7675106270256
			70.8464631262623	-32.7266533818547
			70.8873203714331	-32.7266533818547
			70.928177616604	-32.6857961366839
			70.9690348617748	-32.6857961366839
			71.0098921069457	-32.6857961366839
			71.0507493521166	-32.644938891513
			71.0916065972874	-32.644938891513
			71.1324638424583	-32.6040816463422
			71.1733210876291	-32.6040816463422
			71.2141783328	-32.5632244011713
			71.2550355779708	-32.5632244011713
			71.2958928231417	-32.5632244011713
			71.3367500683125	-32.5223671560004
			71.3776073134834	-32.5223671560004
			71.4184645586543	-32.4815099108296
			71.4593218038251	-32.4815099108296
			71.500179048996	-32.4815099108296
			71.5410362941668	-32.4815099108296
			71.5410362941668	-32.4406526656587
			71.5818935393377	-32.4406526656587
			71.6227507845085	-32.4406526656587
			71.6636080296794	-32.3997954204879
			71.7044652748502	-32.3997954204879
			71.7453225200211	-32.3997954204879
			71.7861797651919	-32.358938175317
			71.8270370103628	-32.358938175317
			71.8678942555336	-32.358938175317
			71.9087515007045	-32.358938175317
			71.9087515007045	-32.3180809301462
			71.9496087458754	-32.3180809301462
			71.9904659910462	-32.3180809301462
			72.0313232362171	-32.2772236849753
			72.0721804813879	-32.2772236849753
			72.1130377265588	-32.2772236849753
			72.1538949717296	-32.2772236849753
			72.1947522169005	-32.2363664398045
			72.2356094620713	-32.2363664398045
			72.2764667072422	-32.2363664398045
			72.317323952413	-32.1955091946336
			72.3581811975839	-32.1955091946336
			72.3990384427548	-32.1955091946336
			72.4398956879256	-32.1546519494628
			72.4807529330965	-32.1546519494628
			72.5216101782673	-32.1546519494628
			72.5624674234382	-32.1546519494628
			72.603324668609	-32.1546519494628
			72.6441819137799	-32.1137947042919
			72.6850391589507	-32.1137947042919
			72.7258964041216	-32.1137947042919
			72.7667536492925	-32.072937459121
			72.8076108944633	-32.072937459121
			72.8484681396342	-32.072937459121
			72.889325384805	-32.072937459121
			72.9301826299759	-32.0320802139502
			72.9710398751467	-32.0320802139502
			73.0118971203176	-32.0320802139502
			73.0527543654884	-32.0320802139502
			73.0936116106593	-32.0320802139502
			73.1344688558301	-31.9912229687793
			73.175326101001	-31.9912229687793
			73.2161833461719	-31.9912229687793
			73.2570405913427	-31.9912229687793
			73.2978978365136	-31.9912229687793
			73.2978978365136	-31.9503657236085
			73.3387550816844	-31.9503657236085
			73.3796123268553	-31.9503657236085
			73.4204695720261	-31.9503657236085
			73.461326817197	-31.9503657236085
			73.5021840623678	-31.9095084784376
			73.5430413075387	-31.9095084784376
			73.5838985527096	-31.9095084784376
			73.6247557978804	-31.9095084784376
			73.6656130430513	-31.9095084784376
			73.7064702882221	-31.9095084784376
			73.747327533393	-31.8686512332668
			73.7881847785638	-31.8686512332668
			73.8290420237347	-31.8686512332668
			73.8698992689055	-31.8686512332668
			73.9107565140764	-31.8686512332668
			73.9516137592472	-31.8277939880959
			73.9924710044181	-31.8277939880959
			74.0333282495889	-31.8277939880959
			74.0741854947598	-31.8277939880959
			74.1150427399307	-31.8277939880959
			74.1558999851015	-31.8277939880959
			74.1967572302724	-31.7869367429251
			74.2376144754432	-31.7869367429251
			74.2784717206141	-31.7869367429251
			74.3193289657849	-31.7869367429251
			74.3601862109558	-31.7869367429251
			74.4010434561266	-31.7869367429251
			74.4419007012975	-31.7460794977542
			74.4827579464684	-31.7460794977542
			74.5236151916392	-31.7460794977542
			74.5644724368101	-31.7460794977542
			74.6053296819809	-31.7460794977542
			74.6461869271518	-31.7460794977542
			74.6870441723226	-31.7460794977542
			74.6870441723226	-31.7052222525833
			74.7279014174935	-31.7052222525833
			74.7687586626643	-31.7052222525833
			74.8096159078352	-31.7052222525833
			74.850473153006	-31.7052222525833
			74.8913303981769	-31.7052222525833
			74.9321876433478	-31.7052222525833
			74.9730448885186	-31.6643650074125
			75.0139021336895	-31.6643650074125
			75.0547593788603	-31.6643650074125
			75.0956166240312	-31.6643650074125
			75.136473869202	-31.6643650074125
			75.1773311143729	-31.6643650074125
			75.2181883595437	-31.6643650074125
			75.2590456047146	-31.6643650074125
			75.2999028498855	-31.6235077622416
			75.3407600950563	-31.6235077622416
			75.3816173402272	-31.6235077622416
			75.422474585398	-31.6235077622416
			75.4633318305689	-31.6235077622416
			75.5041890757397	-31.6235077622416
			75.5450463209106	-31.6235077622416
			75.5859035660814	-31.6235077622416
			75.6267608112523	-31.5826505170708
			75.6676180564232	-31.5826505170708
			75.708475301594	-31.5826505170708
			75.7493325467649	-31.5826505170708
			75.7901897919357	-31.5826505170708
			75.8310470371066	-31.5826505170708
			75.8719042822774	-31.5826505170708
			75.9127615274483	-31.5826505170708
			75.9536187726191	-31.5417932718999
			75.99447601779	-31.5417932718999
			76.0353332629608	-31.5417932718999
			76.0761905081317	-31.5417932718999
			76.1170477533025	-31.5417932718999
			76.1579049984734	-31.5417932718999
			76.1987622436443	-31.5417932718999
			76.2396194888151	-31.5417932718999
			76.280476733986	-31.5417932718999
			76.3213339791568	-31.5417932718999
			76.3621912243277	-31.5417932718999
			76.3621912243277	-31.5009360267291
			76.4030484694985	-31.5009360267291
			76.4439057146694	-31.5009360267291
			76.4847629598402	-31.5009360267291
			76.5256202050111	-31.5009360267291
			76.5664774501819	-31.5009360267291
			76.6073346953528	-31.5009360267291
			76.6481919405237	-31.5009360267291
			76.6890491856945	-31.5009360267291
			76.7299064308654	-31.5009360267291
			76.7707636760362	-31.5009360267291
			76.8116209212071	-31.4600787815582
			76.8524781663779	-31.4600787815582
			76.8933354115488	-31.4600787815582
			76.9341926567196	-31.4600787815582
			76.9750499018905	-31.4600787815582
			77.0159071470614	-31.4600787815582
			77.0567643922322	-31.4600787815582
			77.0976216374031	-31.4600787815582
			77.1384788825739	-31.4600787815582
			77.1793361277448	-31.4600787815582
			77.2201933729156	-31.4600787815582
			77.2610506180865	-31.4600787815582
			77.3019078632573	-31.4192215363874
			77.3427651084282	-31.4192215363874
			77.3836223535991	-31.4192215363874
			77.4244795987699	-31.4192215363874
			77.4653368439408	-31.4192215363874
			77.5061940891116	-31.4192215363874
			77.5470513342825	-31.4192215363874
			77.5879085794533	-31.4192215363874
			77.6287658246242	-31.4192215363874
			77.669623069795	-31.4192215363874
			77.7104803149659	-31.4192215363874
			77.7513375601367	-31.4192215363874
			77.7921948053076	-31.4192215363874
			77.8330520504785	-31.3783642912165
			77.8739092956493	-31.3783642912165
			77.9147665408202	-31.3783642912165
			77.955623785991	-31.3783642912165
			77.9964810311619	-31.3783642912165
			78.0373382763327	-31.3783642912165
			78.0781955215036	-31.3783642912165
			78.1190527666744	-31.3783642912165
		</Head>
		<Tail1 type=matrix rownames=FALSE colnames=FALSE nrow=359 ncol=2 as.numeric=TRUE >
			78.1190527666744	-31.3783642912165
			78.1599100118453	-31.3783642912165
			78.2007672570161	-31.4192215363874
			78.241624502187	-31.4192215363874
			78.2824817473578	-31.4192215363874
			78.3233389925287	-31.4192215363874
			78.3641962376996	-31.4192215363874
			78.4050534828704	-31.4600787815582
			78.4459107280413	-31.4600787815582
			78.4867679732121	-31.4600787815582
			78.527625218383	-31.4600787815582
			78.5684824635538	-31.4600787815582
			78.6093397087247	-31.4600787815582
			78.6093397087247	-31.5009360267291
			78.6501969538955	-31.5009360267291
			78.6910541990664	-31.5009360267291
			78.7319114442373	-31.5009360267291
			78.7727686894081	-31.5009360267291
			78.813625934579	-31.5009360267291
			78.813625934579	-31.5417932718999
			78.8544831797498	-31.5417932718999
			78.8953404249207	-31.5417932718999
			78.9361976700915	-31.5417932718999
			78.9770549152624	-31.5417932718999
			79.0179121604332	-31.5417932718999
			79.0587694056041	-31.5826505170708
			79.099626650775	-31.5826505170708
			79.1404838959458	-31.5826505170708
			79.1813411411167	-31.5826505170708
			79.2221983862875	-31.5826505170708
			79.2630556314584	-31.5826505170708
			79.3039128766292	-31.6235077622416
			79.3447701218001	-31.6235077622416
			79.3856273669709	-31.6235077622416
			79.4264846121418	-31.6235077622416
			79.4673418573126	-31.6235077622416
			79.5081991024835	-31.6235077622416
			79.5490563476544	-31.6235077622416
			79.5899135928252	-31.6643650074125
			79.6307708379961	-31.6643650074125
			79.6716280831669	-31.6643650074125
			79.7124853283378	-31.6643650074125
			79.7533425735086	-31.6643650074125
			79.7941998186795	-31.6643650074125
			79.8350570638503	-31.6643650074125
			79.8759143090212	-31.6643650074125
			79.9167715541921	-31.7052222525833
			79.9576287993629	-31.7052222525833
			79.9984860445338	-31.7052222525833
			80.0393432897046	-31.7052222525833
			80.0802005348755	-31.7052222525833
			80.1210577800463	-31.7052222525833
			80.1619150252172	-31.7052222525833
			80.202772270388	-31.7052222525833
			80.2436295155589	-31.7052222525833
			80.2844867607297	-31.7460794977542
			80.3253440059006	-31.7460794977542
			80.3662012510715	-31.7460794977542
			80.4070584962423	-31.7460794977542
			80.4479157414132	-31.7460794977542
			80.488772986584	-31.7460794977542
			80.5296302317549	-31.7460794977542
			80.5704874769257	-31.7460794977542
			80.6113447220966	-31.7460794977542
			80.6522019672674	-31.7460794977542
			80.6930592124383	-31.7869367429251
			80.7339164576091	-31.7869367429251
			80.77477370278	-31.7869367429251
			80.8156309479509	-31.7869367429251
			80.8564881931217	-31.7869367429251
			80.8973454382926	-31.7869367429251
			80.9382026834634	-31.7869367429251
			80.9790599286343	-31.7869367429251
			81.0199171738051	-31.7869367429251
			81.060774418976	-31.7869367429251
			81.1016316641468	-31.7869367429251
			81.1424889093177	-31.7869367429251
			81.1833461544885	-31.7869367429251
			81.2242033996594	-31.7869367429251
			81.2650606448303	-31.8277939880959
			81.3059178900011	-31.8277939880959
			81.346775135172	-31.8277939880959
			81.3876323803428	-31.8277939880959
			81.4284896255137	-31.8277939880959
			81.4693468706845	-31.8277939880959
			81.5102041158554	-31.8277939880959
			81.5510613610262	-31.8277939880959
			81.5919186061971	-31.8277939880959
			81.632775851368	-31.8277939880959
			81.6736330965388	-31.8277939880959
			81.7144903417097	-31.8277939880959
			81.7553475868805	-31.8277939880959
			81.7962048320514	-31.8277939880959
			81.8370620772222	-31.8277939880959
			81.8779193223931	-31.8277939880959
			81.9187765675639	-31.8277939880959
			81.9596338127348	-31.8277939880959
			82.0004910579056	-31.8277939880959
			82.0413483030765	-31.8277939880959
			82.0822055482474	-31.8277939880959
			82.1230627934182	-31.8686512332668
			82.1639200385891	-31.8686512332668
			82.2047772837599	-31.8686512332668
			82.2456345289308	-31.8686512332668
			82.2864917741016	-31.8686512332668
			82.3273490192725	-31.8686512332668
			82.3682062644433	-31.8686512332668
			82.4090635096142	-31.8686512332668
			82.4499207547851	-31.8686512332668
			82.4907779999559	-31.8686512332668
			82.5316352451268	-31.8686512332668
			82.5724924902976	-31.8686512332668
			82.6133497354685	-31.8686512332668
			82.6542069806393	-31.8686512332668
			82.6950642258102	-31.8686512332668
			82.735921470981	-31.8686512332668
			82.7767787161519	-31.8686512332668
			82.8176359613227	-31.8686512332668
			82.8584932064936	-31.8686512332668
			82.8993504516644	-31.8686512332668
			82.9402076968353	-31.8686512332668
			82.9810649420062	-31.8686512332668
			83.021922187177	-31.9095084784376
			83.0627794323479	-31.9095084784376
			83.1036366775187	-31.9095084784376
			83.1444939226896	-31.9095084784376
			83.1853511678604	-31.9095084784376
			83.2262084130313	-31.9095084784376
			83.2670656582021	-31.9095084784376
			83.307922903373	-31.9095084784376
			83.3487801485439	-31.9095084784376
			83.3896373937147	-31.9095084784376
			83.4304946388856	-31.9095084784376
			83.4713518840564	-31.9095084784376
			83.5122091292273	-31.9095084784376
			83.5530663743981	-31.9095084784376
			83.593923619569	-31.9095084784376
			83.6347808647398	-31.9095084784376
			83.6756381099107	-31.9095084784376
			83.7164953550815	-31.9095084784376
			83.7573526002524	-31.9095084784376
			83.7982098454233	-31.9503657236085
			83.8390670905941	-31.9503657236085
			83.879924335765	-31.9503657236085
			83.9207815809358	-31.9503657236085
			83.9616388261067	-31.9503657236085
			84.0024960712775	-31.9503657236085
			84.0433533164484	-31.9503657236085
			84.0842105616192	-31.9503657236085
			84.1250678067901	-31.9503657236085
			84.165925051961	-31.9503657236085
			84.2067822971318	-31.9503657236085
			84.2476395423027	-31.9503657236085
			84.2884967874735	-31.9503657236085
			84.3293540326444	-31.9503657236085
			84.3702112778152	-31.9503657236085
			84.4110685229861	-31.9503657236085
			84.4519257681569	-31.9503657236085
			84.4927830133278	-31.9503657236085
			84.5336402584987	-31.9503657236085
			84.5744975036695	-31.9912229687793
			84.6153547488404	-31.9912229687793
			84.6562119940112	-31.9912229687793
			84.6970692391821	-31.9912229687793
			84.7379264843529	-31.9912229687793
			84.7787837295238	-31.9912229687793
			84.8196409746946	-31.9912229687793
			84.8604982198655	-31.9912229687793
			84.9013554650363	-31.9912229687793
			84.9422127102072	-31.9912229687793
			84.983069955378	-31.9912229687793
			85.0239272005489	-31.9912229687793
			85.0647844457198	-31.9912229687793
			85.1056416908906	-31.9912229687793
			85.1464989360615	-31.9912229687793
			85.1873561812323	-31.9912229687793
			85.2282134264032	-31.9912229687793
			85.269070671574	-32.0320802139502
			85.3099279167449	-32.0320802139502
			85.3507851619157	-32.0320802139502
			85.3916424070866	-32.0320802139502
			85.4324996522574	-32.0320802139502
			85.4733568974283	-32.0320802139502
			85.5142141425992	-32.0320802139502
			85.55507138777	-32.0320802139502
			85.5959286329409	-32.0320802139502
			85.6367858781117	-32.0320802139502
			85.6776431232826	-32.0320802139502
			85.7185003684534	-32.0320802139502
			85.7593576136243	-32.0320802139502
			85.8002148587951	-32.0320802139502
			85.841072103966	-32.072937459121
			85.8819293491369	-32.072937459121
			85.9227865943077	-32.072937459121
			85.9636438394786	-32.072937459121
			86.0045010846494	-32.072937459121
			86.0453583298203	-32.072937459121
			86.0862155749911	-32.072937459121
			86.127072820162	-32.072937459121
			86.1679300653328	-32.072937459121
			86.2087873105037	-32.072937459121
			86.2496445556745	-32.072937459121
			86.2905018008454	-32.1137947042919
			86.3313590460163	-32.1137947042919
			86.3722162911871	-32.1137947042919
			86.413073536358	-32.1137947042919
			86.4539307815288	-32.1137947042919
			86.4947880266997	-32.1137947042919
			86.5356452718705	-32.1137947042919
			86.5765025170414	-32.1137947042919
			86.6173597622122	-32.1137947042919
			86.6582170073831	-32.1137947042919
			86.699074252554	-32.1137947042919
			86.7399314977248	-32.1137947042919
			86.7807887428957	-32.1137947042919
			86.8216459880665	-32.1546519494628
			86.8625032332374	-32.1546519494628
			86.9033604784082	-32.1546519494628
			86.9442177235791	-32.1546519494628
			86.9850749687499	-32.1546519494628
			87.0259322139208	-32.1546519494628
			87.0667894590916	-32.1546519494628
			87.1076467042625	-32.1546519494628
			87.1485039494333	-32.1546519494628
			87.1893611946042	-32.1546519494628
			87.2302184397751	-32.1546519494628
			87.2710756849459	-32.1955091946336
			87.3119329301168	-32.1955091946336
			87.3527901752876	-32.1955091946336
			87.3936474204585	-32.1955091946336
			87.4345046656293	-32.1955091946336
			87.4753619108002	-32.1955091946336
			87.516219155971	-32.1955091946336
			87.5570764011419	-32.1955091946336
			87.5979336463128	-32.1955091946336
			87.6387908914836	-32.1955091946336
			87.6796481366545	-32.1955091946336
			87.7205053818253	-32.1955091946336
			87.7613626269962	-32.1955091946336
			87.802219872167	-32.1955091946336
			87.8430771173379	-32.2363664398045
			87.8839343625087	-32.2363664398045
			87.9247916076796	-32.2363664398045
			87.9656488528504	-32.2363664398045
			88.0065060980213	-32.2363664398045
			88.0473633431922	-32.2363664398045
			88.088220588363	-32.2363664398045
			88.1290778335339	-32.2363664398045
			88.1699350787047	-32.2363664398045
			88.2107923238756	-32.2363664398045
			88.2516495690464	-32.2363664398045
			88.2925068142173	-32.2363664398045
			88.3333640593881	-32.2363664398045
			88.374221304559	-32.2363664398045
			88.4150785497299	-32.2772236849753
			88.4559357949007	-32.2772236849753
			88.4967930400716	-32.2772236849753
			88.5376502852424	-32.2772236849753
			88.5785075304133	-32.2772236849753
			88.6193647755841	-32.2772236849753
			88.660222020755	-32.2772236849753
			88.7010792659258	-32.2772236849753
			88.7419365110967	-32.2772236849753
			88.7827937562676	-32.2772236849753
			88.8236510014384	-32.2772236849753
			88.8645082466093	-32.2772236849753
			88.9053654917801	-32.2772236849753
			88.946222736951	-32.2772236849753
			88.9870799821218	-32.2772236849753
			89.0279372272927	-32.3180809301462
			89.0687944724635	-32.3180809301462
			89.1096517176344	-32.3180809301462
			89.1505089628052	-32.3180809301462
			89.1913662079761	-32.3180809301462
			89.2322234531469	-32.3180809301462
			89.2730806983178	-32.3180809301462
			89.3139379434887	-32.3180809301462
			89.3547951886595	-32.3180809301462
			89.3956524338304	-32.3180809301462
			89.4365096790012	-32.3180809301462
			89.4773669241721	-32.3180809301462
			89.5182241693429	-32.3180809301462
			89.5590814145138	-32.3180809301462
			89.5999386596846	-32.3180809301462
			89.6407959048555	-32.3180809301462
			89.6816531500263	-32.358938175317
			89.7225103951972	-32.358938175317
			89.7633676403681	-32.358938175317
			89.8042248855389	-32.358938175317
			89.8450821307098	-32.358938175317
			89.8859393758806	-32.358938175317
			89.9267966210515	-32.358938175317
			89.9676538662223	-32.358938175317
			90.0085111113932	-32.358938175317
			90.049368356564	-32.358938175317
			90.0902256017349	-32.358938175317
			90.1310828469058	-32.358938175317
			90.1310828469058	-32.3997954204879
			90.1719400920766	-32.3997954204879
			90.2127973372475	-32.3997954204879
			90.2536545824183	-32.3997954204879
			90.2945118275892	-32.4406526656587
			90.33536907276	-32.4406526656587
			90.3762263179309	-32.4406526656587
			90.4170835631017	-32.4406526656587
			90.4579408082726	-32.4406526656587
			90.4987980534435	-32.4406526656587
			90.5396552986143	-32.4815099108296
			90.5805125437852	-32.4815099108296
			90.621369788956	-32.4815099108296
			90.6622270341269	-32.4815099108296
			90.7030842792977	-32.4815099108296
			90.7439415244686	-32.4815099108296
			90.7847987696394	-32.4815099108296
			90.8256560148103	-32.4815099108296
			90.8665132599811	-32.4815099108296
			90.907370505152	-32.4815099108296
			90.9482277503229	-32.5223671560004
			90.9890849954937	-32.5223671560004
			91.0299422406646	-32.5223671560004
			91.0707994858354	-32.5223671560004
			91.1116567310063	-32.5223671560004
			91.1525139761771	-32.5223671560004
			91.193371221348	-32.5223671560004
			91.2342284665188	-32.5223671560004
			91.2750857116897	-32.5223671560004
			91.3159429568606	-32.5223671560004
			91.3568002020314	-32.5223671560004
			91.3976574472022	-32.5223671560004
			91.4385146923731	-32.5223671560004
			91.479371937544	-32.5223671560004
			91.5202291827148	-32.5223671560004
			91.5610864278857	-32.5223671560004
			91.5610864278857	-32.5632244011713
			91.6019436730565	-32.5632244011713
			91.6428009182274	-32.5632244011713
			91.6836581633982	-32.5632244011713
			91.7245154085691	-32.6040816463422
			91.7653726537399	-32.6040816463422
			91.8062298989108	-32.6040816463422
			91.8470871440817	-32.6040816463422
			91.8879443892525	-32.644938891513
			91.9288016344234	-32.644938891513
			91.9696588795942	-32.644938891513
			92.0105161247651	-32.644938891513
			92.0513733699359	-32.644938891513
			92.0922306151068	-32.644938891513
			92.1330878602776	-32.644938891513
			92.1739451054485	-32.644938891513
			92.2148023506194	-32.644938891513
			92.2556595957902	-32.644938891513
			92.2965168409611	-32.644938891513
			92.3373740861319	-32.644938891513
			92.3782313313028	-32.644938891513
			92.4190885764736	-32.644938891513
			92.4599458216445	-32.644938891513
			92.5008030668153	-32.6040816463422
			92.5416603119862	-32.6040816463422
			92.582517557157	-32.6040816463422
		</Tail1>
		<End type=matrix rownames=FALSE colnames=FALSE nrow=187 ncol=2 as.numeric=TRUE >
			92.582517557157	-32.6040816463422
			92.6233748023279	-32.6040816463422
			92.6642320474988	-32.6040816463422
			92.7050892926696	-32.5632244011713
			92.7459465378405	-32.5632244011713
			92.7868037830113	-32.5632244011713
			92.8276610281822	-32.5632244011713
			92.868518273353	-32.5632244011713
			92.9093755185239	-32.5632244011713
			92.9502327636947	-32.5223671560004
			92.9910900088656	-32.5223671560004
			93.0319472540365	-32.5223671560004
			93.0728044992073	-32.5223671560004
			93.1136617443782	-32.5223671560004
			93.154518989549	-32.5223671560004
			93.1953762347199	-32.5223671560004
			93.2362334798907	-32.5223671560004
			93.2770907250616	-32.5223671560004
			93.3179479702324	-32.4815099108296
			93.3588052154033	-32.4815099108296
			93.3996624605741	-32.4815099108296
			93.440519705745	-32.4815099108296
			93.4813769509159	-32.4815099108296
			93.5222341960867	-32.4815099108296
			93.5630914412576	-32.4815099108296
			93.6039486864284	-32.4815099108296
			93.6448059315993	-32.4815099108296
			93.6856631767701	-32.4815099108296
			93.726520421941	-32.4815099108296
			93.7673776671118	-32.4815099108296
			93.8082349122827	-32.4815099108296
			93.8490921574535	-32.4815099108296
			93.8899494026244	-32.4815099108296
			93.9308066477953	-32.5223671560004
			93.9716638929661	-32.5223671560004
			94.012521138137	-32.5223671560004
			94.0533783833078	-32.5223671560004
			94.0942356284787	-32.5223671560004
			94.1350928736495	-32.5223671560004
			94.1759501188204	-32.5223671560004
			94.2168073639912	-32.5632244011713
			94.2576646091621	-32.5632244011713
			94.2985218543329	-32.5632244011713
			94.3393790995038	-32.6040816463422
			94.3802363446747	-32.6040816463422
			94.4210935898455	-32.6040816463422
			94.4619508350164	-32.644938891513
			94.5028080801872	-32.644938891513
			94.5436653253581	-32.6857961366839
			94.5845225705289	-32.6857961366839
			94.6253798156998	-32.7266533818547
			94.6662370608706	-32.7675106270256
			94.7070943060415	-32.7675106270256
			94.7070943060415	-32.8083678721964
			94.7479515512124	-32.8083678721964
			94.7888087963832	-32.8492251173673
			94.8296660415541	-32.8900823625381
			94.8296660415541	-32.930939607709
			94.8705232867249	-32.9717968528798
			94.9113805318958	-33.0126540980507
			94.9113805318958	-33.0535113432216
			94.9522377770666	-33.0943685883924
			94.9522377770666	-33.1352258335633
			94.9930950222375	-33.1760830787341
			94.9930950222375	-33.216940323905
			94.9930950222375	-33.2577975690758
			94.9930950222375	-33.2986548142467
			94.9930950222375	-33.3395120594175
			94.9930950222375	-33.3803693045884
			94.9930950222375	-33.4212265497593
			94.9930950222375	-33.4620837949301
			94.9930950222375	-33.502941040101
			94.9930950222375	-33.5437982852718
			94.9930950222375	-33.5846555304427
			94.9930950222375	-33.6255127756135
			94.9930950222375	-33.6663700207844
			94.9930950222375	-33.7072272659552
			94.9930950222375	-33.7480845111261
			94.9930950222375	-33.7889417562969
			94.9930950222375	-33.8297990014678
			95.0339522674083	-33.8706562466387
			95.0339522674083	-33.9115134918095
			95.0339522674083	-33.9523707369804
			95.0339522674083	-33.9932279821512
			95.0339522674083	-34.0340852273221
			95.0339522674083	-34.0749424724929
			95.0339522674083	-34.1157997176638
			95.0339522674083	-34.1566569628346
			95.0339522674083	-34.1975142080055
			95.0339522674083	-34.2383714531763
			95.0339522674083	-34.2792286983472
			95.0339522674083	-34.3200859435181
			95.0339522674083	-34.3609431886889
			95.0339522674083	-34.4018004338598
			95.0339522674083	-34.4426576790306
			95.0339522674083	-34.4835149242015
			95.0339522674083	-34.5243721693723
			95.0339522674083	-34.5652294145432
			95.0339522674083	-34.606086659714
			95.0339522674083	-34.6469439048849
			95.0339522674083	-34.6878011500557
			95.0339522674083	-34.7286583952266
			95.0339522674083	-34.7695156403975
			95.0339522674083	-34.8103728855683
			95.0339522674083	-34.8512301307392
			95.0339522674083	-34.89208737591
			95.0339522674083	-34.9329446210809
			95.0339522674083	-34.9738018662517
			95.0748095125792	-35.0146591114226
			95.0748095125792	-35.0555163565934
			95.0748095125792	-35.0963736017643
			95.0748095125792	-35.1372308469352
			95.0748095125792	-35.178088092106
			95.0748095125792	-35.2189453372769
			95.0748095125792	-35.2598025824477
			95.0748095125792	-35.3006598276186
			95.0748095125792	-35.3415170727894
			95.0748095125792	-35.3823743179603
			95.0748095125792	-35.4232315631311
			95.0748095125792	-35.464088808302
			95.0748095125792	-35.5049460534728
			95.0748095125792	-35.5458032986437
			95.0748095125792	-35.5866605438146
			95.0748095125792	-35.6275177889854
			95.0748095125792	-35.6683750341563
			95.0748095125792	-35.7092322793271
			95.0748095125792	-35.750089524498
			95.0748095125792	-35.7909467696688
			95.0748095125792	-35.8318040148397
			95.0748095125792	-35.8726612600105
			95.0748095125792	-35.9135185051814
			95.0748095125792	-35.9543757503522
			95.0748095125792	-35.9952329955231
			95.0748095125792	-36.036090240694
			95.11566675775	-36.0769474858648
			95.11566675775	-36.1178047310357
			95.11566675775	-36.1586619762065
			95.11566675775	-36.1995192213774
			95.11566675775	-36.2403764665482
			95.11566675775	-36.2812337117191
			95.11566675775	-36.3220909568899
			95.11566675775	-36.3629482020608
			95.11566675775	-36.4038054472317
			95.11566675775	-36.4446626924025
			95.11566675775	-36.4855199375734
			95.11566675775	-36.5263771827442
			95.11566675775	-36.5672344279151
			95.11566675775	-36.6080916730859
			95.11566675775	-36.6489489182568
			95.0748095125792	-36.6898061634276
			95.0748095125792	-36.7306634085985
			95.0748095125792	-36.7715206537694
			95.0748095125792	-36.8123778989402
			95.0339522674083	-36.8532351441111
			95.0339522674083	-36.8940923892819
			95.0339522674083	-36.9349496344528
			94.9930950222375	-36.9758068796236
			94.9930950222375	-37.0166641247945
			94.9930950222375	-37.0575213699653
			94.9522377770666	-37.0983786151362
			94.9522377770666	-37.139235860307
			94.9113805318958	-37.1800931054779
			94.9113805318958	-37.2209503506487
			94.8705232867249	-37.2618075958196
			94.8705232867249	-37.3026648409905
			94.8296660415541	-37.3435220861613
			94.7888087963832	-37.3843793313322
			94.7479515512124	-37.425236576503
			94.7070943060415	-37.4660938216739
			94.6662370608706	-37.5069510668447
			94.6253798156998	-37.5478083120156
			94.5845225705289	-37.5886655571864
			94.5436653253581	-37.5886655571864
			94.5028080801872	-37.5886655571864
			94.5028080801872	-37.6295228023573
			94.4619508350164	-37.6295228023573
			94.4210935898455	-37.6295228023573
			94.3802363446747	-37.6295228023573
			94.3802363446747	-37.6703800475282
			94.3393790995038	-37.6703800475282
			94.2985218543329	-37.6703800475282
			94.2576646091621	-37.6703800475282
			94.2168073639912	-37.6703800475282
			94.1759501188204	-37.6703800475282
			94.1350928736495	-37.6703800475282
			94.0942356284787	-37.6703800475282
			94.0533783833078	-37.6703800475282
		</End>
		<Tail2 type=matrix rownames=FALSE colnames=FALSE nrow=156 ncol=2 as.numeric=TRUE >
			94.0533783833078	-37.6703800475282
			94.012521138137	-37.6703800475282
			93.9716638929661	-37.6703800475282
			93.9308066477953	-37.6295228023573
			93.8899494026244	-37.6295228023573
			93.8490921574535	-37.6295228023573
			93.8082349122827	-37.6295228023573
			93.7673776671118	-37.6295228023573
			93.726520421941	-37.5886655571864
			93.6856631767701	-37.5886655571864
			93.6448059315993	-37.5886655571864
			93.6039486864284	-37.5886655571864
			93.5630914412576	-37.5886655571864
			93.5222341960867	-37.5886655571864
			93.4813769509159	-37.5886655571864
			93.440519705745	-37.5478083120156
			93.3996624605741	-37.5478083120156
			93.3588052154033	-37.5478083120156
			93.3179479702324	-37.5478083120156
			93.2770907250616	-37.5478083120156
			93.2362334798907	-37.5478083120156
			93.1953762347199	-37.5478083120156
			93.154518989549	-37.5478083120156
			93.1136617443782	-37.5478083120156
			93.0728044992073	-37.5478083120156
			93.0319472540365	-37.5478083120156
			92.9910900088656	-37.5478083120156
			92.9502327636947	-37.5478083120156
			92.9093755185239	-37.5478083120156
			92.868518273353	-37.5478083120156
			92.8276610281822	-37.5478083120156
			92.7868037830113	-37.5069510668447
			92.7459465378405	-37.5069510668447
			92.7050892926696	-37.5069510668447
			92.6642320474988	-37.5069510668447
			92.6233748023279	-37.5069510668447
			92.582517557157	-37.5478083120156
			92.5416603119862	-37.5478083120156
			92.5008030668153	-37.5478083120156
			92.4599458216445	-37.5478083120156
			92.4190885764736	-37.5478083120156
			92.3782313313028	-37.5478083120156
			92.3373740861319	-37.5478083120156
			92.2965168409611	-37.5478083120156
			92.2556595957902	-37.5478083120156
			92.2148023506194	-37.5478083120156
			92.1739451054485	-37.5478083120156
			92.1330878602776	-37.5478083120156
			92.0922306151068	-37.5478083120156
			92.0513733699359	-37.5478083120156
			92.0105161247651	-37.5478083120156
			91.9696588795942	-37.5478083120156
			91.9288016344234	-37.5886655571864
			91.8879443892525	-37.5886655571864
			91.8470871440817	-37.5886655571864
			91.8062298989108	-37.5886655571864
			91.7653726537399	-37.5886655571864
			91.7245154085691	-37.5886655571864
			91.6836581633982	-37.5886655571864
			91.6428009182274	-37.5886655571864
			91.6428009182274	-37.6295228023573
			91.6019436730565	-37.6295228023573
			91.5610864278857	-37.6295228023573
			91.5202291827148	-37.6295228023573
			91.479371937544	-37.6295228023573
			91.4385146923731	-37.6295228023573
			91.3976574472022	-37.6295228023573
			91.3568002020314	-37.6703800475282
			91.3159429568606	-37.6703800475282
			91.2750857116897	-37.6703800475282
			91.2342284665188	-37.6703800475282
			91.193371221348	-37.6703800475282
			91.1525139761771	-37.6703800475282
			91.1116567310063	-37.711237292699
			91.0707994858354	-37.711237292699
			91.0299422406646	-37.711237292699
			90.9890849954937	-37.711237292699
			90.9482277503229	-37.7520945378699
			90.907370505152	-37.7520945378699
			90.8665132599811	-37.7520945378699
			90.8256560148103	-37.7520945378699
			90.7847987696394	-37.7929517830407
			90.7439415244686	-37.7929517830407
			90.7030842792977	-37.7929517830407
			90.6622270341269	-37.7929517830407
			90.621369788956	-37.8338090282116
			90.5805125437852	-37.8338090282116
			90.5396552986143	-37.8338090282116
			90.4987980534435	-37.8746662733824
			90.4579408082726	-37.8746662733824
			90.4170835631017	-37.8746662733824
			90.3762263179309	-37.8746662733824
			90.33536907276	-37.8746662733824
			90.2945118275892	-37.8746662733824
			90.2536545824183	-37.9155235185533
			90.2127973372475	-37.9155235185533
			90.1719400920766	-37.9155235185533
			90.1310828469058	-37.9155235185533
			90.0902256017349	-37.9155235185533
			90.049368356564	-37.9155235185533
			90.0085111113932	-37.9155235185533
			89.9676538662223	-37.9155235185533
			89.9267966210515	-37.9563807637241
			89.8859393758806	-37.9563807637241
			89.8450821307098	-37.9563807637241
			89.8042248855389	-37.9563807637241
			89.7633676403681	-37.9563807637241
			89.7225103951972	-37.9563807637241
			89.6816531500263	-37.9563807637241
			89.6407959048555	-37.9563807637241
			89.5999386596846	-37.997238008895
			89.5590814145138	-37.997238008895
			89.5182241693429	-37.997238008895
			89.4773669241721	-37.997238008895
			89.4365096790012	-37.997238008895
			89.3956524338304	-37.997238008895
			89.3547951886595	-37.997238008895
			89.3139379434887	-37.997238008895
			89.2730806983178	-38.0380952540658
			89.2322234531469	-38.0380952540658
			89.1913662079761	-38.0380952540658
			89.1505089628052	-38.0380952540658
			89.1096517176344	-38.0380952540658
			89.0687944724635	-38.0380952540658
			89.0279372272927	-38.0380952540658
			88.9870799821218	-38.0789524992367
			88.946222736951	-38.0789524992367
			88.9053654917801	-38.0789524992367
			88.8645082466093	-38.0789524992367
			88.8236510014384	-38.0789524992367
			88.7827937562676	-38.0789524992367
			88.7419365110967	-38.0789524992367
			88.7010792659258	-38.0789524992367
			88.660222020755	-38.0789524992367
			88.6193647755841	-38.1198097444076
			88.5785075304133	-38.1198097444076
			88.5376502852424	-38.1198097444076
			88.4967930400716	-38.1198097444076
			88.4559357949007	-38.1198097444076
			88.4150785497299	-38.1198097444076
			88.374221304559	-38.1198097444076
			88.3333640593881	-38.1198097444076
			88.2925068142173	-38.1198097444076
			88.2516495690464	-38.1606669895784
			88.2107923238756	-38.1606669895784
			88.1699350787047	-38.1606669895784
			88.1290778335339	-38.1606669895784
			88.088220588363	-38.1606669895784
			88.0473633431922	-38.1606669895784
			88.0065060980213	-38.1606669895784
			87.9656488528504	-38.1606669895784
			87.9247916076796	-38.2015242347493
			87.8839343625087	-38.2015242347493
			87.8430771173379	-38.2015242347493
			87.802219872167	-38.2015242347493
			87.7613626269962	-38.2015242347493
		</Tail2>
		<AnalFin type=matrix rownames=FALSE colnames=FALSE nrow=117 ncol=2 as.numeric=TRUE >
			87.7613626269962	-38.2015242347493
			87.7205053818253	-38.2015242347493
			87.6796481366545	-38.2015242347493
			87.6387908914836	-38.2423814799201
			87.5979336463128	-38.2423814799201
			87.5570764011419	-38.2423814799201
			87.516219155971	-38.2423814799201
			87.4753619108002	-38.2423814799201
			87.4345046656293	-38.2423814799201
			87.3936474204585	-38.2423814799201
			87.3527901752876	-38.283238725091
			87.3119329301168	-38.283238725091
			87.2710756849459	-38.283238725091
			87.2302184397751	-38.283238725091
			87.1893611946042	-38.283238725091
			87.1485039494333	-38.3240959702618
			87.1076467042625	-38.3240959702618
			87.0667894590916	-38.3240959702618
			87.0259322139208	-38.3240959702618
			86.9850749687499	-38.3240959702618
			86.9442177235791	-38.3649532154327
			86.9033604784082	-38.3649532154327
			86.8625032332374	-38.3649532154327
			86.8216459880665	-38.3649532154327
			86.7807887428957	-38.4058104606035
			86.7399314977248	-38.4058104606035
			86.699074252554	-38.4058104606035
			86.6582170073831	-38.4058104606035
			86.6173597622122	-38.4058104606035
			86.5765025170414	-38.4466677057744
			86.5356452718705	-38.4466677057744
			86.4947880266997	-38.4466677057744
			86.4539307815288	-38.4466677057744
			86.413073536358	-38.4875249509453
			86.3722162911871	-38.4875249509453
			86.3313590460163	-38.4875249509453
			86.2905018008454	-38.4875249509453
			86.2496445556745	-38.5283821961161
			86.2087873105037	-38.5283821961161
			86.1679300653328	-38.5283821961161
			86.127072820162	-38.5283821961161
			86.0862155749911	-38.569239441287
			86.0453583298203	-38.569239441287
			86.0045010846494	-38.569239441287
			85.9636438394786	-38.6100966864578
			85.9227865943077	-38.6100966864578
			85.8819293491369	-38.6100966864578
			85.841072103966	-38.6509539316287
			85.8002148587951	-38.6509539316287
			85.7593576136243	-38.6509539316287
			85.7185003684534	-38.6509539316287
			85.6776431232826	-38.6918111767995
			85.6367858781117	-38.6918111767995
			85.5959286329409	-38.6918111767995
			85.55507138777	-38.7326684219704
			85.5142141425992	-38.7326684219704
			85.4733568974283	-38.7326684219704
			85.4324996522574	-38.7735256671412
			85.3916424070866	-38.7735256671412
			85.3507851619157	-38.8143829123121
			85.3099279167449	-38.8143829123121
			85.269070671574	-38.8143829123121
			85.2282134264032	-38.8552401574829
			85.1873561812323	-38.8552401574829
			85.1464989360615	-38.8960974026538
			85.1056416908906	-38.8960974026538
			85.0647844457198	-38.8960974026538
			85.0239272005489	-38.9369546478247
			84.983069955378	-38.9369546478247
			84.9422127102072	-38.9778118929955
			84.9013554650363	-38.9778118929955
			84.8604982198655	-38.9778118929955
			84.8196409746946	-39.0186691381664
			84.7787837295238	-39.0186691381664
			84.7787837295238	-39.0595263833372
			84.7379264843529	-39.0595263833372
			84.6970692391821	-39.1003836285081
			84.6562119940112	-39.1003836285081
			84.6153547488404	-39.1412408736789
			84.5744975036695	-39.1412408736789
			84.5744975036695	-39.1820981188498
			84.5336402584987	-39.1820981188498
			84.4927830133278	-39.2229553640206
			84.4519257681569	-39.2229553640206
			84.4110685229861	-39.2638126091915
			84.3702112778152	-39.3046698543623
			84.3293540326444	-39.3046698543623
			84.2884967874735	-39.3455270995332
			84.2476395423027	-39.3455270995332
			84.2067822971318	-39.3863843447041
			84.165925051961	-39.4272415898749
			84.1250678067901	-39.4272415898749
			84.0842105616192	-39.4680988350458
			84.0842105616192	-39.5089560802166
			84.0433533164484	-39.5089560802166
			84.0024960712775	-39.5498133253875
			83.9616388261067	-39.5906705705583
			83.9207815809358	-39.5906705705583
			83.879924335765	-39.6315278157292
			83.8390670905941	-39.6723850609
			83.7982098454233	-39.7132423060709
			83.7573526002524	-39.7540995512418
			83.7164953550815	-39.7949567964126
			83.6756381099107	-39.8358140415835
			83.6347808647398	-39.8766712867543
			83.593923619569	-39.9175285319252
			83.5530663743981	-39.958385777096
			83.5122091292273	-39.9992430222669
			83.4713518840564	-40.0401002674377
			83.4304946388856	-40.0809575126086
			83.3896373937147	-40.0809575126086
			83.3487801485439	-40.1218147577794
			83.3487801485439	-40.1626720029503
			83.307922903373	-40.2035292481211
			83.2670656582021	-40.2035292481211
			83.2670656582021	-40.244386493292
			83.2262084130313	-40.2852437384629
		</AnalFin>
		<Pectfin type=matrix rownames=FALSE colnames=FALSE nrow=69 ncol=2 as.numeric=TRUE >
			71.500179048996	-39.7540995512418
			71.5410362941668	-39.7949567964126
			71.5410362941668	-39.8358140415835
			71.5818935393377	-39.8766712867543
			71.5818935393377	-39.9175285319252
			71.6227507845085	-39.958385777096
			71.6636080296794	-39.9992430222669
			71.7044652748502	-40.0401002674377
			71.7044652748502	-40.0809575126086
			71.7044652748502	-40.1218147577794
			71.7453225200211	-40.1218147577794
			71.7453225200211	-40.1626720029503
			71.7453225200211	-40.2035292481211
			71.7861797651919	-40.2035292481211
			71.7861797651919	-40.244386493292
			71.7861797651919	-40.2852437384629
			71.8270370103628	-40.2852437384629
			71.8270370103628	-40.3261009836337
			71.8270370103628	-40.3669582288046
			71.8678942555336	-40.3669582288046
			71.8678942555336	-40.4078154739754
			71.8678942555336	-40.4486727191463
			71.9087515007045	-40.4895299643171
			71.9087515007045	-40.530387209488
			71.9087515007045	-40.5712444546588
			71.9496087458754	-40.6121016998297
			71.9496087458754	-40.6529589450006
			71.9496087458754	-40.6938161901714
			71.9904659910462	-40.7346734353423
			71.9904659910462	-40.7755306805131
			71.9904659910462	-40.816387925684
			72.0313232362171	-40.8572451708548
			72.0313232362171	-40.8981024160257
			72.0313232362171	-40.9389596611965
			72.0313232362171	-40.9798169063674
			72.0313232362171	-41.0206741515383
			72.0721804813879	-41.0615313967091
			72.0721804813879	-41.10238864188
			72.0721804813879	-41.1432458870508
			72.0721804813879	-41.1841031322217
			72.0721804813879	-41.2249603773925
			72.0721804813879	-41.2658176225634
			72.0721804813879	-41.3066748677342
			72.0721804813879	-41.3475321129051
			72.1130377265588	-41.3883893580759
			72.1130377265588	-41.4292466032468
			72.1130377265588	-41.4701038484177
			72.1130377265588	-41.5109610935885
			72.1130377265588	-41.5518183387594
			72.1130377265588	-41.5926755839302
			72.1130377265588	-41.6335328291011
			72.1130377265588	-41.6743900742719
			72.1130377265588	-41.7152473194428
			72.1130377265588	-41.7561045646136
			72.0721804813879	-41.7969618097845
			72.0721804813879	-41.8378190549553
			72.0721804813879	-41.8786763001262
			72.0721804813879	-41.9195335452971
			72.0721804813879	-41.9603907904679
			72.0721804813879	-42.0012480356388
			72.0721804813879	-42.0421052808096
			72.0721804813879	-42.0829625259805
			72.0313232362171	-42.1238197711513
			72.0313232362171	-42.1646770163222
			72.0313232362171	-42.205534261493
			72.0313232362171	-42.2463915066639
			71.9904659910462	-42.2872487518348
			71.9904659910462	-42.3281059970056
			71.9904659910462	-42.3689632421765
		</Pectfin>
		<Opercle type=matrix rownames=FALSE colnames=FALSE nrow=184 ncol=2 as.numeric=TRUE >
			69.4981740356241	-37.3843793313322
			69.4981740356241	-37.425236576503
			69.4981740356241	-37.4660938216739
			69.4981740356241	-37.5069510668447
			69.4981740356241	-37.5478083120156
			69.5390312807949	-37.5886655571864
			69.5390312807949	-37.6295228023573
			69.5390312807949	-37.6703800475282
			69.5390312807949	-37.711237292699
			69.5390312807949	-37.7520945378699
			69.5390312807949	-37.7929517830407
			69.5390312807949	-37.8338090282116
			69.5390312807949	-37.8746662733824
			69.5390312807949	-37.9155235185533
			69.5798885259658	-37.9563807637241
			69.5798885259658	-37.997238008895
			69.5798885259658	-38.0380952540658
			69.5798885259658	-38.0789524992367
			69.5798885259658	-38.1198097444076
			69.5798885259658	-38.1606669895784
			69.5798885259658	-38.2015242347493
			69.5798885259658	-38.2423814799201
			69.5798885259658	-38.283238725091
			69.6207457711366	-38.3240959702618
			69.6207457711366	-38.3649532154327
			69.6207457711366	-38.4058104606035
			69.6207457711366	-38.4466677057744
			69.6207457711366	-38.4875249509453
			69.6207457711366	-38.5283821961161
			69.6207457711366	-38.569239441287
			69.6207457711366	-38.6100966864578
			69.6207457711366	-38.6509539316287
			69.6616030163075	-38.6918111767995
			69.6616030163075	-38.7326684219704
			69.6616030163075	-38.7735256671412
			69.6616030163075	-38.8143829123121
			69.6616030163075	-38.8552401574829
			69.6616030163075	-38.8960974026538
			69.6616030163075	-38.9369546478247
			69.6616030163075	-38.9778118929955
			69.6616030163075	-39.0186691381664
			69.7024602614783	-39.0595263833372
			69.7024602614783	-39.1003836285081
			69.7024602614783	-39.1412408736789
			69.7024602614783	-39.1820981188498
			69.7024602614783	-39.2229553640206
			69.7024602614783	-39.2638126091915
			69.7433175066492	-39.3046698543623
			69.7433175066492	-39.3455270995332
			69.7433175066492	-39.3863843447041
			69.7433175066492	-39.4272415898749
			69.7433175066492	-39.4680988350458
			69.7433175066492	-39.5089560802166
			69.78417475182	-39.5498133253875
			69.78417475182	-39.5906705705583
			69.78417475182	-39.6315278157292
			69.78417475182	-39.6723850609
			69.78417475182	-39.7132423060709
			69.78417475182	-39.7540995512418
			69.78417475182	-39.7949567964126
			69.78417475182	-39.8358140415835
			69.78417475182	-39.8766712867543
			69.78417475182	-39.9175285319252
			69.78417475182	-39.958385777096
			69.78417475182	-39.9992430222669
			69.78417475182	-40.0401002674377
			69.78417475182	-40.0809575126086
			69.7433175066492	-40.1218147577794
			69.7433175066492	-40.1626720029503
			69.7433175066492	-40.2035292481211
			69.7433175066492	-40.244386493292
			69.7433175066492	-40.2852437384629
			69.7024602614783	-40.3261009836337
			69.7024602614783	-40.3669582288046
			69.7024602614783	-40.4078154739754
			69.6616030163075	-40.4486727191463
			69.6616030163075	-40.4895299643171
			69.6207457711366	-40.530387209488
			69.6207457711366	-40.5712444546588
			69.6207457711366	-40.6121016998297
			69.5798885259658	-40.6529589450006
			69.5798885259658	-40.6938161901714
			69.5390312807949	-40.7346734353423
			69.4981740356241	-40.7346734353423
			69.4981740356241	-40.7755306805131
			69.4573167904532	-40.816387925684
			69.4573167904532	-40.8572451708548
			69.4164595452824	-40.8981024160257
			69.3756023001115	-40.9389596611965
			69.3347450549407	-40.9798169063674
			69.2938878097698	-41.0206741515383
			69.2530305645989	-41.0615313967091
			69.2121733194281	-41.10238864188
			69.2121733194281	-41.1432458870508
			69.1713160742572	-41.1841031322217
			69.1304588290864	-41.1841031322217
			69.1304588290864	-41.2249603773925
			69.0896015839155	-41.2658176225634
			69.0487443387447	-41.2658176225634
			69.0487443387447	-41.3066748677342
			69.0078870935738	-41.3475321129051
			68.967029848403	-41.3475321129051
			68.967029848403	-41.3883893580759
			68.9261726032321	-41.4292466032468
			68.8853153580612	-41.4701038484177
			68.8444581128904	-41.5109610935885
			68.8036008677195	-41.5518183387594
			68.7627436225487	-41.5926755839302
			68.7218863773778	-41.6335328291011
			68.681029132207	-41.6335328291011
			68.681029132207	-41.6743900742719
			68.6401718870361	-41.7152473194428
			68.5993146418653	-41.7152473194428
			68.5584573966944	-41.7561045646136
			68.5176001515236	-41.7969618097845
			68.4767429063527	-41.7969618097845
			68.4767429063527	-41.8378190549553
			68.4358856611818	-41.8786763001262
			68.395028416011	-41.8786763001262
			68.3541711708401	-41.9195335452971
			68.3133139256693	-41.9603907904679
			68.2724566804984	-42.0012480356388
			68.2315994353276	-42.0012480356388
			68.1907421901567	-42.0421052808096
			68.1498849449859	-42.0829625259805
			68.109027699815	-42.0829625259805
			68.0681704546441	-42.1238197711513
			68.0273132094733	-42.1646770163222
			67.9864559643024	-42.1646770163222
			67.9455987191316	-42.1646770163222
			67.9455987191316	-42.205534261493
			67.9047414739607	-42.205534261493
			67.8638842287899	-42.205534261493
			67.8638842287899	-42.2463915066639
			67.823026983619	-42.2463915066639
			67.7821697384482	-42.2463915066639
			67.7821697384482	-42.2872487518348
			67.7413124932773	-42.2872487518348
			67.7004552481065	-42.3281059970056
			67.6595980029356	-42.3281059970056
			67.6187407577647	-42.3689632421765
			67.5778835125939	-42.3689632421765
			67.537026267423	-42.3689632421765
			67.4961690222522	-42.4098204873473
			67.4553117770813	-42.4098204873473
			67.4144545319105	-42.4098204873473
			67.3735972867396	-42.4098204873473
			67.3327400415688	-42.4506777325182
			67.2918827963979	-42.4506777325182
			67.251025551227	-42.4506777325182
			67.2101683060562	-42.4506777325182
			67.1693110608853	-42.4506777325182
			67.1284538157145	-42.4506777325182
			67.0875965705436	-42.4506777325182
			67.0467393253728	-42.4506777325182
			67.0058820802019	-42.491534977689
			66.9650248350311	-42.491534977689
			66.9241675898602	-42.491534977689
			66.8833103446894	-42.491534977689
			66.8424530995185	-42.491534977689
			66.8015958543477	-42.4506777325182
			66.7607386091768	-42.4506777325182
			66.7198813640059	-42.4506777325182
			66.6790241188351	-42.4506777325182
			66.6381668736642	-42.4506777325182
			66.5973096284934	-42.4506777325182
			66.5564523833225	-42.4506777325182
			66.5155951381517	-42.4098204873473
			66.4747378929808	-42.4098204873473
			66.43388064781	-42.4098204873473
			66.3930234026391	-42.4098204873473
			66.3521661574682	-42.4098204873473
			66.3521661574682	-42.3689632421765
			66.3113089122974	-42.3689632421765
			66.2704516671265	-42.3689632421765
			66.2295944219557	-42.3281059970056
			66.1887371767848	-42.3281059970056
			66.147879931614	-42.2872487518348
			66.1070226864431	-42.2872487518348
			66.0661654412723	-42.2463915066639
			66.0253081961014	-42.2463915066639
			65.9844509509306	-42.205534261493
			65.9435937057597	-42.205534261493
			65.9027364605888	-42.1646770163222
		</Opercle>
		<Preopercle type=matrix rownames=FALSE colnames=FALSE nrow=74 ncol=2 as.numeric=TRUE >
			66.6790241188351	-39.2229553640206
			66.6790241188351	-39.2638126091915
			66.6790241188351	-39.3046698543623
			66.6790241188351	-39.3455270995332
			66.6790241188351	-39.3863843447041
			66.7198813640059	-39.4272415898749
			66.7198813640059	-39.4680988350458
			66.7198813640059	-39.5089560802166
			66.7198813640059	-39.5498133253875
			66.7198813640059	-39.5906705705583
			66.7198813640059	-39.6315278157292
			66.7198813640059	-39.6723850609
			66.7198813640059	-39.7132423060709
			66.7198813640059	-39.7540995512418
			66.7198813640059	-39.7949567964126
			66.7198813640059	-39.8358140415835
			66.7198813640059	-39.8766712867543
			66.7198813640059	-39.9175285319252
			66.7198813640059	-39.958385777096
			66.7198813640059	-39.9992430222669
			66.7198813640059	-40.0401002674377
			66.7198813640059	-40.0809575126086
			66.7198813640059	-40.1218147577794
			66.7198813640059	-40.1626720029503
			66.7198813640059	-40.2035292481211
			66.7198813640059	-40.244386493292
			66.7198813640059	-40.2852437384629
			66.7198813640059	-40.3261009836337
			66.7198813640059	-40.3669582288046
			66.6790241188351	-40.4078154739754
			66.6790241188351	-40.4486727191463
			66.6790241188351	-40.4895299643171
			66.6790241188351	-40.530387209488
			66.6790241188351	-40.5712444546588
			66.6790241188351	-40.6121016998297
			66.6790241188351	-40.6529589450006
			66.6381668736642	-40.6938161901714
			66.6381668736642	-40.7346734353423
			66.6381668736642	-40.7755306805131
			66.6381668736642	-40.816387925684
			66.6381668736642	-40.8572451708548
			66.5973096284934	-40.8981024160257
			66.5973096284934	-40.9389596611965
			66.5973096284934	-40.9798169063674
			66.5973096284934	-41.0206741515383
			66.5973096284934	-41.0615313967091
			66.5564523833225	-41.10238864188
			66.5564523833225	-41.1432458870508
			66.5155951381517	-41.1841031322217
			66.5155951381517	-41.2249603773925
			66.5155951381517	-41.2658176225634
			66.4747378929808	-41.2658176225634
			66.4747378929808	-41.3066748677342
			66.4747378929808	-41.3475321129051
			66.43388064781	-41.3883893580759
			66.43388064781	-41.4292466032468
			66.3930234026391	-41.4701038484177
			66.3930234026391	-41.5109610935885
			66.3521661574682	-41.5518183387594
			66.3113089122974	-41.5926755839302
			66.3113089122974	-41.6335328291011
			66.2704516671265	-41.6743900742719
			66.2704516671265	-41.7152473194428
			66.2295944219557	-41.7561045646136
			66.1887371767848	-41.7969618097845
			66.147879931614	-41.8378190549553
			66.147879931614	-41.8786763001262
			66.1070226864431	-41.9195335452971
			66.0661654412723	-41.9603907904679
			66.0253081961014	-42.0012480356388
			65.9844509509306	-42.0421052808096
			65.9435937057597	-42.0829625259805
			65.9435937057597	-42.1238197711513
			65.9027364605888	-42.1646770163222
		</Preopercle>
	</curves.scaled>
	<ruler.points type=matrix rownames=TRUE colnames=FALSE nrow=2 ncol=2 as.numeric=TRUE >
		Ruler point 1	1330	541
		Ruler point 2	1359	1162
	</ruler.points>
</shapes>

