<shapes type=list>
	<ruler.pixel type=vector names=FALSE length=1 as.numeric=TRUE >637.207972329286</ruler.pixel>
	<ruler.interval type=vector names=FALSE length=1 as.numeric=TRUE >25.4</ruler.interval>
	<scaling.units type=vector names=FALSE length=1 as.numeric=FALSE >mm</scaling.units>
	<scaling type=vector names=FALSE length=1 as.numeric=TRUE >0.0398613970681368</scaling>
	<landmarks.pixel type=matrix rownames=TRUE colnames=FALSE nrow=12 ncol=2 as.numeric=TRUE >
		LM1	1599	1592
		LM2	2023	1436
		LM3	2337	1491
		LM4	2357	1611
		LM5	2184	1632
		LM6	2093	1671
		LM7	1835	1653
		LM8	1839	1696
		LM9	1822	1574
		LM10	1731	1691
		LM11	1739	1617
		LM12	1695	1542
	</landmarks.pixel>
	<landmarks.scaled type=matrix rownames=TRUE colnames=FALSE nrow=12 ncol=2 as.numeric=TRUE >
		LM1	63.7383739119508	-63.4593441324738
		LM2	80.6396062688408	-57.2409661898445
		LM3	93.1560849482357	-59.433343028592
		LM4	93.9533128895985	-64.2167106767684
		LM5	87.0572911968108	-65.0538000151993
		LM6	83.4299040636103	-66.6083945008566
		LM7	73.145663620031	-65.8908893536301
		LM8	73.3051092083036	-67.60492942756
		LM9	72.6274654581453	-62.7418389852473
		LM10	69.0000783249448	-67.4056224422193
		LM11	69.3189695014899	-64.4558790591772
		LM12	67.5650680304919	-61.466274279067
	</landmarks.scaled>
	<curves.control type=list>
		<Eye type=matrix rownames=FALSE colnames=FALSE nrow=7 ncol=2 as.numeric=TRUE >
			1695	1542
			1737	1544
			1720	1589
			1680	1639
			1657	1600
			1648	1558
			1695	1542
		</Eye>
		<Head type=matrix rownames=FALSE colnames=FALSE nrow=11 ncol=2 as.numeric=TRUE >
			1599	1592
			1633	1552
			1699	1516
			1743	1497
			1794	1471
			1839	1452
			1884	1443
			1919	1438
			1966	1437
			1994	1437
			2023	1436
		</Head>
		<Tail1 type=matrix rownames=FALSE colnames=FALSE nrow=9 ncol=2 as.numeric=TRUE >
			2023	1436
			2055	1448
			2091	1458
			2128	1468
			2185	1475
			2219	1478
			2262	1485
			2300	1492
			2337	1491
		</Tail1>
		<End type=matrix rownames=FALSE colnames=FALSE nrow=9 ncol=2 as.numeric=TRUE >
			2337	1491
			2394	1492
			2387	1515
			2387	1535
			2384	1554
			2392	1584
			2390	1589
			2380	1600
			2357	1611
		</End>
		<Tail2 type=matrix rownames=FALSE colnames=FALSE nrow=7 ncol=2 as.numeric=TRUE >
			2357	1611
			2323	1613
			2286	1616
			2250	1621
			2222	1624
			2203	1628
			2184	1632
		</Tail2>
		<AnalFin type=matrix rownames=FALSE colnames=FALSE nrow=5 ncol=2 as.numeric=TRUE >
			2184	1632
			2167	1634
			2151	1651
			2136	1665
			2093	1671
		</AnalFin>
		<Pectfin type=matrix rownames=FALSE colnames=FALSE nrow=5 ncol=2 as.numeric=TRUE >
			1835	1653
			1839	1667
			1839	1679
			1840	1688
			1839	1696
		</Pectfin>
		<Opercle type=matrix rownames=FALSE colnames=FALSE nrow=9 ncol=2 as.numeric=TRUE >
			1822	1574
			1831	1575
			1832	1610
			1821	1630
			1813	1642
			1803	1659
			1795	1675
			1774	1708
			1731	1691
		</Opercle>
		<Preopercle type=matrix rownames=FALSE colnames=FALSE nrow=5 ncol=2 as.numeric=TRUE >
			1739	1617
			1740	1637
			1737	1655
			1739	1673
			1731	1691
		</Preopercle>
	</curves.control>
	<curves.pixel type=list>
		<Eye type=matrix rownames=FALSE colnames=FALSE nrow=211 ncol=2 as.numeric=TRUE >
			1695	1542
			1696	1542
			1697	1542
			1698	1542
			1699	1542
			1700	1542
			1701	1543
			1702	1543
			1703	1543
			1704	1543
			1705	1543
			1706	1544
			1707	1544
			1708	1544
			1709	1544
			1709	1545
			1710	1545
			1711	1545
			1712	1545
			1713	1546
			1714	1547
			1715	1547
			1716	1548
			1717	1549
			1718	1549
			1718	1550
			1719	1550
			1720	1551
			1720	1552
			1721	1552
			1721	1553
			1722	1554
			1723	1555
			1723	1556
			1723	1557
			1724	1558
			1724	1559
			1724	1560
			1724	1561
			1725	1562
			1725	1563
			1725	1564
			1725	1565
			1725	1566
			1725	1567
			1725	1568
			1725	1569
			1725	1570
			1725	1571
			1725	1572
			1724	1573
			1724	1574
			1724	1575
			1724	1576
			1724	1577
			1723	1578
			1723	1579
			1723	1580
			1723	1581
			1722	1582
			1722	1583
			1722	1584
			1722	1585
			1721	1585
			1721	1586
			1721	1587
			1720	1588
			1720	1589
			1719	1590
			1718	1591
			1718	1592
			1717	1593
			1716	1594
			1715	1595
			1714	1596
			1713	1597
			1712	1598
			1711	1599
			1710	1600
			1709	1601
			1708	1602
			1707	1603
			1707	1604
			1706	1605
			1705	1605
			1704	1606
			1703	1607
			1702	1608
			1701	1608
			1700	1609
			1700	1610
			1699	1610
			1698	1611
			1697	1611
			1696	1612
			1695	1612
			1695	1613
			1694	1613
			1693	1614
			1692	1614
			1691	1614
			1691	1615
			1690	1615
			1689	1615
			1688	1616
			1687	1616
			1686	1616
			1685	1617
			1684	1617
			1683	1617
			1682	1617
			1681	1617
			1680	1617
			1679	1617
			1678	1617
			1677	1617
			1676	1617
			1675	1616
			1674	1616
			1673	1616
			1672	1615
			1671	1615
			1670	1614
			1669	1613
			1668	1613
			1667	1612
			1666	1611
			1665	1611
			1664	1610
			1663	1609
			1663	1608
			1662	1607
			1661	1606
			1660	1605
			1660	1604
			1659	1603
			1659	1602
			1658	1602
			1658	1601
			1657	1600
			1657	1599
			1657	1598
			1656	1597
			1656	1596
			1656	1595
			1656	1594
			1656	1593
			1656	1592
			1656	1591
			1656	1590
			1656	1589
			1656	1588
			1656	1587
			1656	1586
			1656	1585
			1656	1584
			1656	1583
			1656	1582
			1656	1581
			1656	1580
			1656	1579
			1657	1578
			1657	1577
			1657	1576
			1657	1575
			1658	1574
			1658	1573
			1658	1572
			1659	1571
			1659	1570
			1660	1569
			1660	1568
			1661	1567
			1661	1566
			1662	1565
			1662	1564
			1663	1563
			1664	1562
			1664	1561
			1665	1560
			1666	1560
			1667	1559
			1667	1558
			1668	1557
			1669	1556
			1670	1556
			1671	1555
			1672	1554
			1673	1553
			1674	1553
			1675	1552
			1676	1551
			1677	1551
			1678	1550
			1679	1549
			1680	1549
			1681	1548
			1682	1547
			1683	1547
			1684	1547
			1685	1546
			1686	1546
			1687	1545
			1688	1545
			1689	1544
			1690	1544
			1691	1544
			1692	1543
			1693	1543
			1694	1542
			1695	1542
		</Eye>
		<Head type=matrix rownames=FALSE colnames=FALSE nrow=439 ncol=2 as.numeric=TRUE >
			1599	1592
			1600	1591
			1600	1590
			1601	1589
			1602	1589
			1603	1588
			1604	1587
			1604	1586
			1605	1585
			1606	1584
			1607	1583
			1608	1582
			1609	1581
			1610	1580
			1611	1579
			1612	1578
			1613	1577
			1614	1576
			1615	1575
			1616	1574
			1617	1573
			1618	1572
			1619	1571
			1620	1570
			1621	1570
			1622	1569
			1623	1568
			1623	1567
			1624	1567
			1625	1566
			1626	1565
			1627	1565
			1628	1564
			1628	1563
			1629	1562
			1630	1562
			1631	1561
			1632	1560
			1633	1560
			1634	1559
			1634	1558
			1635	1557
			1636	1557
			1637	1556
			1638	1555
			1639	1555
			1640	1554
			1641	1553
			1642	1552
			1643	1552
			1644	1551
			1645	1550
			1646	1550
			1646	1549
			1647	1548
			1648	1548
			1649	1547
			1650	1546
			1651	1545
			1652	1545
			1653	1544
			1654	1543
			1655	1543
			1656	1542
			1657	1541
			1658	1541
			1659	1540
			1660	1539
			1661	1538
			1662	1538
			1663	1538
			1663	1537
			1664	1537
			1665	1536
			1666	1536
			1667	1535
			1668	1534
			1669	1533
			1670	1533
			1671	1532
			1672	1532
			1672	1531
			1673	1531
			1674	1530
			1675	1530
			1676	1529
			1677	1529
			1678	1528
			1679	1527
			1680	1527
			1681	1526
			1682	1526
			1683	1525
			1684	1524
			1685	1524
			1686	1523
			1687	1523
			1688	1522
			1689	1521
			1690	1521
			1691	1520
			1692	1520
			1693	1519
			1694	1519
			1695	1518
			1696	1517
			1697	1517
			1698	1516
			1699	1516
			1700	1516
			1701	1515
			1702	1515
			1703	1514
			1704	1514
			1705	1513
			1706	1513
			1707	1512
			1708	1512
			1709	1511
			1710	1511
			1711	1511
			1712	1510
			1713	1510
			1714	1509
			1715	1509
			1716	1508
			1717	1508
			1718	1508
			1718	1507
			1719	1507
			1720	1507
			1721	1506
			1722	1506
			1723	1505
			1724	1505
			1725	1504
			1726	1504
			1727	1504
			1728	1503
			1729	1503
			1729	1502
			1730	1502
			1731	1502
			1732	1501
			1733	1501
			1734	1500
			1735	1500
			1736	1499
			1737	1499
			1738	1498
			1739	1498
			1740	1498
			1741	1497
			1742	1497
			1743	1496
			1744	1496
			1744	1495
			1745	1495
			1746	1494
			1747	1494
			1748	1494
			1749	1493
			1750	1493
			1751	1492
			1752	1492
			1753	1491
			1754	1491
			1755	1490
			1756	1490
			1757	1489
			1758	1489
			1759	1488
			1760	1488
			1761	1488
			1762	1487
			1763	1487
			1764	1486
			1765	1486
			1766	1485
			1767	1485
			1768	1484
			1769	1484
			1770	1483
			1771	1483
			1772	1482
			1773	1482
			1774	1481
			1775	1481
			1776	1480
			1777	1480
			1778	1479
			1779	1479
			1780	1478
			1781	1478
			1782	1477
			1783	1477
			1784	1476
			1785	1476
			1786	1475
			1787	1475
			1788	1474
			1789	1474
			1790	1473
			1791	1473
			1792	1472
			1793	1472
			1794	1471
			1795	1471
			1795	1470
			1796	1470
			1797	1470
			1798	1469
			1799	1469
			1800	1469
			1801	1468
			1802	1468
			1803	1467
			1804	1467
			1805	1466
			1806	1466
			1807	1466
			1808	1465
			1809	1465
			1810	1464
			1811	1464
			1812	1464
			1813	1464
			1813	1463
			1814	1463
			1815	1463
			1816	1462
			1817	1462
			1818	1462
			1819	1461
			1820	1461
			1821	1461
			1822	1460
			1823	1460
			1824	1460
			1825	1459
			1826	1459
			1827	1458
			1828	1458
			1829	1458
			1830	1457
			1831	1457
			1832	1457
			1833	1456
			1834	1456
			1835	1456
			1836	1455
			1837	1455
			1838	1455
			1839	1454
			1840	1454
			1841	1454
			1842	1454
			1843	1453
			1844	1453
			1845	1453
			1846	1452
			1847	1452
			1848	1452
			1849	1452
			1850	1451
			1851	1451
			1852	1451
			1853	1450
			1854	1450
			1855	1450
			1856	1450
			1857	1449
			1858	1449
			1859	1449
			1860	1448
			1861	1448
			1862	1448
			1863	1448
			1864	1447
			1865	1447
			1866	1447
			1867	1447
			1868	1447
			1868	1446
			1869	1446
			1870	1446
			1871	1446
			1872	1446
			1873	1445
			1874	1445
			1875	1445
			1876	1445
			1877	1444
			1878	1444
			1879	1444
			1880	1444
			1881	1444
			1882	1443
			1883	1443
			1884	1443
			1885	1443
			1886	1443
			1887	1443
			1888	1442
			1889	1442
			1890	1442
			1891	1442
			1892	1442
			1893	1442
			1894	1442
			1895	1442
			1896	1441
			1897	1441
			1898	1441
			1899	1441
			1900	1441
			1901	1441
			1902	1441
			1903	1441
			1904	1441
			1905	1440
			1906	1440
			1907	1440
			1908	1440
			1909	1440
			1910	1440
			1911	1440
			1912	1440
			1913	1440
			1914	1440
			1915	1440
			1916	1439
			1917	1439
			1918	1439
			1919	1439
			1920	1439
			1921	1439
			1922	1439
			1923	1439
			1924	1439
			1925	1439
			1926	1439
			1927	1439
			1928	1439
			1929	1439
			1930	1438
			1931	1438
			1932	1438
			1933	1438
			1934	1438
			1935	1438
			1936	1438
			1937	1438
			1938	1438
			1939	1438
			1940	1438
			1941	1438
			1942	1438
			1943	1438
			1944	1438
			1945	1438
			1946	1438
			1947	1438
			1948	1438
			1949	1438
			1950	1437
			1951	1437
			1952	1437
			1953	1437
			1954	1437
			1955	1437
			1956	1437
			1957	1437
			1958	1437
			1959	1437
			1960	1437
			1961	1437
			1962	1437
			1963	1437
			1964	1437
			1965	1437
			1966	1437
			1967	1437
			1968	1437
			1969	1437
			1970	1437
			1971	1437
			1972	1437
			1973	1437
			1974	1437
			1975	1437
			1976	1437
			1977	1437
			1978	1437
			1979	1437
			1980	1437
			1981	1437
			1982	1437
			1983	1437
			1984	1437
			1985	1437
			1986	1437
			1987	1437
			1988	1437
			1989	1437
			1990	1437
			1991	1437
			1992	1437
			1993	1437
			1994	1437
			1995	1437
			1996	1437
			1997	1437
			1998	1437
			1999	1437
			2000	1437
			2001	1437
			2002	1437
			2003	1437
			2004	1437
			2005	1437
			2006	1437
			2007	1436
			2008	1436
			2009	1436
			2010	1436
			2011	1436
			2012	1436
			2013	1436
			2014	1436
			2015	1436
			2016	1436
			2017	1436
			2018	1436
			2019	1436
			2020	1436
			2021	1436
			2022	1436
			2023	1436
		</Head>
		<Tail1 type=matrix rownames=FALSE colnames=FALSE nrow=318 ncol=2 as.numeric=TRUE >
			2023	1436
			2024	1436
			2025	1437
			2026	1437
			2027	1438
			2028	1438
			2029	1438
			2030	1439
			2031	1439
			2032	1439
			2033	1440
			2034	1440
			2035	1440
			2036	1441
			2037	1441
			2038	1441
			2039	1442
			2040	1442
			2041	1442
			2042	1443
			2043	1443
			2044	1443
			2045	1444
			2046	1444
			2047	1444
			2048	1445
			2049	1445
			2050	1445
			2051	1446
			2052	1446
			2053	1447
			2054	1447
			2055	1447
			2056	1447
			2057	1448
			2058	1448
			2059	1448
			2060	1449
			2061	1449
			2062	1449
			2063	1450
			2064	1450
			2065	1450
			2066	1451
			2067	1451
			2068	1451
			2069	1452
			2070	1452
			2071	1452
			2072	1453
			2073	1453
			2074	1453
			2075	1453
			2076	1454
			2077	1454
			2078	1454
			2079	1455
			2080	1455
			2081	1455
			2082	1455
			2083	1456
			2084	1456
			2085	1456
			2086	1456
			2086	1457
			2087	1457
			2088	1457
			2089	1458
			2090	1458
			2091	1458
			2092	1458
			2093	1459
			2094	1459
			2095	1459
			2096	1459
			2097	1460
			2098	1460
			2099	1460
			2100	1460
			2101	1461
			2102	1461
			2103	1461
			2104	1461
			2105	1462
			2106	1462
			2107	1462
			2108	1462
			2109	1463
			2110	1463
			2111	1463
			2112	1463
			2113	1463
			2114	1464
			2115	1464
			2116	1464
			2117	1464
			2118	1464
			2119	1465
			2120	1465
			2121	1465
			2122	1465
			2123	1465
			2124	1466
			2125	1466
			2126	1466
			2127	1466
			2128	1466
			2129	1467
			2130	1467
			2131	1467
			2132	1467
			2133	1467
			2134	1467
			2135	1468
			2136	1468
			2137	1468
			2138	1468
			2139	1468
			2140	1468
			2140	1469
			2141	1469
			2142	1469
			2143	1469
			2144	1469
			2145	1469
			2146	1469
			2147	1470
			2148	1470
			2149	1470
			2150	1470
			2151	1470
			2152	1470
			2153	1471
			2154	1471
			2155	1471
			2156	1471
			2157	1471
			2158	1471
			2159	1471
			2160	1472
			2161	1472
			2162	1472
			2163	1472
			2164	1472
			2165	1472
			2166	1473
			2167	1473
			2168	1473
			2169	1473
			2170	1473
			2171	1473
			2172	1473
			2173	1474
			2174	1474
			2175	1474
			2176	1474
			2177	1474
			2178	1474
			2179	1474
			2180	1474
			2181	1474
			2181	1475
			2182	1475
			2183	1475
			2184	1475
			2185	1475
			2186	1475
			2187	1475
			2188	1475
			2189	1475
			2190	1475
			2191	1476
			2192	1476
			2193	1476
			2194	1476
			2195	1476
			2196	1476
			2197	1476
			2198	1476
			2199	1476
			2200	1476
			2201	1477
			2202	1477
			2203	1477
			2204	1477
			2205	1477
			2206	1477
			2207	1477
			2208	1477
			2209	1477
			2210	1478
			2211	1478
			2212	1478
			2213	1478
			2214	1478
			2215	1478
			2216	1478
			2217	1478
			2218	1479
			2219	1479
			2220	1479
			2221	1479
			2222	1479
			2223	1479
			2224	1479
			2225	1479
			2226	1480
			2227	1480
			2228	1480
			2229	1480
			2230	1480
			2231	1480
			2232	1480
			2233	1481
			2234	1481
			2235	1481
			2236	1481
			2237	1481
			2238	1481
			2239	1481
			2240	1482
			2241	1482
			2242	1482
			2243	1482
			2244	1482
			2245	1482
			2246	1482
			2247	1483
			2248	1483
			2249	1483
			2250	1483
			2251	1483
			2252	1483
			2253	1484
			2254	1484
			2255	1484
			2256	1484
			2257	1484
			2258	1484
			2259	1485
			2260	1485
			2261	1485
			2262	1485
			2263	1485
			2264	1485
			2265	1486
			2266	1486
			2267	1486
			2268	1486
			2269	1486
			2270	1486
			2271	1487
			2272	1487
			2273	1487
			2274	1487
			2275	1487
			2276	1487
			2277	1487
			2278	1488
			2279	1488
			2280	1488
			2281	1488
			2282	1488
			2283	1488
			2284	1488
			2285	1489
			2286	1489
			2287	1489
			2288	1489
			2289	1489
			2290	1489
			2291	1489
			2292	1489
			2293	1489
			2294	1489
			2295	1490
			2296	1490
			2297	1490
			2298	1490
			2299	1490
			2300	1490
			2301	1490
			2302	1490
			2303	1490
			2304	1490
			2305	1490
			2306	1490
			2307	1490
			2308	1491
			2309	1491
			2310	1491
			2311	1491
			2312	1491
			2313	1491
			2314	1491
			2315	1491
			2316	1491
			2317	1491
			2318	1491
			2319	1491
			2320	1491
			2321	1491
			2322	1491
			2323	1491
			2324	1491
			2325	1491
			2326	1491
			2327	1491
			2328	1491
			2329	1491
			2330	1491
			2331	1491
			2332	1491
			2333	1491
			2334	1491
			2335	1491
			2336	1491
			2337	1491
		</Tail1>
		<End type=matrix rownames=FALSE colnames=FALSE nrow=174 ncol=2 as.numeric=TRUE >
			2337	1491
			2338	1491
			2339	1491
			2340	1491
			2341	1491
			2342	1491
			2343	1491
			2344	1491
			2345	1491
			2346	1491
			2347	1491
			2348	1491
			2349	1492
			2350	1492
			2351	1492
			2352	1492
			2353	1492
			2354	1492
			2355	1492
			2356	1492
			2357	1492
			2358	1492
			2359	1493
			2360	1493
			2361	1493
			2362	1493
			2363	1493
			2364	1493
			2365	1493
			2366	1494
			2367	1494
			2368	1494
			2369	1494
			2370	1495
			2371	1495
			2372	1495
			2373	1495
			2374	1496
			2375	1496
			2376	1497
			2377	1497
			2378	1497
			2379	1498
			2380	1498
			2380	1499
			2381	1499
			2382	1500
			2383	1501
			2384	1502
			2385	1503
			2386	1504
			2386	1505
			2387	1506
			2387	1507
			2388	1508
			2388	1509
			2388	1510
			2388	1511
			2388	1512
			2387	1513
			2387	1514
			2387	1515
			2387	1516
			2387	1517
			2387	1518
			2387	1519
			2387	1520
			2387	1521
			2387	1522
			2387	1523
			2387	1524
			2387	1525
			2387	1526
			2387	1527
			2387	1528
			2387	1529
			2387	1530
			2386	1531
			2386	1532
			2386	1533
			2386	1534
			2386	1535
			2386	1536
			2386	1537
			2386	1538
			2386	1539
			2386	1540
			2386	1541
			2386	1542
			2385	1543
			2385	1544
			2385	1545
			2385	1546
			2385	1547
			2385	1548
			2385	1549
			2385	1550
			2385	1551
			2384	1551
			2384	1552
			2384	1553
			2384	1554
			2384	1555
			2384	1556
			2385	1557
			2385	1558
			2385	1559
			2386	1560
			2386	1561
			2386	1562
			2386	1563
			2387	1564
			2387	1565
			2387	1566
			2387	1567
			2387	1568
			2388	1568
			2388	1569
			2388	1570
			2388	1571
			2388	1572
			2389	1573
			2389	1574
			2389	1575
			2389	1576
			2389	1577
			2390	1578
			2390	1579
			2390	1580
			2390	1581
			2390	1582
			2390	1583
			2390	1584
			2390	1585
			2390	1586
			2390	1587
			2390	1588
			2390	1589
			2389	1590
			2388	1591
			2387	1592
			2386	1593
			2385	1594
			2384	1595
			2383	1595
			2382	1596
			2381	1597
			2380	1598
			2379	1599
			2378	1599
			2377	1600
			2376	1600
			2376	1601
			2375	1601
			2374	1602
			2373	1602
			2373	1603
			2372	1603
			2371	1604
			2370	1604
			2369	1605
			2368	1605
			2368	1606
			2367	1606
			2366	1607
			2365	1607
			2364	1608
			2363	1608
			2362	1609
			2361	1609
			2360	1610
			2359	1610
			2358	1611
			2357	1611
		</End>
		<Tail2 type=matrix rownames=FALSE colnames=FALSE nrow=176 ncol=2 as.numeric=TRUE >
			2357	1611
			2356	1611
			2355	1611
			2354	1611
			2353	1611
			2352	1611
			2351	1611
			2350	1611
			2349	1611
			2348	1612
			2347	1612
			2346	1612
			2345	1612
			2344	1612
			2343	1612
			2342	1612
			2341	1612
			2340	1612
			2339	1612
			2338	1612
			2337	1612
			2336	1612
			2335	1612
			2334	1612
			2333	1613
			2332	1613
			2331	1613
			2330	1613
			2329	1613
			2328	1613
			2327	1613
			2326	1613
			2325	1613
			2324	1613
			2323	1613
			2322	1613
			2321	1613
			2320	1613
			2319	1613
			2319	1614
			2318	1614
			2317	1614
			2316	1614
			2315	1614
			2314	1614
			2313	1614
			2312	1614
			2311	1614
			2310	1614
			2309	1614
			2308	1614
			2307	1614
			2306	1614
			2305	1615
			2304	1615
			2303	1615
			2302	1615
			2301	1615
			2300	1615
			2299	1615
			2298	1615
			2297	1615
			2296	1615
			2295	1615
			2294	1615
			2293	1615
			2292	1615
			2291	1616
			2290	1616
			2289	1616
			2288	1616
			2287	1616
			2286	1616
			2285	1616
			2284	1616
			2283	1616
			2282	1617
			2281	1617
			2280	1617
			2279	1617
			2278	1617
			2277	1617
			2276	1617
			2275	1618
			2274	1618
			2273	1618
			2272	1618
			2271	1618
			2270	1618
			2269	1618
			2268	1618
			2267	1619
			2266	1619
			2265	1619
			2264	1619
			2263	1619
			2262	1619
			2261	1619
			2260	1620
			2259	1620
			2258	1620
			2257	1620
			2256	1620
			2255	1620
			2254	1620
			2253	1620
			2252	1620
			2251	1621
			2250	1621
			2249	1621
			2248	1621
			2247	1621
			2246	1621
			2245	1621
			2244	1621
			2244	1622
			2243	1622
			2242	1622
			2241	1622
			2240	1622
			2239	1622
			2238	1622
			2237	1622
			2236	1622
			2235	1623
			2234	1623
			2233	1623
			2232	1623
			2231	1623
			2230	1623
			2229	1623
			2228	1623
			2227	1624
			2226	1624
			2225	1624
			2224	1624
			2223	1624
			2222	1624
			2221	1624
			2220	1624
			2219	1625
			2218	1625
			2217	1625
			2216	1625
			2215	1625
			2214	1626
			2213	1626
			2212	1626
			2211	1626
			2210	1627
			2209	1627
			2208	1627
			2207	1627
			2206	1627
			2205	1628
			2204	1628
			2203	1628
			2202	1628
			2201	1628
			2200	1629
			2199	1629
			2198	1629
			2197	1629
			2196	1629
			2195	1630
			2194	1630
			2193	1630
			2192	1630
			2191	1630
			2190	1631
			2189	1631
			2188	1631
			2187	1631
			2186	1631
			2185	1632
			2184	1632
		</Tail2>
		<AnalFin type=matrix rownames=FALSE colnames=FALSE nrow=97 ncol=2 as.numeric=TRUE >
			2184	1632
			2183	1632
			2182	1632
			2181	1633
			2180	1633
			2179	1633
			2178	1633
			2177	1633
			2177	1634
			2176	1634
			2175	1634
			2174	1634
			2173	1635
			2172	1635
			2171	1636
			2170	1636
			2169	1637
			2168	1637
			2167	1638
			2166	1638
			2165	1639
			2164	1640
			2163	1640
			2162	1641
			2162	1642
			2161	1642
			2160	1643
			2159	1644
			2158	1644
			2157	1645
			2156	1646
			2155	1647
			2154	1648
			2153	1649
			2152	1650
			2151	1651
			2150	1652
			2149	1653
			2148	1653
			2148	1654
			2147	1654
			2146	1655
			2145	1655
			2144	1656
			2143	1657
			2142	1658
			2141	1658
			2140	1658
			2140	1659
			2139	1659
			2138	1659
			2137	1660
			2136	1660
			2135	1661
			2134	1661
			2133	1661
			2132	1662
			2131	1662
			2130	1663
			2129	1663
			2128	1663
			2127	1664
			2126	1664
			2125	1664
			2124	1665
			2123	1665
			2122	1665
			2121	1665
			2120	1666
			2119	1666
			2118	1666
			2117	1666
			2116	1667
			2115	1667
			2114	1667
			2113	1668
			2112	1668
			2111	1668
			2110	1668
			2109	1668
			2108	1669
			2107	1669
			2106	1669
			2105	1669
			2104	1669
			2103	1669
			2103	1670
			2102	1670
			2101	1670
			2100	1670
			2099	1670
			2098	1670
			2097	1670
			2096	1671
			2095	1671
			2094	1671
			2093	1671
		</AnalFin>
		<Pectfin type=matrix rownames=FALSE colnames=FALSE nrow=44 ncol=2 as.numeric=TRUE >
			1835	1653
			1835	1654
			1836	1655
			1836	1656
			1836	1657
			1836	1658
			1837	1659
			1837	1660
			1837	1661
			1837	1662
			1837	1663
			1838	1664
			1838	1665
			1838	1666
			1838	1667
			1838	1668
			1838	1669
			1839	1670
			1839	1671
			1839	1672
			1839	1673
			1839	1674
			1839	1675
			1839	1676
			1839	1677
			1839	1678
			1839	1679
			1839	1680
			1839	1681
			1839	1682
			1839	1683
			1839	1684
			1839	1685
			1839	1686
			1839	1687
			1839	1688
			1839	1689
			1839	1690
			1839	1691
			1839	1692
			1839	1693
			1839	1694
			1839	1695
			1839	1696
		</Pectfin>
		<Opercle type=matrix rownames=FALSE colnames=FALSE nrow=183 ncol=2 as.numeric=TRUE >
			1822	1574
			1823	1574
			1824	1575
			1825	1576
			1826	1577
			1827	1578
			1828	1579
			1828	1580
			1828	1581
			1829	1582
			1829	1583
			1829	1584
			1829	1585
			1830	1586
			1830	1587
			1830	1588
			1830	1589
			1830	1590
			1831	1591
			1831	1592
			1831	1593
			1831	1594
			1831	1595
			1831	1596
			1831	1597
			1831	1598
			1831	1599
			1831	1600
			1832	1601
			1832	1602
			1832	1603
			1832	1604
			1832	1605
			1832	1606
			1832	1607
			1832	1608
			1832	1609
			1832	1610
			1832	1611
			1831	1611
			1831	1612
			1831	1613
			1830	1613
			1830	1614
			1829	1615
			1829	1616
			1828	1617
			1827	1618
			1827	1619
			1826	1620
			1826	1621
			1825	1622
			1825	1623
			1824	1624
			1823	1625
			1823	1626
			1823	1627
			1822	1627
			1822	1628
			1821	1629
			1821	1630
			1820	1630
			1820	1631
			1819	1632
			1819	1633
			1818	1634
			1817	1635
			1817	1636
			1816	1637
			1816	1638
			1815	1638
			1815	1639
			1815	1640
			1814	1640
			1814	1641
			1813	1642
			1813	1643
			1812	1644
			1811	1645
			1811	1646
			1810	1647
			1809	1648
			1809	1649
			1808	1650
			1808	1651
			1807	1652
			1807	1653
			1806	1653
			1806	1654
			1806	1655
			1805	1656
			1805	1657
			1804	1657
			1804	1658
			1803	1659
			1803	1660
			1803	1661
			1802	1661
			1802	1662
			1801	1663
			1801	1664
			1800	1664
			1800	1665
			1800	1666
			1799	1667
			1799	1668
			1798	1668
			1798	1669
			1798	1670
			1797	1671
			1796	1672
			1796	1673
			1795	1674
			1795	1675
			1794	1676
			1794	1677
			1793	1678
			1792	1679
			1791	1680
			1791	1681
			1790	1682
			1789	1683
			1788	1684
			1787	1685
			1786	1686
			1785	1687
			1784	1688
			1783	1689
			1782	1689
			1782	1690
			1781	1690
			1780	1690
			1780	1691
			1779	1691
			1778	1692
			1777	1692
			1776	1693
			1775	1693
			1774	1694
			1773	1694
			1772	1695
			1771	1695
			1770	1695
			1769	1695
			1768	1696
			1767	1696
			1766	1696
			1765	1696
			1764	1696
			1763	1696
			1762	1697
			1761	1697
			1760	1697
			1759	1697
			1758	1697
			1757	1697
			1756	1697
			1755	1697
			1754	1697
			1753	1697
			1752	1696
			1751	1696
			1750	1696
			1749	1696
			1748	1696
			1747	1696
			1746	1696
			1745	1695
			1744	1695
			1743	1695
			1742	1695
			1741	1694
			1740	1694
			1739	1694
			1738	1693
			1737	1693
			1736	1693
			1735	1693
			1735	1692
			1734	1692
			1733	1692
			1732	1691
			1731	1691
		</Opercle>
		<Preopercle type=matrix rownames=FALSE colnames=FALSE nrow=76 ncol=2 as.numeric=TRUE >
			1739	1617
			1739	1618
			1739	1619
			1739	1620
			1739	1621
			1739	1622
			1739	1623
			1739	1624
			1739	1625
			1739	1626
			1739	1627
			1739	1628
			1739	1629
			1739	1630
			1739	1631
			1739	1632
			1739	1633
			1739	1634
			1739	1635
			1739	1636
			1739	1637
			1739	1638
			1739	1639
			1739	1640
			1739	1641
			1739	1642
			1738	1643
			1738	1644
			1738	1645
			1738	1646
			1738	1647
			1738	1648
			1738	1649
			1738	1650
			1738	1651
			1738	1652
			1737	1652
			1737	1653
			1737	1654
			1737	1655
			1737	1656
			1737	1657
			1737	1658
			1737	1659
			1737	1660
			1737	1661
			1737	1662
			1737	1663
			1737	1664
			1737	1665
			1737	1666
			1737	1667
			1737	1668
			1737	1669
			1737	1670
			1737	1671
			1737	1672
			1737	1673
			1736	1674
			1736	1675
			1736	1676
			1736	1677
			1736	1678
			1735	1679
			1735	1680
			1735	1681
			1734	1682
			1734	1683
			1734	1684
			1733	1685
			1733	1686
			1733	1687
			1732	1688
			1732	1689
			1731	1690
			1731	1691
		</Preopercle>
	</curves.pixel>
	<curves.scaled type=list>
		<Eye type=matrix rownames=FALSE colnames=FALSE nrow=211 ncol=2 as.numeric=TRUE >
			67.5650680304919	-61.466274279067
			67.60492942756	-61.466274279067
			67.6447908246282	-61.466274279067
			67.6846522216963	-61.466274279067
			67.7245136187644	-61.466274279067
			67.7643750158326	-61.466274279067
			67.8042364129007	-61.5061356761351
			67.8440978099688	-61.5061356761351
			67.883959207037	-61.5061356761351
			67.9238206041051	-61.5061356761351
			67.9636820011733	-61.5061356761351
			68.0035433982414	-61.5459970732032
			68.0434047953095	-61.5459970732032
			68.0832661923777	-61.5459970732032
			68.1231275894458	-61.5459970732032
			68.1231275894458	-61.5858584702714
			68.1629889865139	-61.5858584702714
			68.2028503835821	-61.5858584702714
			68.2427117806502	-61.5858584702714
			68.2825731777183	-61.6257198673395
			68.3224345747865	-61.6655812644076
			68.3622959718546	-61.6655812644076
			68.4021573689228	-61.7054426614758
			68.4420187659909	-61.7453040585439
			68.481880163059	-61.7453040585439
			68.481880163059	-61.7851654556121
			68.5217415601272	-61.7851654556121
			68.5616029571953	-61.8250268526802
			68.5616029571953	-61.8648882497483
			68.6014643542634	-61.8648882497483
			68.6014643542634	-61.9047496468165
			68.6413257513316	-61.9446110438846
			68.6811871483997	-61.9844724409527
			68.6811871483997	-62.0243338380209
			68.6811871483997	-62.064195235089
			68.7210485454679	-62.1040566321571
			68.7210485454679	-62.1439180292253
			68.7210485454679	-62.1837794262934
			68.7210485454679	-62.2236408233616
			68.760909942536	-62.2635022204297
			68.760909942536	-62.3033636174978
			68.760909942536	-62.343225014566
			68.760909942536	-62.3830864116341
			68.760909942536	-62.4229478087022
			68.760909942536	-62.4628092057704
			68.760909942536	-62.5026706028385
			68.760909942536	-62.5425319999067
			68.760909942536	-62.5823933969748
			68.760909942536	-62.6222547940429
			68.760909942536	-62.6621161911111
			68.7210485454679	-62.7019775881792
			68.7210485454679	-62.7418389852473
			68.7210485454679	-62.7817003823155
			68.7210485454679	-62.8215617793836
			68.7210485454679	-62.8614231764517
			68.6811871483997	-62.9012845735199
			68.6811871483997	-62.941145970588
			68.6811871483997	-62.9810073676562
			68.6811871483997	-63.0208687647243
			68.6413257513316	-63.0607301617924
			68.6413257513316	-63.1005915588606
			68.6413257513316	-63.1404529559287
			68.6413257513316	-63.1803143529968
			68.6014643542634	-63.1803143529968
			68.6014643542634	-63.220175750065
			68.6014643542634	-63.2600371471331
			68.5616029571953	-63.2998985442013
			68.5616029571953	-63.3397599412694
			68.5217415601272	-63.3796213383375
			68.481880163059	-63.4194827354057
			68.481880163059	-63.4593441324738
			68.4420187659909	-63.4992055295419
			68.4021573689228	-63.5390669266101
			68.3622959718546	-63.5789283236782
			68.3224345747865	-63.6187897207463
			68.2825731777183	-63.6586511178145
			68.2427117806502	-63.6985125148826
			68.2028503835821	-63.7383739119508
			68.1629889865139	-63.7782353090189
			68.1231275894458	-63.818096706087
			68.0832661923777	-63.8579581031552
			68.0434047953095	-63.8978195002233
			68.0434047953095	-63.9376808972914
			68.0035433982414	-63.9775422943596
			67.9636820011733	-63.9775422943596
			67.9238206041051	-64.0174036914277
			67.883959207037	-64.0572650884959
			67.8440978099688	-64.097126485564
			67.8042364129007	-64.097126485564
			67.7643750158326	-64.1369878826321
			67.7643750158326	-64.1768492797003
			67.7245136187644	-64.1768492797003
			67.6846522216963	-64.2167106767684
			67.6447908246282	-64.2167106767684
			67.60492942756	-64.2565720738365
			67.5650680304919	-64.2565720738365
			67.5650680304919	-64.2964334709047
			67.5252066334237	-64.2964334709047
			67.4853452363556	-64.3362948679728
			67.4454838392875	-64.3362948679728
			67.4056224422193	-64.3362948679728
			67.4056224422193	-64.3761562650409
			67.3657610451512	-64.3761562650409
			67.3258996480831	-64.3761562650409
			67.2860382510149	-64.4160176621091
			67.2461768539468	-64.4160176621091
			67.2063154568787	-64.4160176621091
			67.1664540598105	-64.4558790591772
			67.1265926627424	-64.4558790591772
			67.0867312656742	-64.4558790591772
			67.0468698686061	-64.4558790591772
			67.007008471538	-64.4558790591772
			66.9671470744698	-64.4558790591772
			66.9272856774017	-64.4558790591772
			66.8874242803336	-64.4558790591772
			66.8475628832654	-64.4558790591772
			66.8077014861973	-64.4558790591772
			66.7678400891292	-64.4160176621091
			66.727978692061	-64.4160176621091
			66.6881172949929	-64.4160176621091
			66.6482558979247	-64.3761562650409
			66.6083945008566	-64.3761562650409
			66.5685331037885	-64.3362948679728
			66.5286717067203	-64.2964334709047
			66.4888103096522	-64.2964334709047
			66.4489489125841	-64.2565720738365
			66.4090875155159	-64.2167106767684
			66.3692261184478	-64.2167106767684
			66.3293647213796	-64.1768492797003
			66.2895033243115	-64.1369878826321
			66.2895033243115	-64.097126485564
			66.2496419272434	-64.0572650884959
			66.2097805301752	-64.0174036914277
			66.1699191331071	-63.9775422943596
			66.1699191331071	-63.9376808972914
			66.130057736039	-63.8978195002233
			66.130057736039	-63.8579581031552
			66.0901963389708	-63.8579581031552
			66.0901963389708	-63.818096706087
			66.0503349419027	-63.7782353090189
			66.0503349419027	-63.7383739119508
			66.0503349419027	-63.6985125148826
			66.0104735448346	-63.6586511178145
			66.0104735448346	-63.6187897207463
			66.0104735448346	-63.5789283236782
			66.0104735448346	-63.5390669266101
			66.0104735448346	-63.4992055295419
			66.0104735448346	-63.4593441324738
			66.0104735448346	-63.4194827354057
			66.0104735448346	-63.3796213383375
			66.0104735448346	-63.3397599412694
			66.0104735448346	-63.2998985442013
			66.0104735448346	-63.2600371471331
			66.0104735448346	-63.220175750065
			66.0104735448346	-63.1803143529968
			66.0104735448346	-63.1404529559287
			66.0104735448346	-63.1005915588606
			66.0104735448346	-63.0607301617924
			66.0104735448346	-63.0208687647243
			66.0104735448346	-62.9810073676562
			66.0104735448346	-62.941145970588
			66.0503349419027	-62.9012845735199
			66.0503349419027	-62.8614231764517
			66.0503349419027	-62.8215617793836
			66.0503349419027	-62.7817003823155
			66.0901963389708	-62.7418389852473
			66.0901963389708	-62.7019775881792
			66.0901963389708	-62.6621161911111
			66.130057736039	-62.6222547940429
			66.130057736039	-62.5823933969748
			66.1699191331071	-62.5425319999067
			66.1699191331071	-62.5026706028385
			66.2097805301752	-62.4628092057704
			66.2097805301752	-62.4229478087022
			66.2496419272434	-62.3830864116341
			66.2496419272434	-62.343225014566
			66.2895033243115	-62.3033636174978
			66.3293647213796	-62.2635022204297
			66.3293647213796	-62.2236408233616
			66.3692261184478	-62.1837794262934
			66.4090875155159	-62.1837794262934
			66.4489489125841	-62.1439180292253
			66.4489489125841	-62.1040566321571
			66.4888103096522	-62.064195235089
			66.5286717067203	-62.0243338380209
			66.5685331037885	-62.0243338380209
			66.6083945008566	-61.9844724409527
			66.6482558979247	-61.9446110438846
			66.6881172949929	-61.9047496468165
			66.727978692061	-61.9047496468165
			66.7678400891292	-61.8648882497483
			66.8077014861973	-61.8250268526802
			66.8475628832654	-61.8250268526802
			66.8874242803336	-61.7851654556121
			66.9272856774017	-61.7453040585439
			66.9671470744698	-61.7453040585439
			67.007008471538	-61.7054426614758
			67.0468698686061	-61.6655812644076
			67.0867312656742	-61.6655812644076
			67.1265926627424	-61.6655812644076
			67.1664540598105	-61.6257198673395
			67.2063154568787	-61.6257198673395
			67.2461768539468	-61.5858584702714
			67.2860382510149	-61.5858584702714
			67.3258996480831	-61.5459970732032
			67.3657610451512	-61.5459970732032
			67.4056224422193	-61.5459970732032
			67.4454838392875	-61.5061356761351
			67.4853452363556	-61.5061356761351
			67.5252066334237	-61.466274279067
			67.5650680304919	-61.466274279067
		</Eye>
		<Head type=matrix rownames=FALSE colnames=FALSE nrow=439 ncol=2 as.numeric=TRUE >
			63.7383739119508	-63.4593441324738
			63.7782353090189	-63.4194827354057
			63.7782353090189	-63.3796213383375
			63.818096706087	-63.3397599412694
			63.8579581031552	-63.3397599412694
			63.8978195002233	-63.2998985442013
			63.9376808972914	-63.2600371471331
			63.9376808972914	-63.220175750065
			63.9775422943596	-63.1803143529968
			64.0174036914277	-63.1404529559287
			64.0572650884959	-63.1005915588606
			64.097126485564	-63.0607301617924
			64.1369878826321	-63.0208687647243
			64.1768492797003	-62.9810073676562
			64.2167106767684	-62.941145970588
			64.2565720738365	-62.9012845735199
			64.2964334709047	-62.8614231764517
			64.3362948679728	-62.8215617793836
			64.3761562650409	-62.7817003823155
			64.4160176621091	-62.7418389852473
			64.4558790591772	-62.7019775881792
			64.4957404562454	-62.6621161911111
			64.5356018533135	-62.6222547940429
			64.5754632503816	-62.5823933969748
			64.6153246474498	-62.5823933969748
			64.6551860445179	-62.5425319999067
			64.695047441586	-62.5026706028385
			64.695047441586	-62.4628092057704
			64.7349088386542	-62.4628092057704
			64.7747702357223	-62.4229478087022
			64.8146316327905	-62.3830864116341
			64.8544930298586	-62.3830864116341
			64.8943544269267	-62.343225014566
			64.8943544269267	-62.3033636174978
			64.9342158239949	-62.2635022204297
			64.974077221063	-62.2635022204297
			65.0139386181311	-62.2236408233616
			65.0538000151993	-62.1837794262934
			65.0936614122674	-62.1837794262934
			65.1335228093355	-62.1439180292253
			65.1335228093355	-62.1040566321571
			65.1733842064037	-62.064195235089
			65.2132456034718	-62.064195235089
			65.25310700054	-62.0243338380209
			65.2929683976081	-61.9844724409527
			65.3328297946762	-61.9844724409527
			65.3726911917444	-61.9446110438846
			65.4125525888125	-61.9047496468165
			65.4524139858806	-61.8648882497483
			65.4922753829488	-61.8648882497483
			65.5321367800169	-61.8250268526802
			65.571998177085	-61.7851654556121
			65.6118595741532	-61.7851654556121
			65.6118595741532	-61.7453040585439
			65.6517209712213	-61.7054426614758
			65.6915823682895	-61.7054426614758
			65.7314437653576	-61.6655812644076
			65.7713051624257	-61.6257198673395
			65.8111665594939	-61.5858584702714
			65.851027956562	-61.5858584702714
			65.8908893536301	-61.5459970732032
			65.9307507506983	-61.5061356761351
			65.9706121477664	-61.5061356761351
			66.0104735448346	-61.466274279067
			66.0503349419027	-61.4264128819988
			66.0901963389708	-61.4264128819988
			66.130057736039	-61.3865514849307
			66.1699191331071	-61.3466900878625
			66.2097805301752	-61.3068286907944
			66.2496419272434	-61.3068286907944
			66.2895033243115	-61.3068286907944
			66.2895033243115	-61.2669672937263
			66.3293647213796	-61.2669672937263
			66.3692261184478	-61.2271058966581
			66.4090875155159	-61.2271058966581
			66.4489489125841	-61.18724449959
			66.4888103096522	-61.1473831025219
			66.5286717067203	-61.1075217054537
			66.5685331037885	-61.1075217054537
			66.6083945008566	-61.0676603083856
			66.6482558979247	-61.0676603083856
			66.6482558979247	-61.0277989113175
			66.6881172949929	-61.0277989113175
			66.727978692061	-60.9879375142493
			66.7678400891292	-60.9879375142493
			66.8077014861973	-60.9480761171812
			66.8475628832654	-60.9480761171812
			66.8874242803336	-60.908214720113
			66.9272856774017	-60.8683533230449
			66.9671470744698	-60.8683533230449
			67.007008471538	-60.8284919259768
			67.0468698686061	-60.8284919259768
			67.0867312656742	-60.7886305289086
			67.1265926627424	-60.7487691318405
			67.1664540598105	-60.7487691318405
			67.2063154568787	-60.7089077347724
			67.2461768539468	-60.7089077347724
			67.2860382510149	-60.6690463377042
			67.3258996480831	-60.6291849406361
			67.3657610451512	-60.6291849406361
			67.4056224422193	-60.589323543568
			67.4454838392875	-60.589323543568
			67.4853452363556	-60.5494621464998
			67.5252066334237	-60.5494621464998
			67.5650680304919	-60.5096007494317
			67.60492942756	-60.4697393523635
			67.6447908246282	-60.4697393523635
			67.6846522216963	-60.4298779552954
			67.7245136187644	-60.4298779552954
			67.7643750158326	-60.4298779552954
			67.8042364129007	-60.3900165582273
			67.8440978099688	-60.3900165582273
			67.883959207037	-60.3501551611591
			67.9238206041051	-60.3501551611591
			67.9636820011733	-60.310293764091
			68.0035433982414	-60.310293764091
			68.0434047953095	-60.2704323670229
			68.0832661923777	-60.2704323670229
			68.1231275894458	-60.2305709699547
			68.1629889865139	-60.2305709699547
			68.2028503835821	-60.2305709699547
			68.2427117806502	-60.1907095728866
			68.2825731777183	-60.1907095728866
			68.3224345747865	-60.1508481758184
			68.3622959718546	-60.1508481758184
			68.4021573689228	-60.1109867787503
			68.4420187659909	-60.1109867787503
			68.481880163059	-60.1109867787503
			68.481880163059	-60.0711253816822
			68.5217415601272	-60.0711253816822
			68.5616029571953	-60.0711253816822
			68.6014643542634	-60.031263984614
			68.6413257513316	-60.031263984614
			68.6811871483997	-59.9914025875459
			68.7210485454679	-59.9914025875459
			68.760909942536	-59.9515411904778
			68.8007713396041	-59.9515411904778
			68.8406327366723	-59.9515411904778
			68.8804941337404	-59.9116797934096
			68.9203555308085	-59.9116797934096
			68.9203555308085	-59.8718183963415
			68.9602169278767	-59.8718183963415
			69.0000783249448	-59.8718183963415
			69.0399397220129	-59.8319569992734
			69.0798011190811	-59.8319569992734
			69.1196625161492	-59.7920956022052
			69.1595239132174	-59.7920956022052
			69.1993853102855	-59.7522342051371
			69.2392467073536	-59.7522342051371
			69.2791081044218	-59.7123728080689
			69.3189695014899	-59.7123728080689
			69.358830898558	-59.7123728080689
			69.3986922956262	-59.6725114110008
			69.4385536926943	-59.6725114110008
			69.4784150897625	-59.6326500139327
			69.5182764868306	-59.6326500139327
			69.5182764868306	-59.5927886168645
			69.5581378838987	-59.5927886168645
			69.5979992809669	-59.5529272197964
			69.637860678035	-59.5529272197964
			69.6777220751031	-59.5529272197964
			69.7175834721713	-59.5130658227283
			69.7574448692394	-59.5130658227283
			69.7973062663076	-59.4732044256601
			69.8371676633757	-59.4732044256601
			69.8770290604438	-59.433343028592
			69.916890457512	-59.433343028592
			69.9567518545801	-59.3934816315238
			69.9966132516482	-59.3934816315238
			70.0364746487164	-59.3536202344557
			70.0763360457845	-59.3536202344557
			70.1161974428527	-59.3137588373876
			70.1560588399208	-59.3137588373876
			70.1959202369889	-59.3137588373876
			70.2357816340571	-59.2738974403194
			70.2756430311252	-59.2738974403194
			70.3155044281933	-59.2340360432513
			70.3553658252615	-59.2340360432513
			70.3952272223296	-59.1941746461832
			70.4350886193977	-59.1941746461832
			70.4749500164659	-59.154313249115
			70.514811413534	-59.154313249115
			70.5546728106022	-59.1144518520469
			70.5945342076703	-59.1144518520469
			70.6343956047384	-59.0745904549787
			70.6742570018066	-59.0745904549787
			70.7141183988747	-59.0347290579106
			70.7539797959428	-59.0347290579106
			70.793841193011	-58.9948676608425
			70.8337025900791	-58.9948676608425
			70.8735639871473	-58.9550062637743
			70.9134253842154	-58.9550062637743
			70.9532867812835	-58.9151448667062
			70.9931481783517	-58.9151448667062
			71.0330095754198	-58.8752834696381
			71.0728709724879	-58.8752834696381
			71.1127323695561	-58.8354220725699
			71.1525937666242	-58.8354220725699
			71.1924551636923	-58.7955606755018
			71.2323165607605	-58.7955606755018
			71.2721779578286	-58.7556992784337
			71.3120393548968	-58.7556992784337
			71.3519007519649	-58.7158378813655
			71.391762149033	-58.7158378813655
			71.4316235461012	-58.6759764842974
			71.4714849431693	-58.6759764842974
			71.5113463402374	-58.6361150872292
			71.5512077373056	-58.6361150872292
			71.5512077373056	-58.5962536901611
			71.5910691343737	-58.5962536901611
			71.6309305314418	-58.5962536901611
			71.67079192851	-58.556392293093
			71.7106533255781	-58.556392293093
			71.7505147226463	-58.556392293093
			71.7903761197144	-58.5165308960248
			71.8302375167825	-58.5165308960248
			71.8700989138507	-58.4766694989567
			71.9099603109188	-58.4766694989567
			71.9498217079869	-58.4368081018886
			71.9896831050551	-58.4368081018886
			72.0295445021232	-58.4368081018886
			72.0694058991914	-58.3969467048204
			72.1092672962595	-58.3969467048204
			72.1491286933276	-58.3570853077523
			72.1889900903958	-58.3570853077523
			72.2288514874639	-58.3570853077523
			72.268712884532	-58.3570853077523
			72.268712884532	-58.3172239106841
			72.3085742816002	-58.3172239106841
			72.3484356786683	-58.3172239106841
			72.3882970757364	-58.277362513616
			72.4281584728046	-58.277362513616
			72.4680198698727	-58.277362513616
			72.5078812669409	-58.2375011165479
			72.547742664009	-58.2375011165479
			72.5876040610771	-58.2375011165479
			72.6274654581453	-58.1976397194797
			72.6673268552134	-58.1976397194797
			72.7071882522815	-58.1976397194797
			72.7470496493497	-58.1577783224116
			72.7869110464178	-58.1577783224116
			72.826772443486	-58.1179169253435
			72.8666338405541	-58.1179169253435
			72.9064952376222	-58.1179169253435
			72.9463566346904	-58.0780555282753
			72.9862180317585	-58.0780555282753
			73.0260794288266	-58.0780555282753
			73.0659408258948	-58.0381941312072
			73.1058022229629	-58.0381941312072
			73.145663620031	-58.0381941312072
			73.1855250170992	-57.9983327341391
			73.2253864141673	-57.9983327341391
			73.2652478112355	-57.9983327341391
			73.3051092083036	-57.9584713370709
			73.3449706053717	-57.9584713370709
			73.3848320024399	-57.9584713370709
			73.424693399508	-57.9584713370709
			73.4645547965761	-57.9186099400028
			73.5044161936443	-57.9186099400028
			73.5442775907124	-57.9186099400028
			73.5841389877805	-57.8787485429346
			73.6240003848487	-57.8787485429346
			73.6638617819168	-57.8787485429346
			73.703723178985	-57.8787485429346
			73.7435845760531	-57.8388871458665
			73.7834459731212	-57.8388871458665
			73.8233073701894	-57.8388871458665
			73.8631687672575	-57.7990257487984
			73.9030301643256	-57.7990257487984
			73.9428915613938	-57.7990257487984
			73.9827529584619	-57.7990257487984
			74.0226143555301	-57.7591643517302
			74.0624757525982	-57.7591643517302
			74.1023371496663	-57.7591643517302
			74.1421985467345	-57.7193029546621
			74.1820599438026	-57.7193029546621
			74.2219213408707	-57.7193029546621
			74.2617827379389	-57.7193029546621
			74.301644135007	-57.679441557594
			74.3415055320751	-57.679441557594
			74.3813669291433	-57.679441557594
			74.4212283262114	-57.679441557594
			74.4610897232796	-57.679441557594
			74.4610897232796	-57.6395801605258
			74.5009511203477	-57.6395801605258
			74.5408125174158	-57.6395801605258
			74.580673914484	-57.6395801605258
			74.6205353115521	-57.6395801605258
			74.6603967086202	-57.5997187634577
			74.7002581056884	-57.5997187634577
			74.7401195027565	-57.5997187634577
			74.7799808998247	-57.5997187634577
			74.8198422968928	-57.5598573663896
			74.8597036939609	-57.5598573663896
			74.8995650910291	-57.5598573663896
			74.9394264880972	-57.5598573663896
			74.9792878851653	-57.5598573663896
			75.0191492822335	-57.5199959693214
			75.0590106793016	-57.5199959693214
			75.0988720763697	-57.5199959693214
			75.1387334734379	-57.5199959693214
			75.178594870506	-57.5199959693214
			75.2184562675742	-57.5199959693214
			75.2583176646423	-57.4801345722533
			75.2981790617104	-57.4801345722533
			75.3380404587786	-57.4801345722533
			75.3779018558467	-57.4801345722533
			75.4177632529148	-57.4801345722533
			75.457624649983	-57.4801345722533
			75.4974860470511	-57.4801345722533
			75.5373474441192	-57.4801345722533
			75.5772088411874	-57.4402731751851
			75.6170702382555	-57.4402731751851
			75.6569316353237	-57.4402731751851
			75.6967930323918	-57.4402731751851
			75.7366544294599	-57.4402731751851
			75.7765158265281	-57.4402731751851
			75.8163772235962	-57.4402731751851
			75.8562386206643	-57.4402731751851
			75.8961000177325	-57.4402731751851
			75.9359614148006	-57.400411778117
			75.9758228118688	-57.400411778117
			76.0156842089369	-57.400411778117
			76.055545606005	-57.400411778117
			76.0954070030732	-57.400411778117
			76.1352684001413	-57.400411778117
			76.1751297972094	-57.400411778117
			76.2149911942776	-57.400411778117
			76.2548525913457	-57.400411778117
			76.2947139884138	-57.400411778117
			76.334575385482	-57.400411778117
			76.3744367825501	-57.3605503810489
			76.4142981796183	-57.3605503810489
			76.4541595766864	-57.3605503810489
			76.4940209737545	-57.3605503810489
			76.5338823708227	-57.3605503810489
			76.5737437678908	-57.3605503810489
			76.6136051649589	-57.3605503810489
			76.6534665620271	-57.3605503810489
			76.6933279590952	-57.3605503810489
			76.7331893561634	-57.3605503810489
			76.7730507532315	-57.3605503810489
			76.8129121502996	-57.3605503810489
			76.8527735473678	-57.3605503810489
			76.8926349444359	-57.3605503810489
			76.932496341504	-57.3206889839807
			76.9723577385722	-57.3206889839807
			77.0122191356403	-57.3206889839807
			77.0520805327084	-57.3206889839807
			77.0919419297766	-57.3206889839807
			77.1318033268447	-57.3206889839807
			77.1716647239129	-57.3206889839807
			77.211526120981	-57.3206889839807
			77.2513875180491	-57.3206889839807
			77.2912489151173	-57.3206889839807
			77.3311103121854	-57.3206889839807
			77.3709717092535	-57.3206889839807
			77.4108331063217	-57.3206889839807
			77.4506945033898	-57.3206889839807
			77.4905559004579	-57.3206889839807
			77.5304172975261	-57.3206889839807
			77.5702786945942	-57.3206889839807
			77.6101400916624	-57.3206889839807
			77.6500014887305	-57.3206889839807
			77.6898628857986	-57.3206889839807
			77.7297242828668	-57.2808275869126
			77.7695856799349	-57.2808275869126
			77.8094470770031	-57.2808275869126
			77.8493084740712	-57.2808275869126
			77.8891698711393	-57.2808275869126
			77.9290312682075	-57.2808275869126
			77.9688926652756	-57.2808275869126
			78.0087540623437	-57.2808275869126
			78.0486154594119	-57.2808275869126
			78.08847685648	-57.2808275869126
			78.1283382535482	-57.2808275869126
			78.1681996506163	-57.2808275869126
			78.2080610476844	-57.2808275869126
			78.2479224447526	-57.2808275869126
			78.2877838418207	-57.2808275869126
			78.3276452388888	-57.2808275869126
			78.367506635957	-57.2808275869126
			78.4073680330251	-57.2808275869126
			78.4472294300932	-57.2808275869126
			78.4870908271614	-57.2808275869126
			78.5269522242295	-57.2808275869126
			78.5668136212977	-57.2808275869126
			78.6066750183658	-57.2808275869126
			78.6465364154339	-57.2808275869126
			78.6863978125021	-57.2808275869126
			78.7262592095702	-57.2808275869126
			78.7661206066383	-57.2808275869126
			78.8059820037065	-57.2808275869126
			78.8458434007746	-57.2808275869126
			78.8857047978427	-57.2808275869126
			78.9255661949109	-57.2808275869126
			78.965427591979	-57.2808275869126
			79.0052889890472	-57.2808275869126
			79.0451503861153	-57.2808275869126
			79.0850117831834	-57.2808275869126
			79.1248731802516	-57.2808275869126
			79.1647345773197	-57.2808275869126
			79.2045959743878	-57.2808275869126
			79.244457371456	-57.2808275869126
			79.2843187685241	-57.2808275869126
			79.3241801655923	-57.2808275869126
			79.3640415626604	-57.2808275869126
			79.4039029597285	-57.2808275869126
			79.4437643567967	-57.2808275869126
			79.4836257538648	-57.2808275869126
			79.5234871509329	-57.2808275869126
			79.5633485480011	-57.2808275869126
			79.6032099450692	-57.2808275869126
			79.6430713421373	-57.2808275869126
			79.6829327392055	-57.2808275869126
			79.7227941362736	-57.2808275869126
			79.7626555333418	-57.2808275869126
			79.8025169304099	-57.2808275869126
			79.842378327478	-57.2808275869126
			79.8822397245462	-57.2808275869126
			79.9221011216143	-57.2808275869126
			79.9619625186824	-57.2808275869126
			80.0018239157506	-57.2409661898445
			80.0416853128187	-57.2409661898445
			80.0815467098869	-57.2409661898445
			80.121408106955	-57.2409661898445
			80.1612695040231	-57.2409661898445
			80.2011309010913	-57.2409661898445
			80.2409922981594	-57.2409661898445
			80.2808536952275	-57.2409661898445
			80.3207150922957	-57.2409661898445
			80.3605764893638	-57.2409661898445
			80.4004378864319	-57.2409661898445
			80.4402992835001	-57.2409661898445
			80.4801606805682	-57.2409661898445
			80.5200220776364	-57.2409661898445
			80.5598834747045	-57.2409661898445
			80.5997448717726	-57.2409661898445
			80.6396062688408	-57.2409661898445
		</Head>
		<Tail1 type=matrix rownames=FALSE colnames=FALSE nrow=318 ncol=2 as.numeric=TRUE >
			80.6396062688408	-57.2409661898445
			80.6794676659089	-57.2409661898445
			80.719329062977	-57.2808275869126
			80.7591904600452	-57.2808275869126
			80.7990518571133	-57.3206889839807
			80.8389132541814	-57.3206889839807
			80.8787746512496	-57.3206889839807
			80.9186360483177	-57.3605503810489
			80.9584974453859	-57.3605503810489
			80.998358842454	-57.3605503810489
			81.0382202395221	-57.400411778117
			81.0780816365903	-57.400411778117
			81.1179430336584	-57.400411778117
			81.1578044307265	-57.4402731751851
			81.1976658277947	-57.4402731751851
			81.2375272248628	-57.4402731751851
			81.277388621931	-57.4801345722533
			81.3172500189991	-57.4801345722533
			81.3571114160672	-57.4801345722533
			81.3969728131354	-57.5199959693214
			81.4368342102035	-57.5199959693214
			81.4766956072716	-57.5199959693214
			81.5165570043398	-57.5598573663896
			81.5564184014079	-57.5598573663896
			81.596279798476	-57.5598573663896
			81.6361411955442	-57.5997187634577
			81.6760025926123	-57.5997187634577
			81.7158639896805	-57.5997187634577
			81.7557253867486	-57.6395801605258
			81.7955867838167	-57.6395801605258
			81.8354481808849	-57.679441557594
			81.875309577953	-57.679441557594
			81.9151709750211	-57.679441557594
			81.9550323720893	-57.679441557594
			81.9948937691574	-57.7193029546621
			82.0347551662256	-57.7193029546621
			82.0746165632937	-57.7193029546621
			82.1144779603618	-57.7591643517302
			82.15433935743	-57.7591643517302
			82.1942007544981	-57.7591643517302
			82.2340621515662	-57.7990257487984
			82.2739235486344	-57.7990257487984
			82.3137849457025	-57.7990257487984
			82.3536463427706	-57.8388871458665
			82.3935077398388	-57.8388871458665
			82.4333691369069	-57.8388871458665
			82.4732305339751	-57.8787485429346
			82.5130919310432	-57.8787485429346
			82.5529533281113	-57.8787485429346
			82.5928147251795	-57.9186099400028
			82.6326761222476	-57.9186099400028
			82.6725375193157	-57.9186099400028
			82.7123989163839	-57.9186099400028
			82.752260313452	-57.9584713370709
			82.7921217105201	-57.9584713370709
			82.8319831075883	-57.9584713370709
			82.8718445046564	-57.9983327341391
			82.9117059017246	-57.9983327341391
			82.9515672987927	-57.9983327341391
			82.9914286958608	-57.9983327341391
			83.031290092929	-58.0381941312072
			83.0711514899971	-58.0381941312072
			83.1110128870652	-58.0381941312072
			83.1508742841334	-58.0381941312072
			83.1508742841334	-58.0780555282753
			83.1907356812015	-58.0780555282753
			83.2305970782697	-58.0780555282753
			83.2704584753378	-58.1179169253435
			83.3103198724059	-58.1179169253435
			83.3501812694741	-58.1179169253435
			83.3900426665422	-58.1179169253435
			83.4299040636103	-58.1577783224116
			83.4697654606785	-58.1577783224116
			83.5096268577466	-58.1577783224116
			83.5494882548147	-58.1577783224116
			83.5893496518829	-58.1976397194797
			83.629211048951	-58.1976397194797
			83.6690724460192	-58.1976397194797
			83.7089338430873	-58.1976397194797
			83.7487952401554	-58.2375011165479
			83.7886566372236	-58.2375011165479
			83.8285180342917	-58.2375011165479
			83.8683794313598	-58.2375011165479
			83.908240828428	-58.277362513616
			83.9481022254961	-58.277362513616
			83.9879636225643	-58.277362513616
			84.0278250196324	-58.277362513616
			84.0676864167005	-58.3172239106841
			84.1075478137687	-58.3172239106841
			84.1474092108368	-58.3172239106841
			84.1872706079049	-58.3172239106841
			84.2271320049731	-58.3172239106841
			84.2669934020412	-58.3570853077523
			84.3068547991093	-58.3570853077523
			84.3467161961775	-58.3570853077523
			84.3865775932456	-58.3570853077523
			84.4264389903138	-58.3570853077523
			84.4663003873819	-58.3969467048204
			84.50616178445	-58.3969467048204
			84.5460231815182	-58.3969467048204
			84.5858845785863	-58.3969467048204
			84.6257459756544	-58.3969467048204
			84.6656073727226	-58.4368081018886
			84.7054687697907	-58.4368081018886
			84.7453301668588	-58.4368081018886
			84.785191563927	-58.4368081018886
			84.8250529609951	-58.4368081018886
			84.8649143580633	-58.4766694989567
			84.9047757551314	-58.4766694989567
			84.9446371521995	-58.4766694989567
			84.9844985492677	-58.4766694989567
			85.0243599463358	-58.4766694989567
			85.0642213434039	-58.4766694989567
			85.1040827404721	-58.5165308960248
			85.1439441375402	-58.5165308960248
			85.1838055346084	-58.5165308960248
			85.2236669316765	-58.5165308960248
			85.2635283287446	-58.5165308960248
			85.3033897258128	-58.5165308960248
			85.3033897258128	-58.556392293093
			85.3432511228809	-58.556392293093
			85.383112519949	-58.556392293093
			85.4229739170172	-58.556392293093
			85.4628353140853	-58.556392293093
			85.5026967111534	-58.556392293093
			85.5425581082216	-58.556392293093
			85.5824195052897	-58.5962536901611
			85.6222809023579	-58.5962536901611
			85.662142299426	-58.5962536901611
			85.7020036964941	-58.5962536901611
			85.7418650935623	-58.5962536901611
			85.7817264906304	-58.5962536901611
			85.8215878876986	-58.6361150872292
			85.8614492847667	-58.6361150872292
			85.9013106818348	-58.6361150872292
			85.941172078903	-58.6361150872292
			85.9810334759711	-58.6361150872292
			86.0208948730392	-58.6361150872292
			86.0607562701074	-58.6361150872292
			86.1006176671755	-58.6759764842974
			86.1404790642436	-58.6759764842974
			86.1803404613118	-58.6759764842974
			86.2202018583799	-58.6759764842974
			86.2600632554481	-58.6759764842974
			86.2999246525162	-58.6759764842974
			86.3397860495843	-58.7158378813655
			86.3796474466525	-58.7158378813655
			86.4195088437206	-58.7158378813655
			86.4593702407887	-58.7158378813655
			86.4992316378569	-58.7158378813655
			86.539093034925	-58.7158378813655
			86.5789544319932	-58.7158378813655
			86.6188158290613	-58.7556992784337
			86.6586772261294	-58.7556992784337
			86.6985386231976	-58.7556992784337
			86.7384000202657	-58.7556992784337
			86.7782614173338	-58.7556992784337
			86.818122814402	-58.7556992784337
			86.8579842114701	-58.7556992784337
			86.8978456085382	-58.7556992784337
			86.9377070056064	-58.7556992784337
			86.9377070056064	-58.7955606755018
			86.9775684026745	-58.7955606755018
			87.0174297997427	-58.7955606755018
			87.0572911968108	-58.7955606755018
			87.0971525938789	-58.7955606755018
			87.1370139909471	-58.7955606755018
			87.1768753880152	-58.7955606755018
			87.2167367850833	-58.7955606755018
			87.2565981821515	-58.7955606755018
			87.2964595792196	-58.7955606755018
			87.3363209762878	-58.8354220725699
			87.3761823733559	-58.8354220725699
			87.416043770424	-58.8354220725699
			87.4559051674922	-58.8354220725699
			87.4957665645603	-58.8354220725699
			87.5356279616284	-58.8354220725699
			87.5754893586966	-58.8354220725699
			87.6153507557647	-58.8354220725699
			87.6552121528328	-58.8354220725699
			87.695073549901	-58.8354220725699
			87.7349349469691	-58.8752834696381
			87.7747963440373	-58.8752834696381
			87.8146577411054	-58.8752834696381
			87.8545191381735	-58.8752834696381
			87.8943805352417	-58.8752834696381
			87.9342419323098	-58.8752834696381
			87.9741033293779	-58.8752834696381
			88.0139647264461	-58.8752834696381
			88.0538261235142	-58.8752834696381
			88.0936875205823	-58.9151448667062
			88.1335489176505	-58.9151448667062
			88.1734103147186	-58.9151448667062
			88.2132717117868	-58.9151448667062
			88.2531331088549	-58.9151448667062
			88.292994505923	-58.9151448667062
			88.3328559029912	-58.9151448667062
			88.3727173000593	-58.9151448667062
			88.4125786971274	-58.9550062637743
			88.4524400941956	-58.9550062637743
			88.4923014912637	-58.9550062637743
			88.5321628883319	-58.9550062637743
			88.5720242854	-58.9550062637743
			88.6118856824681	-58.9550062637743
			88.6517470795363	-58.9550062637743
			88.6916084766044	-58.9550062637743
			88.7314698736725	-58.9948676608425
			88.7713312707407	-58.9948676608425
			88.8111926678088	-58.9948676608425
			88.8510540648769	-58.9948676608425
			88.8909154619451	-58.9948676608425
			88.9307768590132	-58.9948676608425
			88.9706382560814	-58.9948676608425
			89.0104996531495	-59.0347290579106
			89.0503610502176	-59.0347290579106
			89.0902224472858	-59.0347290579106
			89.1300838443539	-59.0347290579106
			89.169945241422	-59.0347290579106
			89.2098066384902	-59.0347290579106
			89.2496680355583	-59.0347290579106
			89.2895294326265	-59.0745904549787
			89.3293908296946	-59.0745904549787
			89.3692522267627	-59.0745904549787
			89.4091136238309	-59.0745904549787
			89.448975020899	-59.0745904549787
			89.4888364179671	-59.0745904549787
			89.5286978150353	-59.0745904549787
			89.5685592121034	-59.1144518520469
			89.6084206091715	-59.1144518520469
			89.6482820062397	-59.1144518520469
			89.6881434033078	-59.1144518520469
			89.728004800376	-59.1144518520469
			89.7678661974441	-59.1144518520469
			89.8077275945122	-59.154313249115
			89.8475889915804	-59.154313249115
			89.8874503886485	-59.154313249115
			89.9273117857166	-59.154313249115
			89.9671731827848	-59.154313249115
			90.0070345798529	-59.154313249115
			90.046895976921	-59.1941746461832
			90.0867573739892	-59.1941746461832
			90.1266187710573	-59.1941746461832
			90.1664801681255	-59.1941746461832
			90.2063415651936	-59.1941746461832
			90.2462029622617	-59.1941746461832
			90.2860643593299	-59.2340360432513
			90.325925756398	-59.2340360432513
			90.3657871534661	-59.2340360432513
			90.4056485505343	-59.2340360432513
			90.4455099476024	-59.2340360432513
			90.4853713446706	-59.2340360432513
			90.5252327417387	-59.2738974403194
			90.5650941388068	-59.2738974403194
			90.604955535875	-59.2738974403194
			90.6448169329431	-59.2738974403194
			90.6846783300112	-59.2738974403194
			90.7245397270794	-59.2738974403194
			90.7644011241475	-59.2738974403194
			90.8042625212156	-59.3137588373876
			90.8441239182838	-59.3137588373876
			90.8839853153519	-59.3137588373876
			90.9238467124201	-59.3137588373876
			90.9637081094882	-59.3137588373876
			91.0035695065563	-59.3137588373876
			91.0434309036245	-59.3137588373876
			91.0832923006926	-59.3536202344557
			91.1231536977607	-59.3536202344557
			91.1630150948289	-59.3536202344557
			91.202876491897	-59.3536202344557
			91.2427378889652	-59.3536202344557
			91.2825992860333	-59.3536202344557
			91.3224606831014	-59.3536202344557
			91.3623220801696	-59.3536202344557
			91.4021834772377	-59.3536202344557
			91.4420448743058	-59.3536202344557
			91.481906271374	-59.3934816315238
			91.5217676684421	-59.3934816315238
			91.5616290655102	-59.3934816315238
			91.6014904625784	-59.3934816315238
			91.6413518596465	-59.3934816315238
			91.6812132567147	-59.3934816315238
			91.7210746537828	-59.3934816315238
			91.7609360508509	-59.3934816315238
			91.8007974479191	-59.3934816315238
			91.8406588449872	-59.3934816315238
			91.8805202420553	-59.3934816315238
			91.9203816391235	-59.3934816315238
			91.9602430361916	-59.3934816315238
			92.0001044332598	-59.433343028592
			92.0399658303279	-59.433343028592
			92.079827227396	-59.433343028592
			92.1196886244642	-59.433343028592
			92.1595500215323	-59.433343028592
			92.1994114186004	-59.433343028592
			92.2392728156686	-59.433343028592
			92.2791342127367	-59.433343028592
			92.3189956098048	-59.433343028592
			92.358857006873	-59.433343028592
			92.3987184039411	-59.433343028592
			92.4385798010093	-59.433343028592
			92.4784411980774	-59.433343028592
			92.5183025951455	-59.433343028592
			92.5581639922137	-59.433343028592
			92.5980253892818	-59.433343028592
			92.6378867863499	-59.433343028592
			92.6777481834181	-59.433343028592
			92.7176095804862	-59.433343028592
			92.7574709775543	-59.433343028592
			92.7973323746225	-59.433343028592
			92.8371937716906	-59.433343028592
			92.8770551687588	-59.433343028592
			92.9169165658269	-59.433343028592
			92.956777962895	-59.433343028592
			92.9966393599632	-59.433343028592
			93.0365007570313	-59.433343028592
			93.0763621540994	-59.433343028592
			93.1162235511676	-59.433343028592
			93.1560849482357	-59.433343028592
		</Tail1>
		<End type=matrix rownames=FALSE colnames=FALSE nrow=174 ncol=2 as.numeric=TRUE >
			93.1560849482357	-59.433343028592
			93.1959463453039	-59.433343028592
			93.235807742372	-59.433343028592
			93.2756691394401	-59.433343028592
			93.3155305365083	-59.433343028592
			93.3553919335764	-59.433343028592
			93.3952533306445	-59.433343028592
			93.4351147277127	-59.433343028592
			93.4749761247808	-59.433343028592
			93.5148375218489	-59.433343028592
			93.5546989189171	-59.433343028592
			93.5945603159852	-59.433343028592
			93.6344217130534	-59.4732044256601
			93.6742831101215	-59.4732044256601
			93.7141445071896	-59.4732044256601
			93.7540059042578	-59.4732044256601
			93.7938673013259	-59.4732044256601
			93.833728698394	-59.4732044256601
			93.8735900954622	-59.4732044256601
			93.9134514925303	-59.4732044256601
			93.9533128895985	-59.4732044256601
			93.9931742866666	-59.4732044256601
			94.0330356837347	-59.5130658227283
			94.0728970808029	-59.5130658227283
			94.112758477871	-59.5130658227283
			94.1526198749391	-59.5130658227283
			94.1924812720073	-59.5130658227283
			94.2323426690754	-59.5130658227283
			94.2722040661436	-59.5130658227283
			94.3120654632117	-59.5529272197964
			94.3519268602798	-59.5529272197964
			94.391788257348	-59.5529272197964
			94.4316496544161	-59.5529272197964
			94.4715110514842	-59.5927886168645
			94.5113724485524	-59.5927886168645
			94.5512338456205	-59.5927886168645
			94.5910952426887	-59.5927886168645
			94.6309566397568	-59.6326500139327
			94.6708180368249	-59.6326500139327
			94.7106794338931	-59.6725114110008
			94.7505408309612	-59.6725114110008
			94.7904022280293	-59.6725114110008
			94.8302636250975	-59.7123728080689
			94.8701250221656	-59.7123728080689
			94.8701250221656	-59.7522342051371
			94.9099864192337	-59.7522342051371
			94.9498478163019	-59.7920956022052
			94.98970921337	-59.8319569992734
			95.0295706104382	-59.8718183963415
			95.0694320075063	-59.9116797934096
			95.1092934045744	-59.9515411904778
			95.1092934045744	-59.9914025875459
			95.1491548016426	-60.031263984614
			95.1491548016426	-60.0711253816822
			95.1890161987107	-60.1109867787503
			95.1890161987107	-60.1508481758184
			95.1890161987107	-60.1907095728866
			95.1890161987107	-60.2305709699547
			95.1890161987107	-60.2704323670229
			95.1491548016426	-60.310293764091
			95.1491548016426	-60.3501551611591
			95.1491548016426	-60.3900165582273
			95.1491548016426	-60.4298779552954
			95.1491548016426	-60.4697393523635
			95.1491548016426	-60.5096007494317
			95.1491548016426	-60.5494621464998
			95.1491548016426	-60.589323543568
			95.1491548016426	-60.6291849406361
			95.1491548016426	-60.6690463377042
			95.1491548016426	-60.7089077347724
			95.1491548016426	-60.7487691318405
			95.1491548016426	-60.7886305289086
			95.1491548016426	-60.8284919259768
			95.1491548016426	-60.8683533230449
			95.1491548016426	-60.908214720113
			95.1491548016426	-60.9480761171812
			95.1491548016426	-60.9879375142493
			95.1092934045744	-61.0277989113175
			95.1092934045744	-61.0676603083856
			95.1092934045744	-61.1075217054537
			95.1092934045744	-61.1473831025219
			95.1092934045744	-61.18724449959
			95.1092934045744	-61.2271058966581
			95.1092934045744	-61.2669672937263
			95.1092934045744	-61.3068286907944
			95.1092934045744	-61.3466900878625
			95.1092934045744	-61.3865514849307
			95.1092934045744	-61.4264128819988
			95.1092934045744	-61.466274279067
			95.0694320075063	-61.5061356761351
			95.0694320075063	-61.5459970732032
			95.0694320075063	-61.5858584702714
			95.0694320075063	-61.6257198673395
			95.0694320075063	-61.6655812644076
			95.0694320075063	-61.7054426614758
			95.0694320075063	-61.7453040585439
			95.0694320075063	-61.7851654556121
			95.0694320075063	-61.8250268526802
			95.0295706104382	-61.8250268526802
			95.0295706104382	-61.8648882497483
			95.0295706104382	-61.9047496468165
			95.0295706104382	-61.9446110438846
			95.0295706104382	-61.9844724409527
			95.0295706104382	-62.0243338380209
			95.0694320075063	-62.064195235089
			95.0694320075063	-62.1040566321571
			95.0694320075063	-62.1439180292253
			95.1092934045744	-62.1837794262934
			95.1092934045744	-62.2236408233616
			95.1092934045744	-62.2635022204297
			95.1092934045744	-62.3033636174978
			95.1491548016426	-62.343225014566
			95.1491548016426	-62.3830864116341
			95.1491548016426	-62.4229478087022
			95.1491548016426	-62.4628092057704
			95.1491548016426	-62.5026706028385
			95.1890161987107	-62.5026706028385
			95.1890161987107	-62.5425319999067
			95.1890161987107	-62.5823933969748
			95.1890161987107	-62.6222547940429
			95.1890161987107	-62.6621161911111
			95.2288775957788	-62.7019775881792
			95.2288775957788	-62.7418389852473
			95.2288775957788	-62.7817003823155
			95.2288775957788	-62.8215617793836
			95.2288775957788	-62.8614231764517
			95.268738992847	-62.9012845735199
			95.268738992847	-62.941145970588
			95.268738992847	-62.9810073676562
			95.268738992847	-63.0208687647243
			95.268738992847	-63.0607301617924
			95.268738992847	-63.1005915588606
			95.268738992847	-63.1404529559287
			95.268738992847	-63.1803143529968
			95.268738992847	-63.220175750065
			95.268738992847	-63.2600371471331
			95.268738992847	-63.2998985442013
			95.268738992847	-63.3397599412694
			95.2288775957788	-63.3796213383375
			95.1890161987107	-63.4194827354057
			95.1491548016426	-63.4593441324738
			95.1092934045744	-63.4992055295419
			95.0694320075063	-63.5390669266101
			95.0295706104382	-63.5789283236782
			94.98970921337	-63.5789283236782
			94.9498478163019	-63.6187897207463
			94.9099864192337	-63.6586511178145
			94.8701250221656	-63.6985125148826
			94.8302636250975	-63.7383739119508
			94.7904022280293	-63.7383739119508
			94.7505408309612	-63.7782353090189
			94.7106794338931	-63.7782353090189
			94.7106794338931	-63.818096706087
			94.6708180368249	-63.818096706087
			94.6309566397568	-63.8579581031552
			94.5910952426887	-63.8579581031552
			94.5910952426887	-63.8978195002233
			94.5512338456205	-63.8978195002233
			94.5113724485524	-63.9376808972914
			94.4715110514842	-63.9376808972914
			94.4316496544161	-63.9775422943596
			94.391788257348	-63.9775422943596
			94.391788257348	-64.0174036914277
			94.3519268602798	-64.0174036914277
			94.3120654632117	-64.0572650884959
			94.2722040661436	-64.0572650884959
			94.2323426690754	-64.097126485564
			94.1924812720073	-64.097126485564
			94.1526198749391	-64.1369878826321
			94.112758477871	-64.1369878826321
			94.0728970808029	-64.1768492797003
			94.0330356837347	-64.1768492797003
			93.9931742866666	-64.2167106767684
			93.9533128895985	-64.2167106767684
		</End>
		<Tail2 type=matrix rownames=FALSE colnames=FALSE nrow=176 ncol=2 as.numeric=TRUE >
			93.9533128895985	-64.2167106767684
			93.9134514925303	-64.2167106767684
			93.8735900954622	-64.2167106767684
			93.833728698394	-64.2167106767684
			93.7938673013259	-64.2167106767684
			93.7540059042578	-64.2167106767684
			93.7141445071896	-64.2167106767684
			93.6742831101215	-64.2167106767684
			93.6344217130534	-64.2167106767684
			93.5945603159852	-64.2565720738365
			93.5546989189171	-64.2565720738365
			93.5148375218489	-64.2565720738365
			93.4749761247808	-64.2565720738365
			93.4351147277127	-64.2565720738365
			93.3952533306445	-64.2565720738365
			93.3553919335764	-64.2565720738365
			93.3155305365083	-64.2565720738365
			93.2756691394401	-64.2565720738365
			93.235807742372	-64.2565720738365
			93.1959463453039	-64.2565720738365
			93.1560849482357	-64.2565720738365
			93.1162235511676	-64.2565720738365
			93.0763621540994	-64.2565720738365
			93.0365007570313	-64.2565720738365
			92.9966393599632	-64.2964334709047
			92.956777962895	-64.2964334709047
			92.9169165658269	-64.2964334709047
			92.8770551687588	-64.2964334709047
			92.8371937716906	-64.2964334709047
			92.7973323746225	-64.2964334709047
			92.7574709775543	-64.2964334709047
			92.7176095804862	-64.2964334709047
			92.6777481834181	-64.2964334709047
			92.6378867863499	-64.2964334709047
			92.5980253892818	-64.2964334709047
			92.5581639922137	-64.2964334709047
			92.5183025951455	-64.2964334709047
			92.4784411980774	-64.2964334709047
			92.4385798010093	-64.2964334709047
			92.4385798010093	-64.3362948679728
			92.3987184039411	-64.3362948679728
			92.358857006873	-64.3362948679728
			92.3189956098048	-64.3362948679728
			92.2791342127367	-64.3362948679728
			92.2392728156686	-64.3362948679728
			92.1994114186004	-64.3362948679728
			92.1595500215323	-64.3362948679728
			92.1196886244642	-64.3362948679728
			92.079827227396	-64.3362948679728
			92.0399658303279	-64.3362948679728
			92.0001044332598	-64.3362948679728
			91.9602430361916	-64.3362948679728
			91.9203816391235	-64.3362948679728
			91.8805202420553	-64.3761562650409
			91.8406588449872	-64.3761562650409
			91.8007974479191	-64.3761562650409
			91.7609360508509	-64.3761562650409
			91.7210746537828	-64.3761562650409
			91.6812132567147	-64.3761562650409
			91.6413518596465	-64.3761562650409
			91.6014904625784	-64.3761562650409
			91.5616290655102	-64.3761562650409
			91.5217676684421	-64.3761562650409
			91.481906271374	-64.3761562650409
			91.4420448743058	-64.3761562650409
			91.4021834772377	-64.3761562650409
			91.3623220801696	-64.3761562650409
			91.3224606831014	-64.4160176621091
			91.2825992860333	-64.4160176621091
			91.2427378889652	-64.4160176621091
			91.202876491897	-64.4160176621091
			91.1630150948289	-64.4160176621091
			91.1231536977607	-64.4160176621091
			91.0832923006926	-64.4160176621091
			91.0434309036245	-64.4160176621091
			91.0035695065563	-64.4160176621091
			90.9637081094882	-64.4558790591772
			90.9238467124201	-64.4558790591772
			90.8839853153519	-64.4558790591772
			90.8441239182838	-64.4558790591772
			90.8042625212156	-64.4558790591772
			90.7644011241475	-64.4558790591772
			90.7245397270794	-64.4558790591772
			90.6846783300112	-64.4957404562454
			90.6448169329431	-64.4957404562454
			90.604955535875	-64.4957404562454
			90.5650941388068	-64.4957404562454
			90.5252327417387	-64.4957404562454
			90.4853713446706	-64.4957404562454
			90.4455099476024	-64.4957404562454
			90.4056485505343	-64.4957404562454
			90.3657871534661	-64.5356018533135
			90.325925756398	-64.5356018533135
			90.2860643593299	-64.5356018533135
			90.2462029622617	-64.5356018533135
			90.2063415651936	-64.5356018533135
			90.1664801681255	-64.5356018533135
			90.1266187710573	-64.5356018533135
			90.0867573739892	-64.5754632503816
			90.046895976921	-64.5754632503816
			90.0070345798529	-64.5754632503816
			89.9671731827848	-64.5754632503816
			89.9273117857166	-64.5754632503816
			89.8874503886485	-64.5754632503816
			89.8475889915804	-64.5754632503816
			89.8077275945122	-64.5754632503816
			89.7678661974441	-64.5754632503816
			89.728004800376	-64.6153246474498
			89.6881434033078	-64.6153246474498
			89.6482820062397	-64.6153246474498
			89.6084206091715	-64.6153246474498
			89.5685592121034	-64.6153246474498
			89.5286978150353	-64.6153246474498
			89.4888364179671	-64.6153246474498
			89.448975020899	-64.6153246474498
			89.448975020899	-64.6551860445179
			89.4091136238309	-64.6551860445179
			89.3692522267627	-64.6551860445179
			89.3293908296946	-64.6551860445179
			89.2895294326265	-64.6551860445179
			89.2496680355583	-64.6551860445179
			89.2098066384902	-64.6551860445179
			89.169945241422	-64.6551860445179
			89.1300838443539	-64.6551860445179
			89.0902224472858	-64.695047441586
			89.0503610502176	-64.695047441586
			89.0104996531495	-64.695047441586
			88.9706382560814	-64.695047441586
			88.9307768590132	-64.695047441586
			88.8909154619451	-64.695047441586
			88.8510540648769	-64.695047441586
			88.8111926678088	-64.695047441586
			88.7713312707407	-64.7349088386542
			88.7314698736725	-64.7349088386542
			88.6916084766044	-64.7349088386542
			88.6517470795363	-64.7349088386542
			88.6118856824681	-64.7349088386542
			88.5720242854	-64.7349088386542
			88.5321628883319	-64.7349088386542
			88.4923014912637	-64.7349088386542
			88.4524400941956	-64.7747702357223
			88.4125786971274	-64.7747702357223
			88.3727173000593	-64.7747702357223
			88.3328559029912	-64.7747702357223
			88.292994505923	-64.7747702357223
			88.2531331088549	-64.8146316327905
			88.2132717117868	-64.8146316327905
			88.1734103147186	-64.8146316327905
			88.1335489176505	-64.8146316327905
			88.0936875205823	-64.8544930298586
			88.0538261235142	-64.8544930298586
			88.0139647264461	-64.8544930298586
			87.9741033293779	-64.8544930298586
			87.9342419323098	-64.8544930298586
			87.8943805352417	-64.8943544269267
			87.8545191381735	-64.8943544269267
			87.8146577411054	-64.8943544269267
			87.7747963440373	-64.8943544269267
			87.7349349469691	-64.8943544269267
			87.695073549901	-64.9342158239949
			87.6552121528328	-64.9342158239949
			87.6153507557647	-64.9342158239949
			87.5754893586966	-64.9342158239949
			87.5356279616284	-64.9342158239949
			87.4957665645603	-64.974077221063
			87.4559051674922	-64.974077221063
			87.416043770424	-64.974077221063
			87.3761823733559	-64.974077221063
			87.3363209762878	-64.974077221063
			87.2964595792196	-65.0139386181311
			87.2565981821515	-65.0139386181311
			87.2167367850833	-65.0139386181311
			87.1768753880152	-65.0139386181311
			87.1370139909471	-65.0139386181311
			87.0971525938789	-65.0538000151993
			87.0572911968108	-65.0538000151993
		</Tail2>
		<AnalFin type=matrix rownames=FALSE colnames=FALSE nrow=97 ncol=2 as.numeric=TRUE >
			87.0572911968108	-65.0538000151993
			87.0174297997427	-65.0538000151993
			86.9775684026745	-65.0538000151993
			86.9377070056064	-65.0936614122674
			86.8978456085382	-65.0936614122674
			86.8579842114701	-65.0936614122674
			86.818122814402	-65.0936614122674
			86.7782614173338	-65.0936614122674
			86.7782614173338	-65.1335228093355
			86.7384000202657	-65.1335228093355
			86.6985386231976	-65.1335228093355
			86.6586772261294	-65.1335228093355
			86.6188158290613	-65.1733842064037
			86.5789544319932	-65.1733842064037
			86.539093034925	-65.2132456034718
			86.4992316378569	-65.2132456034718
			86.4593702407887	-65.25310700054
			86.4195088437206	-65.25310700054
			86.3796474466525	-65.2929683976081
			86.3397860495843	-65.2929683976081
			86.2999246525162	-65.3328297946762
			86.2600632554481	-65.3726911917444
			86.2202018583799	-65.3726911917444
			86.1803404613118	-65.4125525888125
			86.1803404613118	-65.4524139858806
			86.1404790642436	-65.4524139858806
			86.1006176671755	-65.4922753829488
			86.0607562701074	-65.5321367800169
			86.0208948730392	-65.5321367800169
			85.9810334759711	-65.571998177085
			85.941172078903	-65.6118595741532
			85.9013106818348	-65.6517209712213
			85.8614492847667	-65.6915823682895
			85.8215878876986	-65.7314437653576
			85.7817264906304	-65.7713051624257
			85.7418650935623	-65.8111665594939
			85.7020036964941	-65.851027956562
			85.662142299426	-65.8908893536301
			85.6222809023579	-65.8908893536301
			85.6222809023579	-65.9307507506983
			85.5824195052897	-65.9307507506983
			85.5425581082216	-65.9706121477664
			85.5026967111534	-65.9706121477664
			85.4628353140853	-66.0104735448346
			85.4229739170172	-66.0503349419027
			85.383112519949	-66.0901963389708
			85.3432511228809	-66.0901963389708
			85.3033897258128	-66.0901963389708
			85.3033897258128	-66.130057736039
			85.2635283287446	-66.130057736039
			85.2236669316765	-66.130057736039
			85.1838055346084	-66.1699191331071
			85.1439441375402	-66.1699191331071
			85.1040827404721	-66.2097805301752
			85.0642213434039	-66.2097805301752
			85.0243599463358	-66.2097805301752
			84.9844985492677	-66.2496419272434
			84.9446371521995	-66.2496419272434
			84.9047757551314	-66.2895033243115
			84.8649143580633	-66.2895033243115
			84.8250529609951	-66.2895033243115
			84.785191563927	-66.3293647213796
			84.7453301668588	-66.3293647213796
			84.7054687697907	-66.3293647213796
			84.6656073727226	-66.3692261184478
			84.6257459756544	-66.3692261184478
			84.5858845785863	-66.3692261184478
			84.5460231815182	-66.3692261184478
			84.50616178445	-66.4090875155159
			84.4663003873819	-66.4090875155159
			84.4264389903138	-66.4090875155159
			84.3865775932456	-66.4090875155159
			84.3467161961775	-66.4489489125841
			84.3068547991093	-66.4489489125841
			84.2669934020412	-66.4489489125841
			84.2271320049731	-66.4888103096522
			84.1872706079049	-66.4888103096522
			84.1474092108368	-66.4888103096522
			84.1075478137687	-66.4888103096522
			84.0676864167005	-66.4888103096522
			84.0278250196324	-66.5286717067203
			83.9879636225643	-66.5286717067203
			83.9481022254961	-66.5286717067203
			83.908240828428	-66.5286717067203
			83.8683794313598	-66.5286717067203
			83.8285180342917	-66.5286717067203
			83.8285180342917	-66.5685331037885
			83.7886566372236	-66.5685331037885
			83.7487952401554	-66.5685331037885
			83.7089338430873	-66.5685331037885
			83.6690724460192	-66.5685331037885
			83.629211048951	-66.5685331037885
			83.5893496518829	-66.5685331037885
			83.5494882548147	-66.6083945008566
			83.5096268577466	-66.6083945008566
			83.4697654606785	-66.6083945008566
			83.4299040636103	-66.6083945008566
		</AnalFin>
		<Pectfin type=matrix rownames=FALSE colnames=FALSE nrow=44 ncol=2 as.numeric=TRUE >
			73.145663620031	-65.8908893536301
			73.145663620031	-65.9307507506983
			73.1855250170992	-65.9706121477664
			73.1855250170992	-66.0104735448346
			73.1855250170992	-66.0503349419027
			73.1855250170992	-66.0901963389708
			73.2253864141673	-66.130057736039
			73.2253864141673	-66.1699191331071
			73.2253864141673	-66.2097805301752
			73.2253864141673	-66.2496419272434
			73.2253864141673	-66.2895033243115
			73.2652478112355	-66.3293647213796
			73.2652478112355	-66.3692261184478
			73.2652478112355	-66.4090875155159
			73.2652478112355	-66.4489489125841
			73.2652478112355	-66.4888103096522
			73.2652478112355	-66.5286717067203
			73.3051092083036	-66.5685331037885
			73.3051092083036	-66.6083945008566
			73.3051092083036	-66.6482558979247
			73.3051092083036	-66.6881172949929
			73.3051092083036	-66.727978692061
			73.3051092083036	-66.7678400891292
			73.3051092083036	-66.8077014861973
			73.3051092083036	-66.8475628832654
			73.3051092083036	-66.8874242803336
			73.3051092083036	-66.9272856774017
			73.3051092083036	-66.9671470744698
			73.3051092083036	-67.007008471538
			73.3051092083036	-67.0468698686061
			73.3051092083036	-67.0867312656742
			73.3051092083036	-67.1265926627424
			73.3051092083036	-67.1664540598105
			73.3051092083036	-67.2063154568787
			73.3051092083036	-67.2461768539468
			73.3051092083036	-67.2860382510149
			73.3051092083036	-67.3258996480831
			73.3051092083036	-67.3657610451512
			73.3051092083036	-67.4056224422193
			73.3051092083036	-67.4454838392875
			73.3051092083036	-67.4853452363556
			73.3051092083036	-67.5252066334237
			73.3051092083036	-67.5650680304919
			73.3051092083036	-67.60492942756
		</Pectfin>
		<Opercle type=matrix rownames=FALSE colnames=FALSE nrow=183 ncol=2 as.numeric=TRUE >
			72.6274654581453	-62.7418389852473
			72.6673268552134	-62.7418389852473
			72.7071882522815	-62.7817003823155
			72.7470496493497	-62.8215617793836
			72.7869110464178	-62.8614231764517
			72.826772443486	-62.9012845735199
			72.8666338405541	-62.941145970588
			72.8666338405541	-62.9810073676562
			72.8666338405541	-63.0208687647243
			72.9064952376222	-63.0607301617924
			72.9064952376222	-63.1005915588606
			72.9064952376222	-63.1404529559287
			72.9064952376222	-63.1803143529968
			72.9463566346904	-63.220175750065
			72.9463566346904	-63.2600371471331
			72.9463566346904	-63.2998985442013
			72.9463566346904	-63.3397599412694
			72.9463566346904	-63.3796213383375
			72.9862180317585	-63.4194827354057
			72.9862180317585	-63.4593441324738
			72.9862180317585	-63.4992055295419
			72.9862180317585	-63.5390669266101
			72.9862180317585	-63.5789283236782
			72.9862180317585	-63.6187897207463
			72.9862180317585	-63.6586511178145
			72.9862180317585	-63.6985125148826
			72.9862180317585	-63.7383739119508
			72.9862180317585	-63.7782353090189
			73.0260794288266	-63.818096706087
			73.0260794288266	-63.8579581031552
			73.0260794288266	-63.8978195002233
			73.0260794288266	-63.9376808972914
			73.0260794288266	-63.9775422943596
			73.0260794288266	-64.0174036914277
			73.0260794288266	-64.0572650884959
			73.0260794288266	-64.097126485564
			73.0260794288266	-64.1369878826321
			73.0260794288266	-64.1768492797003
			73.0260794288266	-64.2167106767684
			72.9862180317585	-64.2167106767684
			72.9862180317585	-64.2565720738365
			72.9862180317585	-64.2964334709047
			72.9463566346904	-64.2964334709047
			72.9463566346904	-64.3362948679728
			72.9064952376222	-64.3761562650409
			72.9064952376222	-64.4160176621091
			72.8666338405541	-64.4558790591772
			72.826772443486	-64.4957404562454
			72.826772443486	-64.5356018533135
			72.7869110464178	-64.5754632503816
			72.7869110464178	-64.6153246474498
			72.7470496493497	-64.6551860445179
			72.7470496493497	-64.695047441586
			72.7071882522815	-64.7349088386542
			72.6673268552134	-64.7747702357223
			72.6673268552134	-64.8146316327905
			72.6673268552134	-64.8544930298586
			72.6274654581453	-64.8544930298586
			72.6274654581453	-64.8943544269267
			72.5876040610771	-64.9342158239949
			72.5876040610771	-64.974077221063
			72.547742664009	-64.974077221063
			72.547742664009	-65.0139386181311
			72.5078812669409	-65.0538000151993
			72.5078812669409	-65.0936614122674
			72.4680198698727	-65.1335228093355
			72.4281584728046	-65.1733842064037
			72.4281584728046	-65.2132456034718
			72.3882970757364	-65.25310700054
			72.3882970757364	-65.2929683976081
			72.3484356786683	-65.2929683976081
			72.3484356786683	-65.3328297946762
			72.3484356786683	-65.3726911917444
			72.3085742816002	-65.3726911917444
			72.3085742816002	-65.4125525888125
			72.268712884532	-65.4524139858806
			72.268712884532	-65.4922753829488
			72.2288514874639	-65.5321367800169
			72.1889900903958	-65.571998177085
			72.1889900903958	-65.6118595741532
			72.1491286933276	-65.6517209712213
			72.1092672962595	-65.6915823682895
			72.1092672962595	-65.7314437653576
			72.0694058991914	-65.7713051624257
			72.0694058991914	-65.8111665594939
			72.0295445021232	-65.851027956562
			72.0295445021232	-65.8908893536301
			71.9896831050551	-65.8908893536301
			71.9896831050551	-65.9307507506983
			71.9896831050551	-65.9706121477664
			71.9498217079869	-66.0104735448346
			71.9498217079869	-66.0503349419027
			71.9099603109188	-66.0503349419027
			71.9099603109188	-66.0901963389708
			71.8700989138507	-66.130057736039
			71.8700989138507	-66.1699191331071
			71.8700989138507	-66.2097805301752
			71.8302375167825	-66.2097805301752
			71.8302375167825	-66.2496419272434
			71.7903761197144	-66.2895033243115
			71.7903761197144	-66.3293647213796
			71.7505147226463	-66.3293647213796
			71.7505147226463	-66.3692261184478
			71.7505147226463	-66.4090875155159
			71.7106533255781	-66.4489489125841
			71.7106533255781	-66.4888103096522
			71.67079192851	-66.4888103096522
			71.67079192851	-66.5286717067203
			71.67079192851	-66.5685331037885
			71.6309305314418	-66.6083945008566
			71.5910691343737	-66.6482558979247
			71.5910691343737	-66.6881172949929
			71.5512077373056	-66.727978692061
			71.5512077373056	-66.7678400891292
			71.5113463402374	-66.8077014861973
			71.5113463402374	-66.8475628832654
			71.4714849431693	-66.8874242803336
			71.4316235461012	-66.9272856774017
			71.391762149033	-66.9671470744698
			71.391762149033	-67.007008471538
			71.3519007519649	-67.0468698686061
			71.3120393548968	-67.0867312656742
			71.2721779578286	-67.1265926627424
			71.2323165607605	-67.1664540598105
			71.1924551636923	-67.2063154568787
			71.1525937666242	-67.2461768539468
			71.1127323695561	-67.2860382510149
			71.0728709724879	-67.3258996480831
			71.0330095754198	-67.3258996480831
			71.0330095754198	-67.3657610451512
			70.9931481783517	-67.3657610451512
			70.9532867812835	-67.3657610451512
			70.9532867812835	-67.4056224422193
			70.9134253842154	-67.4056224422193
			70.8735639871473	-67.4454838392875
			70.8337025900791	-67.4454838392875
			70.793841193011	-67.4853452363556
			70.7539797959428	-67.4853452363556
			70.7141183988747	-67.5252066334237
			70.6742570018066	-67.5252066334237
			70.6343956047384	-67.5650680304919
			70.5945342076703	-67.5650680304919
			70.5546728106022	-67.5650680304919
			70.514811413534	-67.5650680304919
			70.4749500164659	-67.60492942756
			70.4350886193977	-67.60492942756
			70.3952272223296	-67.60492942756
			70.3553658252615	-67.60492942756
			70.3155044281933	-67.60492942756
			70.2756430311252	-67.60492942756
			70.2357816340571	-67.6447908246282
			70.1959202369889	-67.6447908246282
			70.1560588399208	-67.6447908246282
			70.1161974428527	-67.6447908246282
			70.0763360457845	-67.6447908246282
			70.0364746487164	-67.6447908246282
			69.9966132516482	-67.6447908246282
			69.9567518545801	-67.6447908246282
			69.916890457512	-67.6447908246282
			69.8770290604438	-67.6447908246282
			69.8371676633757	-67.60492942756
			69.7973062663076	-67.60492942756
			69.7574448692394	-67.60492942756
			69.7175834721713	-67.60492942756
			69.6777220751031	-67.60492942756
			69.637860678035	-67.60492942756
			69.5979992809669	-67.60492942756
			69.5581378838987	-67.5650680304919
			69.5182764868306	-67.5650680304919
			69.4784150897625	-67.5650680304919
			69.4385536926943	-67.5650680304919
			69.3986922956262	-67.5252066334237
			69.358830898558	-67.5252066334237
			69.3189695014899	-67.5252066334237
			69.2791081044218	-67.4853452363556
			69.2392467073536	-67.4853452363556
			69.1993853102855	-67.4853452363556
			69.1595239132174	-67.4853452363556
			69.1595239132174	-67.4454838392875
			69.1196625161492	-67.4454838392875
			69.0798011190811	-67.4454838392875
			69.0399397220129	-67.4056224422193
			69.0000783249448	-67.4056224422193
		</Opercle>
		<Preopercle type=matrix rownames=FALSE colnames=FALSE nrow=76 ncol=2 as.numeric=TRUE >
			69.3189695014899	-64.4558790591772
			69.3189695014899	-64.4957404562454
			69.3189695014899	-64.5356018533135
			69.3189695014899	-64.5754632503816
			69.3189695014899	-64.6153246474498
			69.3189695014899	-64.6551860445179
			69.3189695014899	-64.695047441586
			69.3189695014899	-64.7349088386542
			69.3189695014899	-64.7747702357223
			69.3189695014899	-64.8146316327905
			69.3189695014899	-64.8544930298586
			69.3189695014899	-64.8943544269267
			69.3189695014899	-64.9342158239949
			69.3189695014899	-64.974077221063
			69.3189695014899	-65.0139386181311
			69.3189695014899	-65.0538000151993
			69.3189695014899	-65.0936614122674
			69.3189695014899	-65.1335228093355
			69.3189695014899	-65.1733842064037
			69.3189695014899	-65.2132456034718
			69.3189695014899	-65.25310700054
			69.3189695014899	-65.2929683976081
			69.3189695014899	-65.3328297946762
			69.3189695014899	-65.3726911917444
			69.3189695014899	-65.4125525888125
			69.3189695014899	-65.4524139858806
			69.2791081044218	-65.4922753829488
			69.2791081044218	-65.5321367800169
			69.2791081044218	-65.571998177085
			69.2791081044218	-65.6118595741532
			69.2791081044218	-65.6517209712213
			69.2791081044218	-65.6915823682895
			69.2791081044218	-65.7314437653576
			69.2791081044218	-65.7713051624257
			69.2791081044218	-65.8111665594939
			69.2791081044218	-65.851027956562
			69.2392467073536	-65.851027956562
			69.2392467073536	-65.8908893536301
			69.2392467073536	-65.9307507506983
			69.2392467073536	-65.9706121477664
			69.2392467073536	-66.0104735448346
			69.2392467073536	-66.0503349419027
			69.2392467073536	-66.0901963389708
			69.2392467073536	-66.130057736039
			69.2392467073536	-66.1699191331071
			69.2392467073536	-66.2097805301752
			69.2392467073536	-66.2496419272434
			69.2392467073536	-66.2895033243115
			69.2392467073536	-66.3293647213796
			69.2392467073536	-66.3692261184478
			69.2392467073536	-66.4090875155159
			69.2392467073536	-66.4489489125841
			69.2392467073536	-66.4888103096522
			69.2392467073536	-66.5286717067203
			69.2392467073536	-66.5685331037885
			69.2392467073536	-66.6083945008566
			69.2392467073536	-66.6482558979247
			69.2392467073536	-66.6881172949929
			69.1993853102855	-66.727978692061
			69.1993853102855	-66.7678400891292
			69.1993853102855	-66.8077014861973
			69.1993853102855	-66.8475628832654
			69.1993853102855	-66.8874242803336
			69.1595239132174	-66.9272856774017
			69.1595239132174	-66.9671470744698
			69.1595239132174	-67.007008471538
			69.1196625161492	-67.0468698686061
			69.1196625161492	-67.0867312656742
			69.1196625161492	-67.1265926627424
			69.0798011190811	-67.1664540598105
			69.0798011190811	-67.2063154568787
			69.0798011190811	-67.2461768539468
			69.0399397220129	-67.2860382510149
			69.0399397220129	-67.3258996480831
			69.0000783249448	-67.3657610451512
			69.0000783249448	-67.4056224422193
		</Preopercle>
	</curves.scaled>
	<ruler.points type=matrix rownames=TRUE colnames=FALSE nrow=2 ncol=2 as.numeric=TRUE >
		Ruler point 1	1527	1016
		Ruler point 2	1580	1651
	</ruler.points>
</shapes>

