<shapes type=list>
	<ruler.pixel type=vector names=FALSE length=1 as.numeric=TRUE >619.158299629424</ruler.pixel>
	<ruler.interval type=vector names=FALSE length=1 as.numeric=TRUE >25.4</ruler.interval>
	<scaling.units type=vector names=FALSE length=1 as.numeric=FALSE >mm</scaling.units>
	<scaling type=vector names=FALSE length=1 as.numeric=TRUE >0.0410234345807886</scaling>
	<landmarks.pixel type=matrix rownames=TRUE colnames=FALSE nrow=12 ncol=2 as.numeric=TRUE >
		LM1	1112	712
		LM2	1597	665
		LM3	1934	763
		LM4	1928	873
		LM5	1736	872
		LM6	1663	898
		LM7	1334	799
		LM8	1336	857
		LM9	1314	723
		LM10	1187	824
		LM11	1226	759
		LM12	1197	684
	</landmarks.pixel>
	<landmarks.scaled type=matrix rownames=TRUE colnames=FALSE nrow=12 ncol=2 as.numeric=TRUE >
		LM1	45.6180592538369	-29.2086854215215
		LM2	65.5144250255194	-27.2805839962244
		LM3	79.3393224792452	-31.3008805851417
		LM4	79.0931818717604	-35.8134583890285
		LM5	71.216682432249	-35.7724349544477
		LM6	68.2219717078515	-36.8390442535482
		LM7	54.725261730772	-32.7777242300501
		LM8	54.8073085999336	-35.1570834357358
		LM9	53.9047930391562	-29.6599432019102
		LM10	48.6948168473961	-33.8033100945698
		LM11	50.2947307960468	-31.1367868468186
		LM12	49.105051193204	-28.0600292532594
	</landmarks.scaled>
	<curves.control type=list>
		<Eye type=matrix rownames=FALSE colnames=FALSE nrow=9 ncol=2 as.numeric=TRUE >
			1197	684
			1231	694
			1206	729
			1188	749
			1161	735
			1142	710
			1155	700
			1169	683
			1197	684
		</Eye>
		<Head type=matrix rownames=FALSE colnames=FALSE nrow=17 ncol=2 as.numeric=TRUE >
			1112	712
			1127	690
			1181	677
			1192	672
			1206	670
			1231	668
			1237	665
			1263	666
			1275	660
			1282	661
			1286	658
			1310	649
			1392	650
			1470	651
			1564	661
			1574	664
			1597	665
		</Head>
		<Tail1 type=matrix rownames=FALSE colnames=FALSE nrow=13 ncol=2 as.numeric=TRUE >
			1597	665
			1639	676
			1688	692
			1711	707
			1744	708
			1760	722
			1795	725
			1841	740
			1887	753
			1896	757
			1904	759
			1921	770
			1934	763
		</Tail1>
		<End type=matrix rownames=FALSE colnames=FALSE nrow=9 ncol=2 as.numeric=TRUE >
			1934	763
			1981	759
			1971	803
			1963	816
			1967	853
			1960	861
			1944	864
			1941	870
			1928	873
		</End>
		<Tail2 type=matrix rownames=FALSE colnames=FALSE nrow=5 ncol=2 as.numeric=TRUE >
			1928	873
			1903	871
			1837	872
			1785	870
			1736	872
		</Tail2>
		<AnalFin type=matrix rownames=FALSE colnames=FALSE nrow=3 ncol=2 as.numeric=TRUE >
			1736	872
			1695	872
			1663	898
		</AnalFin>
		<Pectfin type=matrix rownames=FALSE colnames=FALSE nrow=3 ncol=2 as.numeric=TRUE >
			1334	799
			1347	831
			1336	857
		</Pectfin>
		<Opercle type=matrix rownames=FALSE colnames=FALSE nrow=7 ncol=2 as.numeric=TRUE >
			1314	723
			1320	735
			1314	777
			1298	802
			1268	826
			1215	855
			1187	824
		</Opercle>
		<Preopercle type=matrix rownames=FALSE colnames=FALSE nrow=3 ncol=2 as.numeric=TRUE >
			1226	759
			1219	800
			1187	824
		</Preopercle>
	</curves.control>
	<curves.pixel type=list>
		<Eye type=matrix rownames=FALSE colnames=FALSE nrow=186 ncol=2 as.numeric=TRUE >
			1197	684
			1198	684
			1199	685
			1200	685
			1201	685
			1201	686
			1202	686
			1203	686
			1204	686
			1204	687
			1205	687
			1206	687
			1206	688
			1207	688
			1208	689
			1209	690
			1210	690
			1211	691
			1212	692
			1213	693
			1213	694
			1214	695
			1215	696
			1215	697
			1216	698
			1216	699
			1216	700
			1216	701
			1217	702
			1217	703
			1217	704
			1217	705
			1217	706
			1216	706
			1216	707
			1216	708
			1216	709
			1216	710
			1215	711
			1215	712
			1215	713
			1214	714
			1214	715
			1213	716
			1213	717
			1213	718
			1212	719
			1211	720
			1211	721
			1211	722
			1210	723
			1210	724
			1209	725
			1208	725
			1208	726
			1207	727
			1207	728
			1206	729
			1206	730
			1205	730
			1204	731
			1203	732
			1202	733
			1201	734
			1200	734
			1199	735
			1198	736
			1197	736
			1196	737
			1195	738
			1194	738
			1193	739
			1192	739
			1191	739
			1190	740
			1189	740
			1188	740
			1187	740
			1186	740
			1185	741
			1184	741
			1183	741
			1182	741
			1181	741
			1180	741
			1179	741
			1178	741
			1177	740
			1176	740
			1175	740
			1174	740
			1173	740
			1172	739
			1171	739
			1170	739
			1169	738
			1168	738
			1167	738
			1166	737
			1165	737
			1164	736
			1163	736
			1162	735
			1161	735
			1160	734
			1159	733
			1159	732
			1158	731
			1157	730
			1157	729
			1156	728
			1156	727
			1155	727
			1155	726
			1154	725
			1154	724
			1153	723
			1153	722
			1152	721
			1152	720
			1151	719
			1151	718
			1151	717
			1151	716
			1150	716
			1150	715
			1150	714
			1150	713
			1150	712
			1150	711
			1150	710
			1150	709
			1150	708
			1150	707
			1151	706
			1151	705
			1151	704
			1152	703
			1152	702
			1153	702
			1154	701
			1155	700
			1156	699
			1157	698
			1158	697
			1159	696
			1160	695
			1161	694
			1162	693
			1163	693
			1164	692
			1165	691
			1166	691
			1167	690
			1168	690
			1168	689
			1169	689
			1170	689
			1171	688
			1172	688
			1173	687
			1174	687
			1175	687
			1176	686
			1177	686
			1178	686
			1179	686
			1179	685
			1180	685
			1181	685
			1182	685
			1183	685
			1184	685
			1185	684
			1186	684
			1187	684
			1188	684
			1189	684
			1190	684
			1191	684
			1192	684
			1193	684
			1194	684
			1195	684
			1196	684
			1197	684
		</Eye>
		<Head type=matrix rownames=FALSE colnames=FALSE nrow=492 ncol=2 as.numeric=TRUE >
			1112	712
			1112	711
			1113	711
			1114	710
			1114	709
			1115	709
			1115	708
			1116	707
			1117	706
			1118	705
			1119	704
			1120	703
			1121	703
			1121	702
			1122	701
			1123	700
			1124	700
			1125	699
			1126	698
			1127	698
			1128	697
			1129	696
			1130	696
			1131	695
			1132	695
			1133	694
			1134	694
			1135	693
			1136	693
			1137	692
			1138	692
			1139	691
			1140	691
			1141	690
			1142	690
			1143	689
			1144	689
			1145	689
			1146	688
			1147	688
			1148	687
			1149	687
			1150	686
			1151	686
			1152	686
			1153	685
			1154	685
			1155	685
			1156	684
			1157	684
			1158	683
			1159	683
			1160	683
			1161	683
			1162	682
			1163	682
			1164	682
			1165	681
			1166	681
			1167	681
			1168	681
			1169	680
			1170	680
			1171	680
			1172	679
			1173	679
			1174	679
			1175	679
			1176	678
			1177	678
			1178	678
			1179	678
			1180	677
			1181	677
			1182	677
			1183	676
			1184	676
			1185	675
			1186	675
			1187	675
			1188	674
			1189	674
			1190	674
			1191	673
			1192	673
			1193	673
			1194	672
			1195	672
			1196	672
			1197	672
			1198	671
			1199	671
			1200	671
			1201	671
			1202	671
			1203	670
			1204	670
			1205	670
			1206	670
			1207	670
			1208	670
			1209	670
			1210	670
			1211	670
			1212	669
			1213	669
			1214	669
			1215	669
			1216	669
			1217	669
			1218	669
			1219	669
			1220	669
			1221	668
			1222	668
			1223	668
			1224	668
			1225	668
			1226	668
			1227	668
			1228	667
			1229	667
			1230	667
			1231	667
			1232	667
			1233	666
			1234	666
			1235	666
			1236	665
			1237	665
			1238	665
			1239	665
			1240	665
			1241	665
			1242	665
			1243	665
			1244	665
			1245	665
			1246	665
			1247	665
			1248	665
			1249	665
			1250	665
			1251	665
			1252	665
			1253	665
			1254	665
			1255	665
			1256	665
			1257	665
			1258	664
			1259	664
			1260	664
			1261	664
			1262	664
			1263	664
			1264	663
			1265	663
			1266	663
			1267	663
			1268	663
			1269	662
			1270	662
			1271	662
			1272	661
			1273	661
			1274	661
			1275	660
			1276	660
			1277	660
			1278	660
			1279	660
			1280	660
			1281	660
			1282	660
			1283	660
			1284	659
			1285	659
			1286	658
			1287	658
			1288	657
			1289	657
			1290	657
			1291	656
			1292	656
			1293	656
			1294	656
			1295	655
			1296	655
			1297	655
			1298	655
			1299	655
			1300	654
			1301	654
			1302	654
			1303	654
			1304	654
			1305	654
			1306	654
			1306	653
			1307	653
			1308	653
			1309	653
			1310	653
			1311	653
			1312	653
			1313	653
			1314	652
			1315	652
			1316	652
			1317	652
			1318	652
			1319	652
			1320	652
			1321	652
			1322	652
			1323	652
			1324	652
			1325	651
			1326	651
			1327	651
			1328	651
			1329	651
			1330	651
			1331	651
			1332	651
			1333	651
			1334	651
			1335	651
			1336	651
			1337	651
			1338	651
			1339	651
			1340	651
			1341	651
			1342	651
			1342	650
			1343	650
			1344	650
			1345	650
			1346	650
			1347	650
			1348	650
			1349	650
			1350	650
			1351	650
			1352	650
			1353	650
			1354	650
			1355	650
			1356	650
			1357	650
			1358	650
			1359	650
			1360	650
			1361	650
			1362	650
			1363	650
			1364	650
			1365	650
			1366	650
			1367	650
			1368	650
			1369	650
			1370	650
			1371	650
			1372	650
			1373	650
			1374	650
			1375	650
			1376	650
			1377	650
			1378	650
			1379	650
			1380	650
			1381	650
			1382	650
			1383	650
			1384	650
			1385	650
			1386	650
			1387	650
			1388	650
			1389	650
			1390	650
			1391	650
			1392	650
			1393	650
			1394	650
			1395	650
			1396	650
			1397	650
			1398	650
			1399	650
			1400	650
			1401	650
			1402	650
			1403	650
			1404	650
			1405	650
			1406	650
			1407	650
			1408	650
			1409	650
			1410	650
			1411	650
			1412	650
			1413	650
			1414	650
			1415	650
			1416	651
			1417	651
			1418	651
			1419	651
			1420	651
			1421	651
			1422	651
			1423	651
			1424	651
			1425	651
			1426	651
			1427	651
			1428	651
			1429	651
			1430	651
			1431	651
			1432	651
			1433	651
			1434	651
			1435	651
			1436	651
			1437	651
			1438	651
			1439	651
			1440	651
			1441	651
			1442	652
			1443	652
			1444	652
			1445	652
			1446	652
			1447	652
			1448	652
			1449	652
			1450	652
			1451	652
			1452	652
			1453	652
			1454	652
			1455	652
			1456	652
			1457	652
			1458	652
			1459	652
			1460	652
			1461	652
			1462	653
			1463	653
			1464	653
			1465	653
			1466	653
			1467	653
			1468	653
			1469	653
			1470	653
			1471	653
			1472	653
			1473	653
			1474	653
			1475	653
			1476	653
			1477	653
			1478	653
			1479	654
			1480	654
			1481	654
			1482	654
			1483	654
			1484	654
			1485	654
			1486	654
			1487	654
			1488	654
			1489	654
			1490	654
			1491	654
			1492	654
			1493	655
			1494	655
			1495	655
			1496	655
			1497	655
			1498	655
			1499	655
			1500	655
			1501	655
			1502	655
			1503	655
			1504	655
			1505	656
			1506	656
			1507	656
			1508	656
			1509	656
			1510	656
			1511	656
			1512	656
			1513	656
			1514	656
			1515	656
			1516	656
			1517	656
			1518	657
			1519	657
			1520	657
			1521	657
			1522	657
			1523	657
			1524	657
			1525	657
			1526	657
			1527	657
			1528	657
			1529	658
			1530	658
			1531	658
			1532	658
			1533	658
			1534	658
			1535	658
			1536	658
			1537	658
			1538	658
			1539	658
			1540	659
			1541	659
			1542	659
			1543	659
			1544	659
			1545	659
			1546	659
			1547	659
			1548	659
			1549	659
			1550	660
			1551	660
			1552	660
			1553	660
			1554	660
			1555	660
			1556	660
			1557	660
			1558	660
			1559	661
			1560	661
			1561	661
			1562	661
			1563	661
			1564	661
			1565	661
			1566	662
			1567	662
			1568	662
			1569	662
			1570	662
			1571	663
			1572	663
			1573	663
			1574	663
			1575	663
			1576	663
			1577	664
			1578	664
			1579	664
			1580	664
			1581	664
			1582	664
			1583	664
			1584	664
			1585	664
			1586	664
			1587	664
			1588	665
			1589	665
			1590	665
			1591	665
			1592	665
			1593	665
			1594	665
			1595	665
			1596	665
			1597	665
		</Head>
		<Tail1 type=matrix rownames=FALSE colnames=FALSE nrow=358 ncol=2 as.numeric=TRUE >
			1597	665
			1598	665
			1599	666
			1600	666
			1601	666
			1602	666
			1603	667
			1604	667
			1605	667
			1606	667
			1607	668
			1608	668
			1609	668
			1610	669
			1611	669
			1612	669
			1613	669
			1614	670
			1615	670
			1616	670
			1617	670
			1618	671
			1619	671
			1620	671
			1621	671
			1622	672
			1623	672
			1624	672
			1624	673
			1625	673
			1626	673
			1627	673
			1628	674
			1629	674
			1630	674
			1631	674
			1632	675
			1633	675
			1634	675
			1635	676
			1636	676
			1637	676
			1638	676
			1639	677
			1640	677
			1641	677
			1642	678
			1643	678
			1644	678
			1645	678
			1645	679
			1646	679
			1647	679
			1648	679
			1649	680
			1650	680
			1651	680
			1652	681
			1653	681
			1654	681
			1655	682
			1656	682
			1657	682
			1658	683
			1659	683
			1660	683
			1661	684
			1662	684
			1663	684
			1664	684
			1665	685
			1666	685
			1667	685
			1668	686
			1669	686
			1670	686
			1671	687
			1672	687
			1673	687
			1674	687
			1675	688
			1676	688
			1677	688
			1678	689
			1679	689
			1680	690
			1681	690
			1682	690
			1683	690
			1684	691
			1685	691
			1686	691
			1687	692
			1688	692
			1689	692
			1689	693
			1690	693
			1691	694
			1692	694
			1692	695
			1693	695
			1694	696
			1695	696
			1696	696
			1696	697
			1697	697
			1698	698
			1699	698
			1700	698
			1700	699
			1701	699
			1702	700
			1703	700
			1704	700
			1705	701
			1706	701
			1707	702
			1708	702
			1709	702
			1710	703
			1711	703
			1712	703
			1713	703
			1714	704
			1715	704
			1716	704
			1717	704
			1718	705
			1719	705
			1720	705
			1721	705
			1722	706
			1723	706
			1724	706
			1725	706
			1726	706
			1727	706
			1728	707
			1729	707
			1730	707
			1731	707
			1732	707
			1733	707
			1734	707
			1735	707
			1736	708
			1737	708
			1738	708
			1739	708
			1740	708
			1741	708
			1742	708
			1743	708
			1744	708
			1745	708
			1745	709
			1746	709
			1746	710
			1747	710
			1748	711
			1749	712
			1750	712
			1751	713
			1752	714
			1753	714
			1754	715
			1755	715
			1756	716
			1757	716
			1758	716
			1758	717
			1759	717
			1760	717
			1761	718
			1762	718
			1763	719
			1764	719
			1765	719
			1766	720
			1767	720
			1768	720
			1769	721
			1770	721
			1771	721
			1772	721
			1773	722
			1774	722
			1775	722
			1776	722
			1777	723
			1778	723
			1779	723
			1780	723
			1781	723
			1782	723
			1783	724
			1784	724
			1785	724
			1786	724
			1787	724
			1788	724
			1789	724
			1790	725
			1791	725
			1792	725
			1793	725
			1794	725
			1795	725
			1796	725
			1797	726
			1798	726
			1799	726
			1800	727
			1801	727
			1802	727
			1803	727
			1803	728
			1804	728
			1805	728
			1806	728
			1806	729
			1807	729
			1808	729
			1809	729
			1809	730
			1810	730
			1811	730
			1812	730
			1812	731
			1813	731
			1814	731
			1815	731
			1815	732
			1816	732
			1817	732
			1818	732
			1818	733
			1819	733
			1820	733
			1821	733
			1822	734
			1823	734
			1824	734
			1825	735
			1826	735
			1827	735
			1828	735
			1828	736
			1829	736
			1830	736
			1831	736
			1832	737
			1833	737
			1834	737
			1835	738
			1836	738
			1837	738
			1838	739
			1839	739
			1840	739
			1841	740
			1842	740
			1843	740
			1844	741
			1845	741
			1846	741
			1847	741
			1848	742
			1849	742
			1850	742
			1851	743
			1852	743
			1853	743
			1854	743
			1855	744
			1856	744
			1857	744
			1858	744
			1858	745
			1859	745
			1860	745
			1861	746
			1862	746
			1863	746
			1864	746
			1865	747
			1866	747
			1867	747
			1868	747
			1869	748
			1870	748
			1871	748
			1871	749
			1872	749
			1873	749
			1874	749
			1875	750
			1876	750
			1877	750
			1878	750
			1879	751
			1880	751
			1881	751
			1882	752
			1883	752
			1884	752
			1885	752
			1885	753
			1886	753
			1887	753
			1888	753
			1889	754
			1890	754
			1891	755
			1892	755
			1893	756
			1894	756
			1895	756
			1896	756
			1896	757
			1897	757
			1898	757
			1899	758
			1900	758
			1901	758
			1902	759
			1903	759
			1904	759
			1905	760
			1906	761
			1907	761
			1908	761
			1909	762
			1910	762
			1911	763
			1912	763
			1913	764
			1914	764
			1915	764
			1916	765
			1917	765
			1918	765
			1919	765
			1920	765
			1921	766
			1922	766
			1923	766
			1924	766
			1925	766
			1926	765
			1927	765
			1928	765
			1929	765
			1930	765
			1931	764
			1932	764
			1933	763
			1934	763
		</Tail1>
		<End type=matrix rownames=FALSE colnames=FALSE nrow=159 ncol=2 as.numeric=TRUE >
			1934	763
			1935	763
			1936	763
			1937	763
			1938	763
			1939	763
			1940	763
			1941	763
			1942	763
			1943	763
			1944	763
			1945	763
			1946	763
			1947	763
			1948	763
			1949	763
			1950	763
			1951	763
			1952	764
			1953	764
			1954	764
			1955	764
			1956	765
			1957	765
			1958	765
			1959	766
			1960	766
			1961	767
			1962	767
			1963	768
			1964	768
			1965	769
			1965	770
			1966	770
			1967	771
			1968	772
			1968	773
			1969	773
			1969	774
			1970	775
			1970	776
			1971	777
			1971	778
			1971	779
			1972	780
			1972	781
			1972	782
			1972	783
			1972	784
			1973	785
			1973	786
			1973	787
			1973	788
			1973	789
			1973	790
			1973	791
			1973	792
			1973	793
			1973	794
			1972	795
			1972	796
			1972	797
			1972	798
			1972	799
			1972	800
			1971	801
			1971	802
			1971	803
			1971	804
			1970	805
			1970	806
			1969	807
			1969	808
			1968	809
			1968	810
			1968	811
			1967	812
			1967	813
			1967	814
			1967	815
			1967	816
			1967	817
			1966	818
			1966	819
			1966	820
			1966	821
			1966	822
			1966	823
			1966	824
			1966	825
			1966	826
			1966	827
			1966	828
			1966	829
			1966	830
			1966	831
			1966	832
			1966	833
			1966	834
			1966	835
			1966	836
			1966	837
			1966	838
			1966	839
			1966	840
			1966	841
			1966	842
			1966	843
			1966	844
			1966	845
			1966	846
			1966	847
			1967	848
			1967	849
			1967	850
			1967	851
			1967	852
			1967	853
			1966	854
			1965	855
			1964	856
			1963	857
			1962	857
			1961	858
			1960	859
			1959	859
			1958	860
			1957	860
			1956	861
			1955	861
			1954	861
			1953	862
			1952	862
			1951	862
			1950	863
			1949	863
			1948	863
			1947	863
			1946	864
			1945	864
			1944	864
			1943	865
			1943	866
			1942	866
			1942	867
			1941	868
			1940	868
			1939	869
			1938	870
			1937	870
			1936	871
			1935	871
			1934	871
			1933	872
			1932	872
			1931	872
			1930	873
			1929	873
			1928	873
		</End>
		<Tail2 type=matrix rownames=FALSE colnames=FALSE nrow=193 ncol=2 as.numeric=TRUE >
			1928	873
			1927	873
			1926	873
			1925	873
			1924	873
			1923	873
			1922	873
			1921	873
			1920	873
			1919	872
			1918	872
			1917	872
			1916	872
			1915	872
			1914	872
			1913	872
			1912	872
			1911	872
			1910	872
			1909	872
			1908	872
			1907	872
			1906	872
			1905	872
			1904	872
			1903	872
			1902	872
			1901	872
			1900	872
			1899	872
			1898	872
			1897	872
			1896	872
			1895	872
			1894	872
			1893	872
			1892	872
			1891	872
			1890	872
			1889	872
			1888	872
			1887	872
			1886	872
			1885	872
			1884	872
			1883	872
			1882	872
			1881	872
			1880	872
			1879	872
			1878	872
			1877	872
			1876	872
			1875	872
			1874	872
			1873	872
			1872	872
			1871	872
			1870	872
			1869	872
			1868	872
			1867	872
			1866	872
			1865	872
			1864	872
			1863	872
			1862	872
			1861	872
			1860	872
			1859	872
			1858	872
			1857	872
			1856	872
			1855	872
			1854	872
			1853	872
			1852	872
			1851	872
			1850	872
			1849	872
			1848	872
			1847	872
			1846	872
			1845	872
			1844	872
			1843	872
			1842	872
			1841	872
			1840	872
			1839	872
			1838	872
			1837	872
			1836	872
			1835	872
			1834	872
			1833	872
			1832	872
			1831	872
			1830	872
			1829	872
			1828	872
			1827	872
			1826	872
			1825	872
			1824	872
			1823	872
			1822	872
			1821	871
			1820	871
			1819	871
			1818	871
			1817	871
			1816	871
			1815	871
			1814	871
			1813	871
			1812	871
			1811	871
			1810	871
			1809	871
			1808	871
			1807	871
			1806	871
			1805	871
			1804	871
			1803	871
			1802	871
			1801	871
			1800	871
			1799	871
			1798	871
			1797	871
			1796	871
			1795	871
			1794	871
			1793	871
			1792	871
			1791	871
			1790	871
			1789	871
			1788	871
			1787	871
			1786	871
			1785	871
			1784	871
			1783	871
			1782	871
			1781	871
			1780	871
			1779	871
			1778	871
			1777	871
			1776	871
			1775	871
			1774	871
			1773	871
			1772	871
			1771	871
			1770	871
			1769	871
			1768	871
			1767	871
			1766	871
			1765	871
			1764	871
			1763	871
			1762	871
			1761	871
			1760	871
			1759	871
			1758	871
			1757	871
			1756	871
			1755	871
			1754	871
			1753	871
			1752	871
			1751	871
			1750	872
			1749	872
			1748	872
			1747	872
			1746	872
			1745	872
			1744	872
			1743	872
			1742	872
			1741	872
			1740	872
			1739	872
			1738	872
			1737	872
			1736	872
		</Tail2>
		<AnalFin type=matrix rownames=FALSE colnames=FALSE nrow=78 ncol=2 as.numeric=TRUE >
			1736	872
			1735	872
			1734	872
			1733	872
			1732	872
			1731	872
			1730	872
			1729	872
			1728	872
			1727	872
			1726	872
			1725	873
			1724	873
			1723	873
			1722	873
			1721	873
			1720	873
			1719	873
			1718	873
			1717	874
			1716	874
			1715	874
			1714	874
			1713	874
			1712	874
			1711	875
			1710	875
			1709	875
			1708	875
			1707	875
			1706	876
			1705	876
			1704	876
			1703	877
			1702	877
			1701	877
			1700	878
			1699	878
			1698	878
			1697	879
			1696	879
			1695	879
			1694	880
			1693	880
			1692	880
			1692	881
			1691	881
			1690	881
			1689	882
			1688	882
			1687	883
			1686	883
			1685	884
			1684	884
			1683	885
			1682	885
			1681	886
			1680	886
			1680	887
			1679	887
			1678	888
			1677	888
			1676	889
			1675	889
			1674	890
			1673	890
			1672	891
			1672	892
			1671	892
			1670	893
			1669	893
			1668	894
			1667	895
			1666	895
			1666	896
			1665	897
			1664	897
			1663	898
		</AnalFin>
		<Pectfin type=matrix rownames=FALSE colnames=FALSE nrow=62 ncol=2 as.numeric=TRUE >
			1334	799
			1334	800
			1335	801
			1335	802
			1336	803
			1336	804
			1336	805
			1337	806
			1337	807
			1337	808
			1337	809
			1338	809
			1338	810
			1338	811
			1338	812
			1339	813
			1339	814
			1339	815
			1339	816
			1339	817
			1340	817
			1340	818
			1340	819
			1340	820
			1340	821
			1340	822
			1340	823
			1341	824
			1341	825
			1341	826
			1341	827
			1341	828
			1341	829
			1341	830
			1341	831
			1341	832
			1341	833
			1341	834
			1341	835
			1341	836
			1341	837
			1341	838
			1341	839
			1341	840
			1340	841
			1340	842
			1340	843
			1340	844
			1340	845
			1340	846
			1339	847
			1339	848
			1339	849
			1339	850
			1338	851
			1338	852
			1338	853
			1337	853
			1337	854
			1337	855
			1336	856
			1336	857
		</Pectfin>
		<Opercle type=matrix rownames=FALSE colnames=FALSE nrow=196 ncol=2 as.numeric=TRUE >
			1314	723
			1314	724
			1315	724
			1315	725
			1315	726
			1315	727
			1316	728
			1316	729
			1316	730
			1316	731
			1316	732
			1317	733
			1317	734
			1317	735
			1317	736
			1317	737
			1317	738
			1317	739
			1317	740
			1317	741
			1317	742
			1317	743
			1317	744
			1317	745
			1317	746
			1317	747
			1317	748
			1317	749
			1317	750
			1317	751
			1317	752
			1317	753
			1317	754
			1316	755
			1316	756
			1316	757
			1316	758
			1316	759
			1316	760
			1316	761
			1316	762
			1316	763
			1316	764
			1316	765
			1315	766
			1315	767
			1315	768
			1315	769
			1315	770
			1315	771
			1315	772
			1315	773
			1314	774
			1314	775
			1314	776
			1314	777
			1313	778
			1313	779
			1312	780
			1312	781
			1311	781
			1311	782
			1310	783
			1309	784
			1309	785
			1308	785
			1308	786
			1307	787
			1306	788
			1306	789
			1305	789
			1305	790
			1304	791
			1303	792
			1302	793
			1301	794
			1300	795
			1300	796
			1299	797
			1298	798
			1297	799
			1296	800
			1295	801
			1295	802
			1294	803
			1293	804
			1292	804
			1291	805
			1290	806
			1289	807
			1288	808
			1287	809
			1286	810
			1285	811
			1284	812
			1283	813
			1282	814
			1281	815
			1280	816
			1279	817
			1278	817
			1277	818
			1276	819
			1275	820
			1274	821
			1273	822
			1272	823
			1271	824
			1270	824
			1269	825
			1269	826
			1268	826
			1267	827
			1266	827
			1265	828
			1264	828
			1263	829
			1262	829
			1261	830
			1260	830
			1259	831
			1258	831
			1257	831
			1257	832
			1256	832
			1255	832
			1254	833
			1253	833
			1252	833
			1252	834
			1251	834
			1250	834
			1249	835
			1248	835
			1247	836
			1246	836
			1245	836
			1244	836
			1243	837
			1242	837
			1241	837
			1240	838
			1239	838
			1238	838
			1237	838
			1236	839
			1235	839
			1234	839
			1233	839
			1232	839
			1231	839
			1230	840
			1229	840
			1228	840
			1227	840
			1226	840
			1225	840
			1224	840
			1223	840
			1222	840
			1221	840
			1220	840
			1219	840
			1218	840
			1217	840
			1216	840
			1215	839
			1214	839
			1213	839
			1212	839
			1211	839
			1210	839
			1209	838
			1208	838
			1207	837
			1206	837
			1205	837
			1204	836
			1203	836
			1202	835
			1201	835
			1200	834
			1199	834
			1198	833
			1197	832
			1196	832
			1195	831
			1194	830
			1193	830
			1192	829
			1191	828
			1190	827
			1189	827
			1189	826
			1188	825
			1187	824
		</Opercle>
		<Preopercle type=matrix rownames=FALSE colnames=FALSE nrow=71 ncol=2 as.numeric=TRUE >
			1226	759
			1226	760
			1226	761
			1225	762
			1225	763
			1225	764
			1225	765
			1225	766
			1224	767
			1224	768
			1224	769
			1224	770
			1223	771
			1223	772
			1223	773
			1222	774
			1222	775
			1222	776
			1221	777
			1221	778
			1221	779
			1220	780
			1220	781
			1220	782
			1219	783
			1219	784
			1219	785
			1218	785
			1218	786
			1217	787
			1217	788
			1216	789
			1216	790
			1216	791
			1215	792
			1214	793
			1214	794
			1213	795
			1212	796
			1212	797
			1211	798
			1211	799
			1210	800
			1209	801
			1209	802
			1208	803
			1207	804
			1206	805
			1206	806
			1205	807
			1204	808
			1203	809
			1203	810
			1202	810
			1201	811
			1200	812
			1199	813
			1199	814
			1198	815
			1197	816
			1196	816
			1195	817
			1194	818
			1193	819
			1193	820
			1192	820
			1191	821
			1190	822
			1189	823
			1188	823
			1187	824
		</Preopercle>
	</curves.pixel>
	<curves.scaled type=list>
		<Eye type=matrix rownames=FALSE colnames=FALSE nrow=186 ncol=2 as.numeric=TRUE >
			49.105051193204	-28.0600292532594
			49.1460746277848	-28.0600292532594
			49.1870980623655	-28.1010526878402
			49.2281214969463	-28.1010526878402
			49.2691449315271	-28.1010526878402
			49.2691449315271	-28.142076122421
			49.3101683661079	-28.142076122421
			49.3511918006887	-28.142076122421
			49.3922152352695	-28.142076122421
			49.3922152352695	-28.1830995570018
			49.4332386698503	-28.1830995570018
			49.4742621044311	-28.1830995570018
			49.4742621044311	-28.2241229915826
			49.5152855390118	-28.2241229915826
			49.5563089735926	-28.2651464261634
			49.5973324081734	-28.3061698607441
			49.6383558427542	-28.3061698607441
			49.679379277335	-28.3471932953249
			49.7204027119158	-28.3882167299057
			49.7614261464966	-28.4292401644865
			49.7614261464966	-28.4702635990673
			49.8024495810774	-28.5112870336481
			49.8434730156582	-28.5523104682289
			49.8434730156582	-28.5933339028097
			49.8844964502389	-28.6343573373904
			49.8844964502389	-28.6753807719712
			49.8844964502389	-28.716404206552
			49.8844964502389	-28.7574276411328
			49.9255198848197	-28.7984510757136
			49.9255198848197	-28.8394745102944
			49.9255198848197	-28.8804979448752
			49.9255198848197	-28.921521379456
			49.9255198848197	-28.9625448140368
			49.8844964502389	-28.9625448140368
			49.8844964502389	-29.0035682486175
			49.8844964502389	-29.0445916831983
			49.8844964502389	-29.0856151177791
			49.8844964502389	-29.1266385523599
			49.8434730156582	-29.1676619869407
			49.8434730156582	-29.2086854215215
			49.8434730156582	-29.2497088561023
			49.8024495810774	-29.2907322906831
			49.8024495810774	-29.3317557252639
			49.7614261464966	-29.3727791598446
			49.7614261464966	-29.4138025944254
			49.7614261464966	-29.4548260290062
			49.7204027119158	-29.495849463587
			49.679379277335	-29.5368728981678
			49.679379277335	-29.5778963327486
			49.679379277335	-29.6189197673294
			49.6383558427542	-29.6599432019102
			49.6383558427542	-29.700966636491
			49.5973324081734	-29.7419900710717
			49.5563089735926	-29.7419900710717
			49.5563089735926	-29.7830135056525
			49.5152855390118	-29.8240369402333
			49.5152855390118	-29.8650603748141
			49.4742621044311	-29.9060838093949
			49.4742621044311	-29.9471072439757
			49.4332386698503	-29.9471072439757
			49.3922152352695	-29.9881306785565
			49.3511918006887	-30.0291541131373
			49.3101683661079	-30.070177547718
			49.2691449315271	-30.1112009822988
			49.2281214969463	-30.1112009822988
			49.1870980623655	-30.1522244168796
			49.1460746277848	-30.1932478514604
			49.105051193204	-30.1932478514604
			49.0640277586232	-30.2342712860412
			49.0230043240424	-30.275294720622
			48.9819808894616	-30.275294720622
			48.9409574548808	-30.3163181552028
			48.8999340203	-30.3163181552028
			48.8589105857192	-30.3163181552028
			48.8178871511384	-30.3573415897836
			48.7768637165577	-30.3573415897836
			48.7358402819769	-30.3573415897836
			48.6948168473961	-30.3573415897836
			48.6537934128153	-30.3573415897836
			48.6127699782345	-30.3983650243644
			48.5717465436537	-30.3983650243644
			48.5307231090729	-30.3983650243644
			48.4896996744921	-30.3983650243644
			48.4486762399114	-30.3983650243644
			48.4076528053306	-30.3983650243644
			48.3666293707498	-30.3983650243644
			48.325605936169	-30.3983650243644
			48.2845825015882	-30.3573415897836
			48.2435590670074	-30.3573415897836
			48.2025356324266	-30.3573415897836
			48.1615121978458	-30.3573415897836
			48.120488763265	-30.3573415897836
			48.0794653286843	-30.3163181552028
			48.0384418941035	-30.3163181552028
			47.9974184595227	-30.3163181552028
			47.9563950249419	-30.275294720622
			47.9153715903611	-30.275294720622
			47.8743481557803	-30.275294720622
			47.8333247211995	-30.2342712860412
			47.7923012866187	-30.2342712860412
			47.7512778520379	-30.1932478514604
			47.7102544174572	-30.1932478514604
			47.6692309828764	-30.1522244168796
			47.6282075482956	-30.1522244168796
			47.5871841137148	-30.1112009822988
			47.546160679134	-30.070177547718
			47.546160679134	-30.0291541131373
			47.5051372445532	-29.9881306785565
			47.4641138099724	-29.9471072439757
			47.4641138099724	-29.9060838093949
			47.4230903753916	-29.8650603748141
			47.4230903753916	-29.8240369402333
			47.3820669408108	-29.8240369402333
			47.3820669408108	-29.7830135056525
			47.3410435062301	-29.7419900710717
			47.3410435062301	-29.700966636491
			47.3000200716493	-29.6599432019102
			47.3000200716493	-29.6189197673294
			47.2589966370685	-29.5778963327486
			47.2589966370685	-29.5368728981678
			47.2179732024877	-29.495849463587
			47.2179732024877	-29.4548260290062
			47.2179732024877	-29.4138025944254
			47.2179732024877	-29.3727791598446
			47.1769497679069	-29.3727791598446
			47.1769497679069	-29.3317557252639
			47.1769497679069	-29.2907322906831
			47.1769497679069	-29.2497088561023
			47.1769497679069	-29.2086854215215
			47.1769497679069	-29.1676619869407
			47.1769497679069	-29.1266385523599
			47.1769497679069	-29.0856151177791
			47.1769497679069	-29.0445916831983
			47.1769497679069	-29.0035682486175
			47.2179732024877	-28.9625448140368
			47.2179732024877	-28.921521379456
			47.2179732024877	-28.8804979448752
			47.2589966370685	-28.8394745102944
			47.2589966370685	-28.7984510757136
			47.3000200716493	-28.7984510757136
			47.3410435062301	-28.7574276411328
			47.3820669408108	-28.716404206552
			47.4230903753916	-28.6753807719712
			47.4641138099724	-28.6343573373904
			47.5051372445532	-28.5933339028097
			47.546160679134	-28.5523104682289
			47.5871841137148	-28.5112870336481
			47.6282075482956	-28.4702635990673
			47.6692309828764	-28.4292401644865
			47.7102544174572	-28.4292401644865
			47.7512778520379	-28.3882167299057
			47.7923012866187	-28.3471932953249
			47.8333247211995	-28.3471932953249
			47.8743481557803	-28.3061698607441
			47.9153715903611	-28.3061698607441
			47.9153715903611	-28.2651464261634
			47.9563950249419	-28.2651464261634
			47.9974184595227	-28.2651464261634
			48.0384418941035	-28.2241229915826
			48.0794653286843	-28.2241229915826
			48.120488763265	-28.1830995570018
			48.1615121978458	-28.1830995570018
			48.2025356324266	-28.1830995570018
			48.2435590670074	-28.142076122421
			48.2845825015882	-28.142076122421
			48.325605936169	-28.142076122421
			48.3666293707498	-28.142076122421
			48.3666293707498	-28.1010526878402
			48.4076528053306	-28.1010526878402
			48.4486762399114	-28.1010526878402
			48.4896996744921	-28.1010526878402
			48.5307231090729	-28.1010526878402
			48.5717465436537	-28.1010526878402
			48.6127699782345	-28.0600292532594
			48.6537934128153	-28.0600292532594
			48.6948168473961	-28.0600292532594
			48.7358402819769	-28.0600292532594
			48.7768637165577	-28.0600292532594
			48.8178871511384	-28.0600292532594
			48.8589105857192	-28.0600292532594
			48.8999340203	-28.0600292532594
			48.9409574548808	-28.0600292532594
			48.9819808894616	-28.0600292532594
			49.0230043240424	-28.0600292532594
			49.0640277586232	-28.0600292532594
			49.105051193204	-28.0600292532594
		</Eye>
		<Head type=matrix rownames=FALSE colnames=FALSE nrow=492 ncol=2 as.numeric=TRUE >
			45.6180592538369	-29.2086854215215
			45.6180592538369	-29.1676619869407
			45.6590826884177	-29.1676619869407
			45.7001061229985	-29.1266385523599
			45.7001061229985	-29.0856151177791
			45.7411295575793	-29.0856151177791
			45.7411295575793	-29.0445916831983
			45.7821529921601	-29.0035682486175
			45.8231764267409	-28.9625448140368
			45.8641998613217	-28.921521379456
			45.9052232959025	-28.8804979448752
			45.9462467304832	-28.8394745102944
			45.987270165064	-28.8394745102944
			45.987270165064	-28.7984510757136
			46.0282935996448	-28.7574276411328
			46.0693170342256	-28.716404206552
			46.1103404688064	-28.716404206552
			46.1513639033872	-28.6753807719712
			46.192387337968	-28.6343573373904
			46.2334107725488	-28.6343573373904
			46.2744342071296	-28.5933339028097
			46.3154576417103	-28.5523104682289
			46.3564810762911	-28.5523104682289
			46.3975045108719	-28.5112870336481
			46.4385279454527	-28.5112870336481
			46.4795513800335	-28.4702635990673
			46.5205748146143	-28.4702635990673
			46.5615982491951	-28.4292401644865
			46.6026216837759	-28.4292401644865
			46.6436451183567	-28.3882167299057
			46.6846685529374	-28.3882167299057
			46.7256919875182	-28.3471932953249
			46.766715422099	-28.3471932953249
			46.8077388566798	-28.3061698607441
			46.8487622912606	-28.3061698607441
			46.8897857258414	-28.2651464261634
			46.9308091604222	-28.2651464261634
			46.971832595003	-28.2651464261634
			47.0128560295837	-28.2241229915826
			47.0538794641645	-28.2241229915826
			47.0949028987453	-28.1830995570018
			47.1359263333261	-28.1830995570018
			47.1769497679069	-28.142076122421
			47.2179732024877	-28.142076122421
			47.2589966370685	-28.142076122421
			47.3000200716493	-28.1010526878402
			47.3410435062301	-28.1010526878402
			47.3820669408108	-28.1010526878402
			47.4230903753916	-28.0600292532594
			47.4641138099724	-28.0600292532594
			47.5051372445532	-28.0190058186786
			47.546160679134	-28.0190058186786
			47.5871841137148	-28.0190058186786
			47.6282075482956	-28.0190058186786
			47.6692309828764	-27.9779823840978
			47.7102544174572	-27.9779823840978
			47.7512778520379	-27.9779823840978
			47.7923012866187	-27.936958949517
			47.8333247211995	-27.936958949517
			47.8743481557803	-27.936958949517
			47.9153715903611	-27.936958949517
			47.9563950249419	-27.8959355149363
			47.9974184595227	-27.8959355149363
			48.0384418941035	-27.8959355149363
			48.0794653286843	-27.8549120803555
			48.120488763265	-27.8549120803555
			48.1615121978458	-27.8549120803555
			48.2025356324266	-27.8549120803555
			48.2435590670074	-27.8138886457747
			48.2845825015882	-27.8138886457747
			48.325605936169	-27.8138886457747
			48.3666293707498	-27.8138886457747
			48.4076528053306	-27.7728652111939
			48.4486762399114	-27.7728652111939
			48.4896996744921	-27.7728652111939
			48.5307231090729	-27.7318417766131
			48.5717465436537	-27.7318417766131
			48.6127699782345	-27.6908183420323
			48.6537934128153	-27.6908183420323
			48.6948168473961	-27.6908183420323
			48.7358402819769	-27.6497949074515
			48.7768637165577	-27.6497949074515
			48.8178871511384	-27.6497949074515
			48.8589105857192	-27.6087714728707
			48.8999340203	-27.6087714728707
			48.9409574548808	-27.6087714728707
			48.9819808894616	-27.5677480382899
			49.0230043240424	-27.5677480382899
			49.0640277586232	-27.5677480382899
			49.105051193204	-27.5677480382899
			49.1460746277848	-27.5267246037092
			49.1870980623655	-27.5267246037092
			49.2281214969463	-27.5267246037092
			49.2691449315271	-27.5267246037092
			49.3101683661079	-27.5267246037092
			49.3511918006887	-27.4857011691284
			49.3922152352695	-27.4857011691284
			49.4332386698503	-27.4857011691284
			49.4742621044311	-27.4857011691284
			49.5152855390118	-27.4857011691284
			49.5563089735926	-27.4857011691284
			49.5973324081734	-27.4857011691284
			49.6383558427542	-27.4857011691284
			49.679379277335	-27.4857011691284
			49.7204027119158	-27.4446777345476
			49.7614261464966	-27.4446777345476
			49.8024495810774	-27.4446777345476
			49.8434730156582	-27.4446777345476
			49.8844964502389	-27.4446777345476
			49.9255198848197	-27.4446777345476
			49.9665433194005	-27.4446777345476
			50.0075667539813	-27.4446777345476
			50.0485901885621	-27.4446777345476
			50.0896136231429	-27.4036542999668
			50.1306370577237	-27.4036542999668
			50.1716604923045	-27.4036542999668
			50.2126839268853	-27.4036542999668
			50.253707361466	-27.4036542999668
			50.2947307960468	-27.4036542999668
			50.3357542306276	-27.4036542999668
			50.3767776652084	-27.362630865386
			50.4178010997892	-27.362630865386
			50.45882453437	-27.362630865386
			50.4998479689508	-27.362630865386
			50.5408714035316	-27.362630865386
			50.5818948381124	-27.3216074308052
			50.6229182726931	-27.3216074308052
			50.6639417072739	-27.3216074308052
			50.7049651418547	-27.2805839962244
			50.7459885764355	-27.2805839962244
			50.7870120110163	-27.2805839962244
			50.8280354455971	-27.2805839962244
			50.8690588801779	-27.2805839962244
			50.9100823147587	-27.2805839962244
			50.9511057493395	-27.2805839962244
			50.9921291839202	-27.2805839962244
			51.033152618501	-27.2805839962244
			51.0741760530818	-27.2805839962244
			51.1151994876626	-27.2805839962244
			51.1562229222434	-27.2805839962244
			51.1972463568242	-27.2805839962244
			51.238269791405	-27.2805839962244
			51.2792932259858	-27.2805839962244
			51.3203166605665	-27.2805839962244
			51.3613400951473	-27.2805839962244
			51.4023635297281	-27.2805839962244
			51.4433869643089	-27.2805839962244
			51.4844103988897	-27.2805839962244
			51.5254338334705	-27.2805839962244
			51.5664572680513	-27.2805839962244
			51.6074807026321	-27.2395605616436
			51.6485041372129	-27.2395605616436
			51.6895275717936	-27.2395605616436
			51.7305510063744	-27.2395605616436
			51.7715744409552	-27.2395605616436
			51.812597875536	-27.2395605616436
			51.8536213101168	-27.1985371270628
			51.8946447446976	-27.1985371270628
			51.9356681792784	-27.1985371270628
			51.9766916138592	-27.1985371270628
			52.01771504844	-27.1985371270628
			52.0587384830207	-27.1575136924821
			52.0997619176015	-27.1575136924821
			52.1407853521823	-27.1575136924821
			52.1818087867631	-27.1164902579013
			52.2228322213439	-27.1164902579013
			52.2638556559247	-27.1164902579013
			52.3048790905055	-27.0754668233205
			52.3459025250863	-27.0754668233205
			52.3869259596671	-27.0754668233205
			52.4279493942478	-27.0754668233205
			52.4689728288286	-27.0754668233205
			52.5099962634094	-27.0754668233205
			52.5510196979902	-27.0754668233205
			52.592043132571	-27.0754668233205
			52.6330665671518	-27.0754668233205
			52.6740900017326	-27.0344433887397
			52.7151134363134	-27.0344433887397
			52.7561368708942	-26.9934199541589
			52.7971603054749	-26.9934199541589
			52.8381837400557	-26.9523965195781
			52.8792071746365	-26.9523965195781
			52.9202306092173	-26.9523965195781
			52.9612540437981	-26.9113730849973
			53.0022774783789	-26.9113730849973
			53.0433009129597	-26.9113730849973
			53.0843243475405	-26.9113730849973
			53.1253477821212	-26.8703496504165
			53.166371216702	-26.8703496504165
			53.2073946512828	-26.8703496504165
			53.2484180858636	-26.8703496504165
			53.2894415204444	-26.8703496504165
			53.3304649550252	-26.8293262158357
			53.371488389606	-26.8293262158357
			53.4125118241868	-26.8293262158357
			53.4535352587676	-26.8293262158357
			53.4945586933483	-26.8293262158357
			53.5355821279291	-26.8293262158357
			53.5766055625099	-26.8293262158357
			53.5766055625099	-26.788302781255
			53.6176289970907	-26.788302781255
			53.6586524316715	-26.788302781255
			53.6996758662523	-26.788302781255
			53.7406993008331	-26.788302781255
			53.7817227354139	-26.788302781255
			53.8227461699947	-26.788302781255
			53.8637696045754	-26.788302781255
			53.9047930391562	-26.7472793466742
			53.945816473737	-26.7472793466742
			53.9868399083178	-26.7472793466742
			54.0278633428986	-26.7472793466742
			54.0688867774794	-26.7472793466742
			54.1099102120602	-26.7472793466742
			54.150933646641	-26.7472793466742
			54.1919570812218	-26.7472793466742
			54.2329805158025	-26.7472793466742
			54.2740039503833	-26.7472793466742
			54.3150273849641	-26.7472793466742
			54.3560508195449	-26.7062559120934
			54.3970742541257	-26.7062559120934
			54.4380976887065	-26.7062559120934
			54.4791211232873	-26.7062559120934
			54.5201445578681	-26.7062559120934
			54.5611679924489	-26.7062559120934
			54.6021914270296	-26.7062559120934
			54.6432148616104	-26.7062559120934
			54.6842382961912	-26.7062559120934
			54.725261730772	-26.7062559120934
			54.7662851653528	-26.7062559120934
			54.8073085999336	-26.7062559120934
			54.8483320345144	-26.7062559120934
			54.8893554690952	-26.7062559120934
			54.930378903676	-26.7062559120934
			54.9714023382567	-26.7062559120934
			55.0124257728375	-26.7062559120934
			55.0534492074183	-26.7062559120934
			55.0534492074183	-26.6652324775126
			55.0944726419991	-26.6652324775126
			55.1354960765799	-26.6652324775126
			55.1765195111607	-26.6652324775126
			55.2175429457415	-26.6652324775126
			55.2585663803223	-26.6652324775126
			55.299589814903	-26.6652324775126
			55.3406132494838	-26.6652324775126
			55.3816366840646	-26.6652324775126
			55.4226601186454	-26.6652324775126
			55.4636835532262	-26.6652324775126
			55.504706987807	-26.6652324775126
			55.5457304223878	-26.6652324775126
			55.5867538569686	-26.6652324775126
			55.6277772915494	-26.6652324775126
			55.6688007261301	-26.6652324775126
			55.7098241607109	-26.6652324775126
			55.7508475952917	-26.6652324775126
			55.7918710298725	-26.6652324775126
			55.8328944644533	-26.6652324775126
			55.8739178990341	-26.6652324775126
			55.9149413336149	-26.6652324775126
			55.9559647681957	-26.6652324775126
			55.9969882027764	-26.6652324775126
			56.0380116373572	-26.6652324775126
			56.079035071938	-26.6652324775126
			56.1200585065188	-26.6652324775126
			56.1610819410996	-26.6652324775126
			56.2021053756804	-26.6652324775126
			56.2431288102612	-26.6652324775126
			56.284152244842	-26.6652324775126
			56.3251756794228	-26.6652324775126
			56.3661991140035	-26.6652324775126
			56.4072225485843	-26.6652324775126
			56.4482459831651	-26.6652324775126
			56.4892694177459	-26.6652324775126
			56.5302928523267	-26.6652324775126
			56.5713162869075	-26.6652324775126
			56.6123397214883	-26.6652324775126
			56.6533631560691	-26.6652324775126
			56.6943865906499	-26.6652324775126
			56.7354100252306	-26.6652324775126
			56.7764334598114	-26.6652324775126
			56.8174568943922	-26.6652324775126
			56.858480328973	-26.6652324775126
			56.8995037635538	-26.6652324775126
			56.9405271981346	-26.6652324775126
			56.9815506327154	-26.6652324775126
			57.0225740672962	-26.6652324775126
			57.063597501877	-26.6652324775126
			57.1046209364577	-26.6652324775126
			57.1456443710385	-26.6652324775126
			57.1866678056193	-26.6652324775126
			57.2276912402001	-26.6652324775126
			57.2687146747809	-26.6652324775126
			57.3097381093617	-26.6652324775126
			57.3507615439425	-26.6652324775126
			57.3917849785233	-26.6652324775126
			57.4328084131041	-26.6652324775126
			57.4738318476848	-26.6652324775126
			57.5148552822656	-26.6652324775126
			57.5558787168464	-26.6652324775126
			57.5969021514272	-26.6652324775126
			57.637925586008	-26.6652324775126
			57.6789490205888	-26.6652324775126
			57.7199724551696	-26.6652324775126
			57.7609958897504	-26.6652324775126
			57.8020193243311	-26.6652324775126
			57.8430427589119	-26.6652324775126
			57.8840661934927	-26.6652324775126
			57.9250896280735	-26.6652324775126
			57.9661130626543	-26.6652324775126
			58.0071364972351	-26.6652324775126
			58.0481599318159	-26.6652324775126
			58.0891833663967	-26.7062559120934
			58.1302068009775	-26.7062559120934
			58.1712302355582	-26.7062559120934
			58.212253670139	-26.7062559120934
			58.2532771047198	-26.7062559120934
			58.2943005393006	-26.7062559120934
			58.3353239738814	-26.7062559120934
			58.3763474084622	-26.7062559120934
			58.417370843043	-26.7062559120934
			58.4583942776238	-26.7062559120934
			58.4994177122046	-26.7062559120934
			58.5404411467853	-26.7062559120934
			58.5814645813661	-26.7062559120934
			58.6224880159469	-26.7062559120934
			58.6635114505277	-26.7062559120934
			58.7045348851085	-26.7062559120934
			58.7455583196893	-26.7062559120934
			58.7865817542701	-26.7062559120934
			58.8276051888509	-26.7062559120934
			58.8686286234317	-26.7062559120934
			58.9096520580124	-26.7062559120934
			58.9506754925932	-26.7062559120934
			58.991698927174	-26.7062559120934
			59.0327223617548	-26.7062559120934
			59.0737457963356	-26.7062559120934
			59.1147692309164	-26.7062559120934
			59.1557926654972	-26.7472793466742
			59.196816100078	-26.7472793466742
			59.2378395346588	-26.7472793466742
			59.2788629692395	-26.7472793466742
			59.3198864038203	-26.7472793466742
			59.3609098384011	-26.7472793466742
			59.4019332729819	-26.7472793466742
			59.4429567075627	-26.7472793466742
			59.4839801421435	-26.7472793466742
			59.5250035767243	-26.7472793466742
			59.5660270113051	-26.7472793466742
			59.6070504458858	-26.7472793466742
			59.6480738804666	-26.7472793466742
			59.6890973150474	-26.7472793466742
			59.7301207496282	-26.7472793466742
			59.771144184209	-26.7472793466742
			59.8121676187898	-26.7472793466742
			59.8531910533706	-26.7472793466742
			59.8942144879514	-26.7472793466742
			59.9352379225322	-26.7472793466742
			59.9762613571129	-26.788302781255
			60.0172847916937	-26.788302781255
			60.0583082262745	-26.788302781255
			60.0993316608553	-26.788302781255
			60.1403550954361	-26.788302781255
			60.1813785300169	-26.788302781255
			60.2224019645977	-26.788302781255
			60.2634253991785	-26.788302781255
			60.3044488337593	-26.788302781255
			60.34547226834	-26.788302781255
			60.3864957029208	-26.788302781255
			60.4275191375016	-26.788302781255
			60.4685425720824	-26.788302781255
			60.5095660066632	-26.788302781255
			60.550589441244	-26.788302781255
			60.5916128758248	-26.788302781255
			60.6326363104056	-26.788302781255
			60.6736597449864	-26.8293262158357
			60.7146831795671	-26.8293262158357
			60.7557066141479	-26.8293262158357
			60.7967300487287	-26.8293262158357
			60.8377534833095	-26.8293262158357
			60.8787769178903	-26.8293262158357
			60.9198003524711	-26.8293262158357
			60.9608237870519	-26.8293262158357
			61.0018472216327	-26.8293262158357
			61.0428706562135	-26.8293262158357
			61.0838940907942	-26.8293262158357
			61.124917525375	-26.8293262158357
			61.1659409599558	-26.8293262158357
			61.2069643945366	-26.8293262158357
			61.2479878291174	-26.8703496504165
			61.2890112636982	-26.8703496504165
			61.330034698279	-26.8703496504165
			61.3710581328598	-26.8703496504165
			61.4120815674405	-26.8703496504165
			61.4531050020213	-26.8703496504165
			61.4941284366021	-26.8703496504165
			61.5351518711829	-26.8703496504165
			61.5761753057637	-26.8703496504165
			61.6171987403445	-26.8703496504165
			61.6582221749253	-26.8703496504165
			61.6992456095061	-26.8703496504165
			61.7402690440869	-26.9113730849973
			61.7812924786676	-26.9113730849973
			61.8223159132484	-26.9113730849973
			61.8633393478292	-26.9113730849973
			61.90436278241	-26.9113730849973
			61.9453862169908	-26.9113730849973
			61.9864096515716	-26.9113730849973
			62.0274330861524	-26.9113730849973
			62.0684565207332	-26.9113730849973
			62.109479955314	-26.9113730849973
			62.1505033898947	-26.9113730849973
			62.1915268244755	-26.9113730849973
			62.2325502590563	-26.9113730849973
			62.2735736936371	-26.9523965195781
			62.3145971282179	-26.9523965195781
			62.3556205627987	-26.9523965195781
			62.3966439973795	-26.9523965195781
			62.4376674319603	-26.9523965195781
			62.4786908665411	-26.9523965195781
			62.5197143011218	-26.9523965195781
			62.5607377357026	-26.9523965195781
			62.6017611702834	-26.9523965195781
			62.6427846048642	-26.9523965195781
			62.683808039445	-26.9523965195781
			62.7248314740258	-26.9934199541589
			62.7658549086066	-26.9934199541589
			62.8068783431874	-26.9934199541589
			62.8479017777682	-26.9934199541589
			62.8889252123489	-26.9934199541589
			62.9299486469297	-26.9934199541589
			62.9709720815105	-26.9934199541589
			63.0119955160913	-26.9934199541589
			63.0530189506721	-26.9934199541589
			63.0940423852529	-26.9934199541589
			63.1350658198337	-26.9934199541589
			63.1760892544145	-27.0344433887397
			63.2171126889952	-27.0344433887397
			63.258136123576	-27.0344433887397
			63.2991595581568	-27.0344433887397
			63.3401829927376	-27.0344433887397
			63.3812064273184	-27.0344433887397
			63.4222298618992	-27.0344433887397
			63.46325329648	-27.0344433887397
			63.5042767310608	-27.0344433887397
			63.5453001656416	-27.0344433887397
			63.5863236002223	-27.0754668233205
			63.6273470348031	-27.0754668233205
			63.6683704693839	-27.0754668233205
			63.7093939039647	-27.0754668233205
			63.7504173385455	-27.0754668233205
			63.7914407731263	-27.0754668233205
			63.8324642077071	-27.0754668233205
			63.8734876422879	-27.0754668233205
			63.9145110768687	-27.0754668233205
			63.9555345114494	-27.1164902579013
			63.9965579460302	-27.1164902579013
			64.037581380611	-27.1164902579013
			64.0786048151918	-27.1164902579013
			64.1196282497726	-27.1164902579013
			64.1606516843534	-27.1164902579013
			64.2016751189342	-27.1164902579013
			64.242698553515	-27.1575136924821
			64.2837219880957	-27.1575136924821
			64.3247454226765	-27.1575136924821
			64.3657688572573	-27.1575136924821
			64.4067922918381	-27.1575136924821
			64.4478157264189	-27.1985371270628
			64.4888391609997	-27.1985371270628
			64.5298625955805	-27.1985371270628
			64.5708860301613	-27.1985371270628
			64.6119094647421	-27.1985371270628
			64.6529328993228	-27.1985371270628
			64.6939563339036	-27.2395605616436
			64.7349797684844	-27.2395605616436
			64.7760032030652	-27.2395605616436
			64.817026637646	-27.2395605616436
			64.8580500722268	-27.2395605616436
			64.8990735068076	-27.2395605616436
			64.9400969413884	-27.2395605616436
			64.9811203759692	-27.2395605616436
			65.0221438105499	-27.2395605616436
			65.0631672451307	-27.2395605616436
			65.1041906797115	-27.2395605616436
			65.1452141142923	-27.2805839962244
			65.1862375488731	-27.2805839962244
			65.2272609834539	-27.2805839962244
			65.2682844180347	-27.2805839962244
			65.3093078526155	-27.2805839962244
			65.3503312871963	-27.2805839962244
			65.391354721777	-27.2805839962244
			65.4323781563578	-27.2805839962244
			65.4734015909386	-27.2805839962244
			65.5144250255194	-27.2805839962244
		</Head>
		<Tail1 type=matrix rownames=FALSE colnames=FALSE nrow=358 ncol=2 as.numeric=TRUE >
			65.5144250255194	-27.2805839962244
			65.5554484601002	-27.2805839962244
			65.596471894681	-27.3216074308052
			65.6374953292618	-27.3216074308052
			65.6785187638426	-27.3216074308052
			65.7195421984234	-27.3216074308052
			65.7605656330041	-27.362630865386
			65.8015890675849	-27.362630865386
			65.8426125021657	-27.362630865386
			65.8836359367465	-27.362630865386
			65.9246593713273	-27.4036542999668
			65.9656828059081	-27.4036542999668
			66.0067062404889	-27.4036542999668
			66.0477296750697	-27.4446777345476
			66.0887531096505	-27.4446777345476
			66.1297765442312	-27.4446777345476
			66.170799978812	-27.4446777345476
			66.2118234133928	-27.4857011691284
			66.2528468479736	-27.4857011691284
			66.2938702825544	-27.4857011691284
			66.3348937171352	-27.4857011691284
			66.375917151716	-27.5267246037092
			66.4169405862968	-27.5267246037092
			66.4579640208775	-27.5267246037092
			66.4989874554583	-27.5267246037092
			66.5400108900391	-27.5677480382899
			66.5810343246199	-27.5677480382899
			66.6220577592007	-27.5677480382899
			66.6220577592007	-27.6087714728707
			66.6630811937815	-27.6087714728707
			66.7041046283623	-27.6087714728707
			66.7451280629431	-27.6087714728707
			66.7861514975239	-27.6497949074515
			66.8271749321046	-27.6497949074515
			66.8681983666854	-27.6497949074515
			66.9092218012662	-27.6497949074515
			66.950245235847	-27.6908183420323
			66.9912686704278	-27.6908183420323
			67.0322921050086	-27.6908183420323
			67.0733155395894	-27.7318417766131
			67.1143389741702	-27.7318417766131
			67.1553624087509	-27.7318417766131
			67.1963858433317	-27.7318417766131
			67.2374092779125	-27.7728652111939
			67.2784327124933	-27.7728652111939
			67.3194561470741	-27.7728652111939
			67.3604795816549	-27.8138886457747
			67.4015030162357	-27.8138886457747
			67.4425264508165	-27.8138886457747
			67.4835498853973	-27.8138886457747
			67.4835498853973	-27.8549120803555
			67.524573319978	-27.8549120803555
			67.5655967545588	-27.8549120803555
			67.6066201891396	-27.8549120803555
			67.6476436237204	-27.8959355149363
			67.6886670583012	-27.8959355149363
			67.729690492882	-27.8959355149363
			67.7707139274628	-27.936958949517
			67.8117373620436	-27.936958949517
			67.8527607966244	-27.936958949517
			67.8937842312051	-27.9779823840978
			67.9348076657859	-27.9779823840978
			67.9758311003667	-27.9779823840978
			68.0168545349475	-28.0190058186786
			68.0578779695283	-28.0190058186786
			68.0989014041091	-28.0190058186786
			68.1399248386899	-28.0600292532594
			68.1809482732707	-28.0600292532594
			68.2219717078515	-28.0600292532594
			68.2629951424322	-28.0600292532594
			68.304018577013	-28.1010526878402
			68.3450420115938	-28.1010526878402
			68.3860654461746	-28.1010526878402
			68.4270888807554	-28.142076122421
			68.4681123153362	-28.142076122421
			68.509135749917	-28.142076122421
			68.5501591844978	-28.1830995570018
			68.5911826190786	-28.1830995570018
			68.6322060536593	-28.1830995570018
			68.6732294882401	-28.1830995570018
			68.7142529228209	-28.2241229915826
			68.7552763574017	-28.2241229915826
			68.7962997919825	-28.2241229915826
			68.8373232265633	-28.2651464261634
			68.8783466611441	-28.2651464261634
			68.9193700957249	-28.3061698607441
			68.9603935303057	-28.3061698607441
			69.0014169648864	-28.3061698607441
			69.0424403994672	-28.3061698607441
			69.083463834048	-28.3471932953249
			69.1244872686288	-28.3471932953249
			69.1655107032096	-28.3471932953249
			69.2065341377904	-28.3882167299057
			69.2475575723712	-28.3882167299057
			69.288581006952	-28.3882167299057
			69.288581006952	-28.4292401644865
			69.3296044415328	-28.4292401644865
			69.3706278761135	-28.4702635990673
			69.4116513106943	-28.4702635990673
			69.4116513106943	-28.5112870336481
			69.4526747452751	-28.5112870336481
			69.4936981798559	-28.5523104682289
			69.5347216144367	-28.5523104682289
			69.5757450490175	-28.5523104682289
			69.5757450490175	-28.5933339028097
			69.6167684835983	-28.5933339028097
			69.6577919181791	-28.6343573373904
			69.6988153527599	-28.6343573373904
			69.7398387873406	-28.6343573373904
			69.7398387873406	-28.6753807719712
			69.7808622219214	-28.6753807719712
			69.8218856565022	-28.716404206552
			69.862909091083	-28.716404206552
			69.9039325256638	-28.716404206552
			69.9449559602446	-28.7574276411328
			69.9859793948254	-28.7574276411328
			70.0270028294062	-28.7984510757136
			70.068026263987	-28.7984510757136
			70.1090496985677	-28.7984510757136
			70.1500731331485	-28.8394745102944
			70.1910965677293	-28.8394745102944
			70.2321200023101	-28.8394745102944
			70.2731434368909	-28.8394745102944
			70.3141668714717	-28.8804979448752
			70.3551903060525	-28.8804979448752
			70.3962137406333	-28.8804979448752
			70.437237175214	-28.8804979448752
			70.4782606097948	-28.921521379456
			70.5192840443756	-28.921521379456
			70.5603074789564	-28.921521379456
			70.6013309135372	-28.921521379456
			70.642354348118	-28.9625448140368
			70.6833777826988	-28.9625448140368
			70.7244012172796	-28.9625448140368
			70.7654246518604	-28.9625448140368
			70.8064480864411	-28.9625448140368
			70.8474715210219	-28.9625448140368
			70.8884949556027	-29.0035682486175
			70.9295183901835	-29.0035682486175
			70.9705418247643	-29.0035682486175
			71.0115652593451	-29.0035682486175
			71.0525886939259	-29.0035682486175
			71.0936121285067	-29.0035682486175
			71.1346355630874	-29.0035682486175
			71.1756589976682	-29.0035682486175
			71.216682432249	-29.0445916831983
			71.2577058668298	-29.0445916831983
			71.2987293014106	-29.0445916831983
			71.3397527359914	-29.0445916831983
			71.3807761705722	-29.0445916831983
			71.421799605153	-29.0445916831983
			71.4628230397338	-29.0445916831983
			71.5038464743145	-29.0445916831983
			71.5448699088953	-29.0445916831983
			71.5858933434761	-29.0445916831983
			71.5858933434761	-29.0856151177791
			71.6269167780569	-29.0856151177791
			71.6269167780569	-29.1266385523599
			71.6679402126377	-29.1266385523599
			71.7089636472185	-29.1676619869407
			71.7499870817993	-29.2086854215215
			71.7910105163801	-29.2086854215215
			71.8320339509608	-29.2497088561023
			71.8730573855416	-29.2907322906831
			71.9140808201224	-29.2907322906831
			71.9551042547032	-29.3317557252639
			71.996127689284	-29.3317557252639
			72.0371511238648	-29.3727791598446
			72.0781745584456	-29.3727791598446
			72.1191979930264	-29.3727791598446
			72.1191979930264	-29.4138025944254
			72.1602214276072	-29.4138025944254
			72.2012448621879	-29.4138025944254
			72.2422682967687	-29.4548260290062
			72.2832917313495	-29.4548260290062
			72.3243151659303	-29.495849463587
			72.3653386005111	-29.495849463587
			72.4063620350919	-29.495849463587
			72.4473854696727	-29.5368728981678
			72.4884089042535	-29.5368728981678
			72.5294323388343	-29.5368728981678
			72.570455773415	-29.5778963327486
			72.6114792079958	-29.5778963327486
			72.6525026425766	-29.5778963327486
			72.6935260771574	-29.5778963327486
			72.7345495117382	-29.6189197673294
			72.775572946319	-29.6189197673294
			72.8165963808998	-29.6189197673294
			72.8576198154806	-29.6189197673294
			72.8986432500614	-29.6599432019102
			72.9396666846421	-29.6599432019102
			72.9806901192229	-29.6599432019102
			73.0217135538037	-29.6599432019102
			73.0627369883845	-29.6599432019102
			73.1037604229653	-29.6599432019102
			73.1447838575461	-29.700966636491
			73.1858072921269	-29.700966636491
			73.2268307267077	-29.700966636491
			73.2678541612885	-29.700966636491
			73.3088775958692	-29.700966636491
			73.34990103045	-29.700966636491
			73.3909244650308	-29.700966636491
			73.4319478996116	-29.7419900710717
			73.4729713341924	-29.7419900710717
			73.5139947687732	-29.7419900710717
			73.555018203354	-29.7419900710717
			73.5960416379348	-29.7419900710717
			73.6370650725156	-29.7419900710717
			73.6780885070963	-29.7419900710717
			73.7191119416771	-29.7830135056525
			73.7601353762579	-29.7830135056525
			73.8011588108387	-29.7830135056525
			73.8421822454195	-29.8240369402333
			73.8832056800003	-29.8240369402333
			73.9242291145811	-29.8240369402333
			73.9652525491619	-29.8240369402333
			73.9652525491619	-29.8650603748141
			74.0062759837427	-29.8650603748141
			74.0472994183234	-29.8650603748141
			74.0883228529042	-29.8650603748141
			74.0883228529042	-29.9060838093949
			74.129346287485	-29.9060838093949
			74.1703697220658	-29.9060838093949
			74.2113931566466	-29.9060838093949
			74.2113931566466	-29.9471072439757
			74.2524165912274	-29.9471072439757
			74.2934400258082	-29.9471072439757
			74.334463460389	-29.9471072439757
			74.334463460389	-29.9881306785565
			74.3754868949698	-29.9881306785565
			74.4165103295505	-29.9881306785565
			74.4575337641313	-29.9881306785565
			74.4575337641313	-30.0291541131373
			74.4985571987121	-30.0291541131373
			74.5395806332929	-30.0291541131373
			74.5806040678737	-30.0291541131373
			74.5806040678737	-30.070177547718
			74.6216275024545	-30.070177547718
			74.6626509370353	-30.070177547718
			74.7036743716161	-30.070177547718
			74.7446978061968	-30.1112009822988
			74.7857212407776	-30.1112009822988
			74.8267446753584	-30.1112009822988
			74.8677681099392	-30.1522244168796
			74.90879154452	-30.1522244168796
			74.9498149791008	-30.1522244168796
			74.9908384136816	-30.1522244168796
			74.9908384136816	-30.1932478514604
			75.0318618482624	-30.1932478514604
			75.0728852828432	-30.1932478514604
			75.1139087174239	-30.1932478514604
			75.1549321520047	-30.2342712860412
			75.1959555865855	-30.2342712860412
			75.2369790211663	-30.2342712860412
			75.2780024557471	-30.275294720622
			75.3190258903279	-30.275294720622
			75.3600493249087	-30.275294720622
			75.4010727594895	-30.3163181552028
			75.4420961940702	-30.3163181552028
			75.483119628651	-30.3163181552028
			75.5241430632318	-30.3573415897836
			75.5651664978126	-30.3573415897836
			75.6061899323934	-30.3573415897836
			75.6472133669742	-30.3983650243644
			75.688236801555	-30.3983650243644
			75.7292602361358	-30.3983650243644
			75.7702836707166	-30.3983650243644
			75.8113071052973	-30.4393884589451
			75.8523305398781	-30.4393884589451
			75.8933539744589	-30.4393884589451
			75.9343774090397	-30.4804118935259
			75.9754008436205	-30.4804118935259
			76.0164242782013	-30.4804118935259
			76.0574477127821	-30.4804118935259
			76.0984711473629	-30.5214353281067
			76.1394945819437	-30.5214353281067
			76.1805180165244	-30.5214353281067
			76.2215414511052	-30.5214353281067
			76.2215414511052	-30.5624587626875
			76.262564885686	-30.5624587626875
			76.3035883202668	-30.5624587626875
			76.3446117548476	-30.6034821972683
			76.3856351894284	-30.6034821972683
			76.4266586240092	-30.6034821972683
			76.46768205859	-30.6034821972683
			76.5087054931708	-30.6445056318491
			76.5497289277515	-30.6445056318491
			76.5907523623323	-30.6445056318491
			76.6317757969131	-30.6445056318491
			76.6727992314939	-30.6855290664299
			76.7138226660747	-30.6855290664299
			76.7548461006555	-30.6855290664299
			76.7548461006555	-30.7265525010107
			76.7958695352363	-30.7265525010107
			76.8368929698171	-30.7265525010107
			76.8779164043979	-30.7265525010107
			76.9189398389786	-30.7675759355915
			76.9599632735594	-30.7675759355915
			77.0009867081402	-30.7675759355915
			77.042010142721	-30.7675759355915
			77.0830335773018	-30.8085993701722
			77.1240570118826	-30.8085993701722
			77.1650804464634	-30.8085993701722
			77.2061038810442	-30.849622804753
			77.247127315625	-30.849622804753
			77.2881507502057	-30.849622804753
			77.3291741847865	-30.849622804753
			77.3291741847865	-30.8906462393338
			77.3701976193673	-30.8906462393338
			77.4112210539481	-30.8906462393338
			77.4522444885289	-30.8906462393338
			77.4932679231097	-30.9316696739146
			77.5342913576905	-30.9316696739146
			77.5753147922713	-30.9726931084954
			77.6163382268521	-30.9726931084954
			77.6573616614328	-31.0137165430762
			77.6983850960136	-31.0137165430762
			77.7394085305944	-31.0137165430762
			77.7804319651752	-31.0137165430762
			77.7804319651752	-31.054739977657
			77.821455399756	-31.054739977657
			77.8624788343368	-31.054739977657
			77.9035022689176	-31.0957634122378
			77.9445257034984	-31.0957634122378
			77.9855491380792	-31.0957634122378
			78.0265725726599	-31.1367868468186
			78.0675960072407	-31.1367868468186
			78.1086194418215	-31.1367868468186
			78.1496428764023	-31.1778102813993
			78.1906663109831	-31.2188337159801
			78.2316897455639	-31.2188337159801
			78.2727131801447	-31.2188337159801
			78.3137366147255	-31.2598571505609
			78.3547600493063	-31.2598571505609
			78.395783483887	-31.3008805851417
			78.4368069184678	-31.3008805851417
			78.4778303530486	-31.3419040197225
			78.5188537876294	-31.3419040197225
			78.5598772222102	-31.3419040197225
			78.600900656791	-31.3829274543033
			78.6419240913718	-31.3829274543033
			78.6829475259526	-31.3829274543033
			78.7239709605333	-31.3829274543033
			78.7649943951141	-31.3829274543033
			78.8060178296949	-31.4239508888841
			78.8470412642757	-31.4239508888841
			78.8880646988565	-31.4239508888841
			78.9290881334373	-31.4239508888841
			78.9701115680181	-31.4239508888841
			79.0111350025989	-31.3829274543033
			79.0521584371797	-31.3829274543033
			79.0931818717604	-31.3829274543033
			79.1342053063412	-31.3829274543033
			79.175228740922	-31.3829274543033
			79.2162521755028	-31.3419040197225
			79.2572756100836	-31.3419040197225
			79.2982990446644	-31.3008805851417
			79.3393224792452	-31.3008805851417
		</Tail1>
		<End type=matrix rownames=FALSE colnames=FALSE nrow=159 ncol=2 as.numeric=TRUE >
			79.3393224792452	-31.3008805851417
			79.380345913826	-31.3008805851417
			79.4213693484067	-31.3008805851417
			79.4623927829875	-31.3008805851417
			79.5034162175683	-31.3008805851417
			79.5444396521491	-31.3008805851417
			79.5854630867299	-31.3008805851417
			79.6264865213107	-31.3008805851417
			79.6675099558915	-31.3008805851417
			79.7085333904723	-31.3008805851417
			79.7495568250531	-31.3008805851417
			79.7905802596338	-31.3008805851417
			79.8316036942146	-31.3008805851417
			79.8726271287954	-31.3008805851417
			79.9136505633762	-31.3008805851417
			79.954673997957	-31.3008805851417
			79.9956974325378	-31.3008805851417
			80.0367208671186	-31.3008805851417
			80.0777443016994	-31.3419040197225
			80.1187677362801	-31.3419040197225
			80.1597911708609	-31.3419040197225
			80.2008146054417	-31.3419040197225
			80.2418380400225	-31.3829274543033
			80.2828614746033	-31.3829274543033
			80.3238849091841	-31.3829274543033
			80.3649083437649	-31.4239508888841
			80.4059317783457	-31.4239508888841
			80.4469552129265	-31.4649743234649
			80.4879786475072	-31.4649743234649
			80.529002082088	-31.5059977580457
			80.5700255166688	-31.5059977580457
			80.6110489512496	-31.5470211926264
			80.6110489512496	-31.5880446272072
			80.6520723858304	-31.5880446272072
			80.6930958204112	-31.629068061788
			80.734119254992	-31.6700914963688
			80.734119254992	-31.7111149309496
			80.7751426895728	-31.7111149309496
			80.7751426895728	-31.7521383655304
			80.8161661241536	-31.7931618001112
			80.8161661241536	-31.834185234692
			80.8571895587343	-31.8752086692727
			80.8571895587343	-31.9162321038535
			80.8571895587343	-31.9572555384343
			80.8982129933151	-31.9982789730151
			80.8982129933151	-32.0393024075959
			80.8982129933151	-32.0803258421767
			80.8982129933151	-32.1213492767575
			80.8982129933151	-32.1623727113383
			80.9392364278959	-32.2033961459191
			80.9392364278959	-32.2444195804998
			80.9392364278959	-32.2854430150806
			80.9392364278959	-32.3264664496614
			80.9392364278959	-32.3674898842422
			80.9392364278959	-32.408513318823
			80.9392364278959	-32.4495367534038
			80.9392364278959	-32.4905601879846
			80.9392364278959	-32.5315836225654
			80.9392364278959	-32.5726070571462
			80.8982129933151	-32.6136304917269
			80.8982129933151	-32.6546539263077
			80.8982129933151	-32.6956773608885
			80.8982129933151	-32.7367007954693
			80.8982129933151	-32.7777242300501
			80.8982129933151	-32.8187476646309
			80.8571895587343	-32.8597710992117
			80.8571895587343	-32.9007945337925
			80.8571895587343	-32.9418179683733
			80.8571895587343	-32.982841402954
			80.8161661241536	-33.0238648375348
			80.8161661241536	-33.0648882721156
			80.7751426895728	-33.1059117066964
			80.7751426895728	-33.1469351412772
			80.734119254992	-33.187958575858
			80.734119254992	-33.2289820104388
			80.734119254992	-33.2700054450196
			80.6930958204112	-33.3110288796004
			80.6930958204112	-33.3520523141811
			80.6930958204112	-33.3930757487619
			80.6930958204112	-33.4340991833427
			80.6930958204112	-33.4751226179235
			80.6930958204112	-33.5161460525043
			80.6520723858304	-33.5571694870851
			80.6520723858304	-33.5981929216659
			80.6520723858304	-33.6392163562467
			80.6520723858304	-33.6802397908275
			80.6520723858304	-33.7212632254082
			80.6520723858304	-33.762286659989
			80.6520723858304	-33.8033100945698
			80.6520723858304	-33.8443335291506
			80.6520723858304	-33.8853569637314
			80.6520723858304	-33.9263803983122
			80.6520723858304	-33.967403832893
			80.6520723858304	-34.0084272674738
			80.6520723858304	-34.0494507020545
			80.6520723858304	-34.0904741366353
			80.6520723858304	-34.1314975712161
			80.6520723858304	-34.1725210057969
			80.6520723858304	-34.2135444403777
			80.6520723858304	-34.2545678749585
			80.6520723858304	-34.2955913095393
			80.6520723858304	-34.3366147441201
			80.6520723858304	-34.3776381787009
			80.6520723858304	-34.4186616132816
			80.6520723858304	-34.4596850478624
			80.6520723858304	-34.5007084824432
			80.6520723858304	-34.541731917024
			80.6520723858304	-34.5827553516048
			80.6520723858304	-34.6237787861856
			80.6520723858304	-34.6648022207664
			80.6520723858304	-34.7058256553472
			80.6520723858304	-34.7468490899279
			80.6930958204112	-34.7878725245087
			80.6930958204112	-34.8288959590895
			80.6930958204112	-34.8699193936703
			80.6930958204112	-34.9109428282511
			80.6930958204112	-34.9519662628319
			80.6930958204112	-34.9929896974127
			80.6520723858304	-35.0340131319935
			80.6110489512496	-35.0750365665743
			80.5700255166688	-35.116060001155
			80.529002082088	-35.1570834357358
			80.4879786475072	-35.1570834357358
			80.4469552129265	-35.1981068703166
			80.4059317783457	-35.2391303048974
			80.3649083437649	-35.2391303048974
			80.3238849091841	-35.2801537394782
			80.2828614746033	-35.2801537394782
			80.2418380400225	-35.321177174059
			80.2008146054417	-35.321177174059
			80.1597911708609	-35.321177174059
			80.1187677362801	-35.3622006086398
			80.0777443016994	-35.3622006086398
			80.0367208671186	-35.3622006086398
			79.9956974325378	-35.4032240432206
			79.954673997957	-35.4032240432206
			79.9136505633762	-35.4032240432206
			79.8726271287954	-35.4032240432206
			79.8316036942146	-35.4442474778014
			79.7905802596338	-35.4442474778014
			79.7495568250531	-35.4442474778014
			79.7085333904723	-35.4852709123821
			79.7085333904723	-35.5262943469629
			79.6675099558915	-35.5262943469629
			79.6675099558915	-35.5673177815437
			79.6264865213107	-35.6083412161245
			79.5854630867299	-35.6083412161245
			79.5444396521491	-35.6493646507053
			79.5034162175683	-35.6903880852861
			79.4623927829875	-35.6903880852861
			79.4213693484067	-35.7314115198669
			79.380345913826	-35.7314115198669
			79.3393224792452	-35.7314115198669
			79.2982990446644	-35.7724349544477
			79.2572756100836	-35.7724349544477
			79.2162521755028	-35.7724349544477
			79.175228740922	-35.8134583890285
			79.1342053063412	-35.8134583890285
			79.0931818717604	-35.8134583890285
		</End>
		<Tail2 type=matrix rownames=FALSE colnames=FALSE nrow=193 ncol=2 as.numeric=TRUE >
			79.0931818717604	-35.8134583890285
			79.0521584371797	-35.8134583890285
			79.0111350025989	-35.8134583890285
			78.9701115680181	-35.8134583890285
			78.9290881334373	-35.8134583890285
			78.8880646988565	-35.8134583890285
			78.8470412642757	-35.8134583890285
			78.8060178296949	-35.8134583890285
			78.7649943951141	-35.8134583890285
			78.7239709605333	-35.7724349544477
			78.6829475259526	-35.7724349544477
			78.6419240913718	-35.7724349544477
			78.600900656791	-35.7724349544477
			78.5598772222102	-35.7724349544477
			78.5188537876294	-35.7724349544477
			78.4778303530486	-35.7724349544477
			78.4368069184678	-35.7724349544477
			78.395783483887	-35.7724349544477
			78.3547600493063	-35.7724349544477
			78.3137366147255	-35.7724349544477
			78.2727131801447	-35.7724349544477
			78.2316897455639	-35.7724349544477
			78.1906663109831	-35.7724349544477
			78.1496428764023	-35.7724349544477
			78.1086194418215	-35.7724349544477
			78.0675960072407	-35.7724349544477
			78.0265725726599	-35.7724349544477
			77.9855491380792	-35.7724349544477
			77.9445257034984	-35.7724349544477
			77.9035022689176	-35.7724349544477
			77.8624788343368	-35.7724349544477
			77.821455399756	-35.7724349544477
			77.7804319651752	-35.7724349544477
			77.7394085305944	-35.7724349544477
			77.6983850960136	-35.7724349544477
			77.6573616614328	-35.7724349544477
			77.6163382268521	-35.7724349544477
			77.5753147922713	-35.7724349544477
			77.5342913576905	-35.7724349544477
			77.4932679231097	-35.7724349544477
			77.4522444885289	-35.7724349544477
			77.4112210539481	-35.7724349544477
			77.3701976193673	-35.7724349544477
			77.3291741847865	-35.7724349544477
			77.2881507502057	-35.7724349544477
			77.247127315625	-35.7724349544477
			77.2061038810442	-35.7724349544477
			77.1650804464634	-35.7724349544477
			77.1240570118826	-35.7724349544477
			77.0830335773018	-35.7724349544477
			77.042010142721	-35.7724349544477
			77.0009867081402	-35.7724349544477
			76.9599632735594	-35.7724349544477
			76.9189398389786	-35.7724349544477
			76.8779164043979	-35.7724349544477
			76.8368929698171	-35.7724349544477
			76.7958695352363	-35.7724349544477
			76.7548461006555	-35.7724349544477
			76.7138226660747	-35.7724349544477
			76.6727992314939	-35.7724349544477
			76.6317757969131	-35.7724349544477
			76.5907523623323	-35.7724349544477
			76.5497289277515	-35.7724349544477
			76.5087054931708	-35.7724349544477
			76.46768205859	-35.7724349544477
			76.4266586240092	-35.7724349544477
			76.3856351894284	-35.7724349544477
			76.3446117548476	-35.7724349544477
			76.3035883202668	-35.7724349544477
			76.262564885686	-35.7724349544477
			76.2215414511052	-35.7724349544477
			76.1805180165244	-35.7724349544477
			76.1394945819437	-35.7724349544477
			76.0984711473629	-35.7724349544477
			76.0574477127821	-35.7724349544477
			76.0164242782013	-35.7724349544477
			75.9754008436205	-35.7724349544477
			75.9343774090397	-35.7724349544477
			75.8933539744589	-35.7724349544477
			75.8523305398781	-35.7724349544477
			75.8113071052973	-35.7724349544477
			75.7702836707166	-35.7724349544477
			75.7292602361358	-35.7724349544477
			75.688236801555	-35.7724349544477
			75.6472133669742	-35.7724349544477
			75.6061899323934	-35.7724349544477
			75.5651664978126	-35.7724349544477
			75.5241430632318	-35.7724349544477
			75.483119628651	-35.7724349544477
			75.4420961940702	-35.7724349544477
			75.4010727594895	-35.7724349544477
			75.3600493249087	-35.7724349544477
			75.3190258903279	-35.7724349544477
			75.2780024557471	-35.7724349544477
			75.2369790211663	-35.7724349544477
			75.1959555865855	-35.7724349544477
			75.1549321520047	-35.7724349544477
			75.1139087174239	-35.7724349544477
			75.0728852828432	-35.7724349544477
			75.0318618482624	-35.7724349544477
			74.9908384136816	-35.7724349544477
			74.9498149791008	-35.7724349544477
			74.90879154452	-35.7724349544477
			74.8677681099392	-35.7724349544477
			74.8267446753584	-35.7724349544477
			74.7857212407776	-35.7724349544477
			74.7446978061968	-35.7724349544477
			74.7036743716161	-35.7314115198669
			74.6626509370353	-35.7314115198669
			74.6216275024545	-35.7314115198669
			74.5806040678737	-35.7314115198669
			74.5395806332929	-35.7314115198669
			74.4985571987121	-35.7314115198669
			74.4575337641313	-35.7314115198669
			74.4165103295505	-35.7314115198669
			74.3754868949698	-35.7314115198669
			74.334463460389	-35.7314115198669
			74.2934400258082	-35.7314115198669
			74.2524165912274	-35.7314115198669
			74.2113931566466	-35.7314115198669
			74.1703697220658	-35.7314115198669
			74.129346287485	-35.7314115198669
			74.0883228529042	-35.7314115198669
			74.0472994183234	-35.7314115198669
			74.0062759837427	-35.7314115198669
			73.9652525491619	-35.7314115198669
			73.9242291145811	-35.7314115198669
			73.8832056800003	-35.7314115198669
			73.8421822454195	-35.7314115198669
			73.8011588108387	-35.7314115198669
			73.7601353762579	-35.7314115198669
			73.7191119416771	-35.7314115198669
			73.6780885070963	-35.7314115198669
			73.6370650725156	-35.7314115198669
			73.5960416379348	-35.7314115198669
			73.555018203354	-35.7314115198669
			73.5139947687732	-35.7314115198669
			73.4729713341924	-35.7314115198669
			73.4319478996116	-35.7314115198669
			73.3909244650308	-35.7314115198669
			73.34990103045	-35.7314115198669
			73.3088775958692	-35.7314115198669
			73.2678541612885	-35.7314115198669
			73.2268307267077	-35.7314115198669
			73.1858072921269	-35.7314115198669
			73.1447838575461	-35.7314115198669
			73.1037604229653	-35.7314115198669
			73.0627369883845	-35.7314115198669
			73.0217135538037	-35.7314115198669
			72.9806901192229	-35.7314115198669
			72.9396666846421	-35.7314115198669
			72.8986432500614	-35.7314115198669
			72.8576198154806	-35.7314115198669
			72.8165963808998	-35.7314115198669
			72.775572946319	-35.7314115198669
			72.7345495117382	-35.7314115198669
			72.6935260771574	-35.7314115198669
			72.6525026425766	-35.7314115198669
			72.6114792079958	-35.7314115198669
			72.570455773415	-35.7314115198669
			72.5294323388343	-35.7314115198669
			72.4884089042535	-35.7314115198669
			72.4473854696727	-35.7314115198669
			72.4063620350919	-35.7314115198669
			72.3653386005111	-35.7314115198669
			72.3243151659303	-35.7314115198669
			72.2832917313495	-35.7314115198669
			72.2422682967687	-35.7314115198669
			72.2012448621879	-35.7314115198669
			72.1602214276072	-35.7314115198669
			72.1191979930264	-35.7314115198669
			72.0781745584456	-35.7314115198669
			72.0371511238648	-35.7314115198669
			71.996127689284	-35.7314115198669
			71.9551042547032	-35.7314115198669
			71.9140808201224	-35.7314115198669
			71.8730573855416	-35.7314115198669
			71.8320339509608	-35.7314115198669
			71.7910105163801	-35.7724349544477
			71.7499870817993	-35.7724349544477
			71.7089636472185	-35.7724349544477
			71.6679402126377	-35.7724349544477
			71.6269167780569	-35.7724349544477
			71.5858933434761	-35.7724349544477
			71.5448699088953	-35.7724349544477
			71.5038464743145	-35.7724349544477
			71.4628230397338	-35.7724349544477
			71.421799605153	-35.7724349544477
			71.3807761705722	-35.7724349544477
			71.3397527359914	-35.7724349544477
			71.2987293014106	-35.7724349544477
			71.2577058668298	-35.7724349544477
			71.216682432249	-35.7724349544477
		</Tail2>
		<AnalFin type=matrix rownames=FALSE colnames=FALSE nrow=78 ncol=2 as.numeric=TRUE >
			71.216682432249	-35.7724349544477
			71.1756589976682	-35.7724349544477
			71.1346355630874	-35.7724349544477
			71.0936121285067	-35.7724349544477
			71.0525886939259	-35.7724349544477
			71.0115652593451	-35.7724349544477
			70.9705418247643	-35.7724349544477
			70.9295183901835	-35.7724349544477
			70.8884949556027	-35.7724349544477
			70.8474715210219	-35.7724349544477
			70.8064480864411	-35.7724349544477
			70.7654246518604	-35.8134583890285
			70.7244012172796	-35.8134583890285
			70.6833777826988	-35.8134583890285
			70.642354348118	-35.8134583890285
			70.6013309135372	-35.8134583890285
			70.5603074789564	-35.8134583890285
			70.5192840443756	-35.8134583890285
			70.4782606097948	-35.8134583890285
			70.437237175214	-35.8544818236092
			70.3962137406333	-35.8544818236092
			70.3551903060525	-35.8544818236092
			70.3141668714717	-35.8544818236092
			70.2731434368909	-35.8544818236092
			70.2321200023101	-35.8544818236092
			70.1910965677293	-35.89550525819
			70.1500731331485	-35.89550525819
			70.1090496985677	-35.89550525819
			70.068026263987	-35.89550525819
			70.0270028294062	-35.89550525819
			69.9859793948254	-35.9365286927708
			69.9449559602446	-35.9365286927708
			69.9039325256638	-35.9365286927708
			69.862909091083	-35.9775521273516
			69.8218856565022	-35.9775521273516
			69.7808622219214	-35.9775521273516
			69.7398387873406	-36.0185755619324
			69.6988153527599	-36.0185755619324
			69.6577919181791	-36.0185755619324
			69.6167684835983	-36.0595989965132
			69.5757450490175	-36.0595989965132
			69.5347216144367	-36.0595989965132
			69.4936981798559	-36.100622431094
			69.4526747452751	-36.100622431094
			69.4116513106943	-36.100622431094
			69.4116513106943	-36.1416458656748
			69.3706278761135	-36.1416458656748
			69.3296044415328	-36.1416458656748
			69.288581006952	-36.1826693002556
			69.2475575723712	-36.1826693002556
			69.2065341377904	-36.2236927348363
			69.1655107032096	-36.2236927348363
			69.1244872686288	-36.2647161694171
			69.083463834048	-36.2647161694171
			69.0424403994672	-36.3057396039979
			69.0014169648864	-36.3057396039979
			68.9603935303057	-36.3467630385787
			68.9193700957249	-36.3467630385787
			68.9193700957249	-36.3877864731595
			68.8783466611441	-36.3877864731595
			68.8373232265633	-36.4288099077403
			68.7962997919825	-36.4288099077403
			68.7552763574017	-36.4698333423211
			68.7142529228209	-36.4698333423211
			68.6732294882401	-36.5108567769019
			68.6322060536593	-36.5108567769019
			68.5911826190786	-36.5518802114827
			68.5911826190786	-36.5929036460634
			68.5501591844978	-36.5929036460634
			68.509135749917	-36.6339270806442
			68.4681123153362	-36.6339270806442
			68.4270888807554	-36.674950515225
			68.3860654461746	-36.7159739498058
			68.3450420115938	-36.7159739498058
			68.3450420115938	-36.7569973843866
			68.304018577013	-36.7980208189674
			68.2629951424322	-36.7980208189674
			68.2219717078515	-36.8390442535482
		</AnalFin>
		<Pectfin type=matrix rownames=FALSE colnames=FALSE nrow=62 ncol=2 as.numeric=TRUE >
			54.725261730772	-32.7777242300501
			54.725261730772	-32.8187476646309
			54.7662851653528	-32.8597710992117
			54.7662851653528	-32.9007945337925
			54.8073085999336	-32.9418179683733
			54.8073085999336	-32.982841402954
			54.8073085999336	-33.0238648375348
			54.8483320345144	-33.0648882721156
			54.8483320345144	-33.1059117066964
			54.8483320345144	-33.1469351412772
			54.8483320345144	-33.187958575858
			54.8893554690952	-33.187958575858
			54.8893554690952	-33.2289820104388
			54.8893554690952	-33.2700054450196
			54.8893554690952	-33.3110288796004
			54.930378903676	-33.3520523141811
			54.930378903676	-33.3930757487619
			54.930378903676	-33.4340991833427
			54.930378903676	-33.4751226179235
			54.930378903676	-33.5161460525043
			54.9714023382567	-33.5161460525043
			54.9714023382567	-33.5571694870851
			54.9714023382567	-33.5981929216659
			54.9714023382567	-33.6392163562467
			54.9714023382567	-33.6802397908275
			54.9714023382567	-33.7212632254082
			54.9714023382567	-33.762286659989
			55.0124257728375	-33.8033100945698
			55.0124257728375	-33.8443335291506
			55.0124257728375	-33.8853569637314
			55.0124257728375	-33.9263803983122
			55.0124257728375	-33.967403832893
			55.0124257728375	-34.0084272674738
			55.0124257728375	-34.0494507020545
			55.0124257728375	-34.0904741366353
			55.0124257728375	-34.1314975712161
			55.0124257728375	-34.1725210057969
			55.0124257728375	-34.2135444403777
			55.0124257728375	-34.2545678749585
			55.0124257728375	-34.2955913095393
			55.0124257728375	-34.3366147441201
			55.0124257728375	-34.3776381787009
			55.0124257728375	-34.4186616132816
			55.0124257728375	-34.4596850478624
			54.9714023382567	-34.5007084824432
			54.9714023382567	-34.541731917024
			54.9714023382567	-34.5827553516048
			54.9714023382567	-34.6237787861856
			54.9714023382567	-34.6648022207664
			54.9714023382567	-34.7058256553472
			54.930378903676	-34.7468490899279
			54.930378903676	-34.7878725245087
			54.930378903676	-34.8288959590895
			54.930378903676	-34.8699193936703
			54.8893554690952	-34.9109428282511
			54.8893554690952	-34.9519662628319
			54.8893554690952	-34.9929896974127
			54.8483320345144	-34.9929896974127
			54.8483320345144	-35.0340131319935
			54.8483320345144	-35.0750365665743
			54.8073085999336	-35.116060001155
			54.8073085999336	-35.1570834357358
		</Pectfin>
		<Opercle type=matrix rownames=FALSE colnames=FALSE nrow=196 ncol=2 as.numeric=TRUE >
			53.9047930391562	-29.6599432019102
			53.9047930391562	-29.700966636491
			53.945816473737	-29.700966636491
			53.945816473737	-29.7419900710717
			53.945816473737	-29.7830135056525
			53.945816473737	-29.8240369402333
			53.9868399083178	-29.8650603748141
			53.9868399083178	-29.9060838093949
			53.9868399083178	-29.9471072439757
			53.9868399083178	-29.9881306785565
			53.9868399083178	-30.0291541131373
			54.0278633428986	-30.070177547718
			54.0278633428986	-30.1112009822988
			54.0278633428986	-30.1522244168796
			54.0278633428986	-30.1932478514604
			54.0278633428986	-30.2342712860412
			54.0278633428986	-30.275294720622
			54.0278633428986	-30.3163181552028
			54.0278633428986	-30.3573415897836
			54.0278633428986	-30.3983650243644
			54.0278633428986	-30.4393884589451
			54.0278633428986	-30.4804118935259
			54.0278633428986	-30.5214353281067
			54.0278633428986	-30.5624587626875
			54.0278633428986	-30.6034821972683
			54.0278633428986	-30.6445056318491
			54.0278633428986	-30.6855290664299
			54.0278633428986	-30.7265525010107
			54.0278633428986	-30.7675759355915
			54.0278633428986	-30.8085993701722
			54.0278633428986	-30.849622804753
			54.0278633428986	-30.8906462393338
			54.0278633428986	-30.9316696739146
			53.9868399083178	-30.9726931084954
			53.9868399083178	-31.0137165430762
			53.9868399083178	-31.054739977657
			53.9868399083178	-31.0957634122378
			53.9868399083178	-31.1367868468186
			53.9868399083178	-31.1778102813993
			53.9868399083178	-31.2188337159801
			53.9868399083178	-31.2598571505609
			53.9868399083178	-31.3008805851417
			53.9868399083178	-31.3419040197225
			53.9868399083178	-31.3829274543033
			53.945816473737	-31.4239508888841
			53.945816473737	-31.4649743234649
			53.945816473737	-31.5059977580457
			53.945816473737	-31.5470211926264
			53.945816473737	-31.5880446272072
			53.945816473737	-31.629068061788
			53.945816473737	-31.6700914963688
			53.945816473737	-31.7111149309496
			53.9047930391562	-31.7521383655304
			53.9047930391562	-31.7931618001112
			53.9047930391562	-31.834185234692
			53.9047930391562	-31.8752086692727
			53.8637696045754	-31.9162321038535
			53.8637696045754	-31.9572555384343
			53.8227461699947	-31.9982789730151
			53.8227461699947	-32.0393024075959
			53.7817227354139	-32.0393024075959
			53.7817227354139	-32.0803258421767
			53.7406993008331	-32.1213492767575
			53.6996758662523	-32.1623727113383
			53.6996758662523	-32.2033961459191
			53.6586524316715	-32.2033961459191
			53.6586524316715	-32.2444195804998
			53.6176289970907	-32.2854430150806
			53.5766055625099	-32.3264664496614
			53.5766055625099	-32.3674898842422
			53.5355821279291	-32.3674898842422
			53.5355821279291	-32.408513318823
			53.4945586933483	-32.4495367534038
			53.4535352587676	-32.4905601879846
			53.4125118241868	-32.5315836225654
			53.371488389606	-32.5726070571462
			53.3304649550252	-32.6136304917269
			53.3304649550252	-32.6546539263077
			53.2894415204444	-32.6956773608885
			53.2484180858636	-32.7367007954693
			53.2073946512828	-32.7777242300501
			53.166371216702	-32.8187476646309
			53.1253477821212	-32.8597710992117
			53.1253477821212	-32.9007945337925
			53.0843243475405	-32.9418179683733
			53.0433009129597	-32.982841402954
			53.0022774783789	-32.982841402954
			52.9612540437981	-33.0238648375348
			52.9202306092173	-33.0648882721156
			52.8792071746365	-33.1059117066964
			52.8381837400557	-33.1469351412772
			52.7971603054749	-33.187958575858
			52.7561368708942	-33.2289820104388
			52.7151134363134	-33.2700054450196
			52.6740900017326	-33.3110288796004
			52.6330665671518	-33.3520523141811
			52.592043132571	-33.3930757487619
			52.5510196979902	-33.4340991833427
			52.5099962634094	-33.4751226179235
			52.4689728288286	-33.5161460525043
			52.4279493942478	-33.5161460525043
			52.3869259596671	-33.5571694870851
			52.3459025250863	-33.5981929216659
			52.3048790905055	-33.6392163562467
			52.2638556559247	-33.6802397908275
			52.2228322213439	-33.7212632254082
			52.1818087867631	-33.762286659989
			52.1407853521823	-33.8033100945698
			52.0997619176015	-33.8033100945698
			52.0587384830207	-33.8443335291506
			52.0587384830207	-33.8853569637314
			52.01771504844	-33.8853569637314
			51.9766916138592	-33.9263803983122
			51.9356681792784	-33.9263803983122
			51.8946447446976	-33.967403832893
			51.8536213101168	-33.967403832893
			51.812597875536	-34.0084272674738
			51.7715744409552	-34.0084272674738
			51.7305510063744	-34.0494507020545
			51.6895275717936	-34.0494507020545
			51.6485041372129	-34.0904741366353
			51.6074807026321	-34.0904741366353
			51.5664572680513	-34.0904741366353
			51.5664572680513	-34.1314975712161
			51.5254338334705	-34.1314975712161
			51.4844103988897	-34.1314975712161
			51.4433869643089	-34.1725210057969
			51.4023635297281	-34.1725210057969
			51.3613400951473	-34.1725210057969
			51.3613400951473	-34.2135444403777
			51.3203166605665	-34.2135444403777
			51.2792932259858	-34.2135444403777
			51.238269791405	-34.2545678749585
			51.1972463568242	-34.2545678749585
			51.1562229222434	-34.2955913095393
			51.1151994876626	-34.2955913095393
			51.0741760530818	-34.2955913095393
			51.033152618501	-34.2955913095393
			50.9921291839202	-34.3366147441201
			50.9511057493395	-34.3366147441201
			50.9100823147587	-34.3366147441201
			50.8690588801779	-34.3776381787009
			50.8280354455971	-34.3776381787009
			50.7870120110163	-34.3776381787009
			50.7459885764355	-34.3776381787009
			50.7049651418547	-34.4186616132816
			50.6639417072739	-34.4186616132816
			50.6229182726931	-34.4186616132816
			50.5818948381124	-34.4186616132816
			50.5408714035316	-34.4186616132816
			50.4998479689508	-34.4186616132816
			50.45882453437	-34.4596850478624
			50.4178010997892	-34.4596850478624
			50.3767776652084	-34.4596850478624
			50.3357542306276	-34.4596850478624
			50.2947307960468	-34.4596850478624
			50.253707361466	-34.4596850478624
			50.2126839268853	-34.4596850478624
			50.1716604923045	-34.4596850478624
			50.1306370577237	-34.4596850478624
			50.0896136231429	-34.4596850478624
			50.0485901885621	-34.4596850478624
			50.0075667539813	-34.4596850478624
			49.9665433194005	-34.4596850478624
			49.9255198848197	-34.4596850478624
			49.8844964502389	-34.4596850478624
			49.8434730156582	-34.4186616132816
			49.8024495810774	-34.4186616132816
			49.7614261464966	-34.4186616132816
			49.7204027119158	-34.4186616132816
			49.679379277335	-34.4186616132816
			49.6383558427542	-34.4186616132816
			49.5973324081734	-34.3776381787009
			49.5563089735926	-34.3776381787009
			49.5152855390118	-34.3366147441201
			49.4742621044311	-34.3366147441201
			49.4332386698503	-34.3366147441201
			49.3922152352695	-34.2955913095393
			49.3511918006887	-34.2955913095393
			49.3101683661079	-34.2545678749585
			49.2691449315271	-34.2545678749585
			49.2281214969463	-34.2135444403777
			49.1870980623655	-34.2135444403777
			49.1460746277848	-34.1725210057969
			49.105051193204	-34.1314975712161
			49.0640277586232	-34.1314975712161
			49.0230043240424	-34.0904741366353
			48.9819808894616	-34.0494507020545
			48.9409574548808	-34.0494507020545
			48.8999340203	-34.0084272674738
			48.8589105857192	-33.967403832893
			48.8178871511384	-33.9263803983122
			48.7768637165577	-33.9263803983122
			48.7768637165577	-33.8853569637314
			48.7358402819769	-33.8443335291506
			48.6948168473961	-33.8033100945698
		</Opercle>
		<Preopercle type=matrix rownames=FALSE colnames=FALSE nrow=71 ncol=2 as.numeric=TRUE >
			50.2947307960468	-31.1367868468186
			50.2947307960468	-31.1778102813993
			50.2947307960468	-31.2188337159801
			50.253707361466	-31.2598571505609
			50.253707361466	-31.3008805851417
			50.253707361466	-31.3419040197225
			50.253707361466	-31.3829274543033
			50.253707361466	-31.4239508888841
			50.2126839268853	-31.4649743234649
			50.2126839268853	-31.5059977580457
			50.2126839268853	-31.5470211926264
			50.2126839268853	-31.5880446272072
			50.1716604923045	-31.629068061788
			50.1716604923045	-31.6700914963688
			50.1716604923045	-31.7111149309496
			50.1306370577237	-31.7521383655304
			50.1306370577237	-31.7931618001112
			50.1306370577237	-31.834185234692
			50.0896136231429	-31.8752086692727
			50.0896136231429	-31.9162321038535
			50.0896136231429	-31.9572555384343
			50.0485901885621	-31.9982789730151
			50.0485901885621	-32.0393024075959
			50.0485901885621	-32.0803258421767
			50.0075667539813	-32.1213492767575
			50.0075667539813	-32.1623727113383
			50.0075667539813	-32.2033961459191
			49.9665433194005	-32.2033961459191
			49.9665433194005	-32.2444195804998
			49.9255198848197	-32.2854430150806
			49.9255198848197	-32.3264664496614
			49.8844964502389	-32.3674898842422
			49.8844964502389	-32.408513318823
			49.8844964502389	-32.4495367534038
			49.8434730156582	-32.4905601879846
			49.8024495810774	-32.5315836225654
			49.8024495810774	-32.5726070571462
			49.7614261464966	-32.6136304917269
			49.7204027119158	-32.6546539263077
			49.7204027119158	-32.6956773608885
			49.679379277335	-32.7367007954693
			49.679379277335	-32.7777242300501
			49.6383558427542	-32.8187476646309
			49.5973324081734	-32.8597710992117
			49.5973324081734	-32.9007945337925
			49.5563089735926	-32.9418179683733
			49.5152855390118	-32.982841402954
			49.4742621044311	-33.0238648375348
			49.4742621044311	-33.0648882721156
			49.4332386698503	-33.1059117066964
			49.3922152352695	-33.1469351412772
			49.3511918006887	-33.187958575858
			49.3511918006887	-33.2289820104388
			49.3101683661079	-33.2289820104388
			49.2691449315271	-33.2700054450196
			49.2281214969463	-33.3110288796004
			49.1870980623655	-33.3520523141811
			49.1870980623655	-33.3930757487619
			49.1460746277848	-33.4340991833427
			49.105051193204	-33.4751226179235
			49.0640277586232	-33.4751226179235
			49.0230043240424	-33.5161460525043
			48.9819808894616	-33.5571694870851
			48.9409574548808	-33.5981929216659
			48.9409574548808	-33.6392163562467
			48.8999340203	-33.6392163562467
			48.8589105857192	-33.6802397908275
			48.8178871511384	-33.7212632254082
			48.7768637165577	-33.762286659989
			48.7358402819769	-33.762286659989
			48.6948168473961	-33.8033100945698
		</Preopercle>
	</curves.scaled>
	<ruler.points type=matrix rownames=TRUE colnames=FALSE nrow=2 ncol=2 as.numeric=TRUE >
		Ruler point 1	998	390
		Ruler point 2	984	1009
	</ruler.points>
</shapes>

