<shapes type=list>
	<ruler.pixel type=vector names=FALSE length=1 as.numeric=TRUE >649.11093042715</ruler.pixel>
	<ruler.interval type=vector names=FALSE length=1 as.numeric=TRUE >25.4</ruler.interval>
	<scaling.units type=vector names=FALSE length=1 as.numeric=FALSE >mm</scaling.units>
	<scaling type=vector names=FALSE length=1 as.numeric=TRUE >0.0391304456748024</scaling>
	<landmarks.pixel type=matrix rownames=TRUE colnames=FALSE nrow=12 ncol=2 as.numeric=TRUE >
		LM1	1474	1088
		LM2	1874	980
		LM3	2239	1006
		LM4	2248	1104
		LM5	2057	1119
		LM6	1965	1179
		LM7	1681	1139
		LM8	1691	1186
		LM9	1661	1071
		LM10	1592	1180
		LM11	1609	1104
		LM12	1567	1041
	</landmarks.pixel>
	<landmarks.scaled type=matrix rownames=TRUE colnames=FALSE nrow=12 ncol=2 as.numeric=TRUE >
		LM1	57.6782769246587	-42.573924894185
		LM2	73.3304551945796	-38.3478367613063
		LM3	87.6130678658825	-39.3652283488512
		LM4	87.9652418769557	-43.2000120249818
		LM5	80.4913267530685	-43.7869687101038
		LM6	76.8913257509867	-46.134795450592
		LM7	65.7782791793428	-44.5695776235999
		LM8	66.1695836360908	-46.4087085703156
		LM9	64.9956702658467	-41.9087073177133
		LM10	62.2956695142854	-46.1739258962668
		LM11	62.960887090757	-43.2000120249818
		LM12	61.3174083724153	-40.7347939474693
	</landmarks.scaled>
	<curves.control type=list>
		<Eye type=matrix rownames=FALSE colnames=FALSE nrow=7 ncol=2 as.numeric=TRUE >
			1567	1041
			1611	1056
			1582	1104
			1540	1133
			1520	1099
			1502	1053
			1567	1041
		</Eye>
		<Head type=matrix rownames=FALSE colnames=FALSE nrow=19 ncol=2 as.numeric=TRUE >
			1474	1088
			1475	1083
			1489	1076
			1495	1072
			1497	1066
			1505	1064
			1510	1058
			1536	1040
			1562	1036
			1570	1035
			1609	1021
			1654	1013
			1680	1012
			1705	1004
			1769	999
			1811	996
			1846	982
			1859	979
			1874	980
		</Head>
		<Tail1 type=matrix rownames=FALSE colnames=FALSE nrow=11 ncol=2 as.numeric=TRUE >
			1874	980
			1912	978
			1959	988
			2007	1000
			2054	1006
			2101	1008
			2136	1009
			2164	1009
			2189	1006
			2214	1004
			2239	1006
		</Tail1>
		<End type=matrix rownames=FALSE colnames=FALSE nrow=5 ncol=2 as.numeric=TRUE >
			2239	1006
			2284	1008
			2284	1048
			2292	1092
			2248	1104
		</End>
		<Tail2 type=matrix rownames=FALSE colnames=FALSE nrow=7 ncol=2 as.numeric=TRUE >
			2248	1104
			2213	1104
			2172	1104
			2140	1105
			2107	1107
			2081	1111
			2057	1119
		</Tail2>
		<AnalFin type=matrix rownames=FALSE colnames=FALSE nrow=5 ncol=2 as.numeric=TRUE >
			2057	1119
			2031	1131
			2007	1147
			1988	1159
			1965	1179
		</AnalFin>
		<Pectfin type=matrix rownames=FALSE colnames=FALSE nrow=5 ncol=2 as.numeric=TRUE >
			1681	1139
			1686	1147
			1690	1156
			1691	1168
			1691	1186
		</Pectfin>
		<Opercle type=matrix rownames=FALSE colnames=FALSE nrow=9 ncol=2 as.numeric=TRUE >
			1661	1071
			1666	1091
			1665	1110
			1662	1130
			1654	1145
			1645	1163
			1628	1175
			1604	1184
			1592	1180
		</Opercle>
		<Preopercle type=matrix rownames=FALSE colnames=FALSE nrow=5 ncol=2 as.numeric=TRUE >
			1609	1104
			1608	1120
			1606	1141
			1601	1159
			1592	1180
		</Preopercle>
	</curves.control>
	<curves.pixel type=list>
		<Eye type=matrix rownames=FALSE colnames=FALSE nrow=229 ncol=2 as.numeric=TRUE >
			1567	1041
			1568	1041
			1569	1042
			1570	1042
			1571	1043
			1572	1043
			1573	1043
			1574	1044
			1575	1044
			1576	1045
			1577	1045
			1578	1046
			1579	1046
			1579	1047
			1580	1047
			1581	1048
			1582	1048
			1582	1049
			1583	1049
			1584	1050
			1584	1051
			1585	1051
			1586	1052
			1587	1053
			1588	1054
			1588	1055
			1589	1056
			1590	1057
			1591	1058
			1591	1059
			1591	1060
			1592	1061
			1592	1062
			1592	1063
			1593	1063
			1593	1064
			1593	1065
			1593	1066
			1593	1067
			1593	1068
			1593	1069
			1593	1070
			1594	1071
			1593	1072
			1593	1073
			1593	1074
			1593	1075
			1593	1076
			1593	1077
			1593	1078
			1593	1079
			1593	1080
			1592	1080
			1592	1081
			1592	1082
			1592	1083
			1591	1084
			1591	1085
			1591	1086
			1590	1087
			1590	1088
			1590	1089
			1589	1090
			1589	1091
			1589	1092
			1588	1093
			1588	1094
			1587	1095
			1587	1096
			1586	1097
			1586	1098
			1585	1099
			1585	1100
			1584	1101
			1583	1102
			1583	1103
			1582	1104
			1581	1105
			1580	1105
			1579	1106
			1578	1106
			1577	1107
			1577	1108
			1576	1108
			1575	1109
			1574	1109
			1573	1110
			1572	1110
			1571	1111
			1570	1111
			1569	1111
			1569	1112
			1568	1112
			1567	1113
			1566	1113
			1565	1113
			1564	1114
			1563	1114
			1562	1115
			1561	1115
			1560	1115
			1559	1116
			1558	1116
			1557	1116
			1556	1116
			1555	1117
			1554	1117
			1553	1117
			1552	1117
			1551	1117
			1550	1117
			1549	1117
			1548	1117
			1547	1117
			1546	1117
			1545	1117
			1544	1117
			1543	1117
			1542	1117
			1541	1116
			1540	1116
			1539	1116
			1538	1116
			1537	1115
			1536	1115
			1535	1114
			1534	1114
			1534	1113
			1533	1113
			1532	1112
			1531	1112
			1530	1111
			1529	1111
			1529	1110
			1528	1109
			1527	1108
			1526	1108
			1526	1107
			1525	1106
			1524	1105
			1523	1104
			1523	1103
			1522	1102
			1521	1101
			1521	1100
			1520	1099
			1520	1098
			1519	1097
			1519	1096
			1519	1095
			1518	1094
			1518	1093
			1518	1092
			1517	1091
			1517	1090
			1517	1089
			1517	1088
			1517	1087
			1516	1086
			1516	1085
			1516	1084
			1516	1083
			1516	1082
			1516	1081
			1516	1080
			1516	1079
			1516	1078
			1516	1077
			1516	1076
			1517	1075
			1517	1074
			1517	1073
			1517	1072
			1518	1071
			1518	1070
			1518	1069
			1519	1068
			1519	1067
			1520	1066
			1520	1065
			1521	1064
			1522	1063
			1523	1062
			1523	1061
			1524	1060
			1525	1059
			1526	1058
			1527	1057
			1528	1056
			1529	1055
			1530	1055
			1531	1054
			1532	1053
			1533	1053
			1534	1052
			1535	1051
			1536	1051
			1537	1050
			1538	1050
			1539	1049
			1540	1049
			1541	1048
			1542	1048
			1543	1048
			1544	1047
			1545	1047
			1546	1047
			1547	1046
			1548	1046
			1549	1045
			1550	1045
			1551	1045
			1552	1045
			1552	1044
			1553	1044
			1554	1044
			1555	1044
			1556	1043
			1557	1043
			1558	1043
			1559	1043
			1560	1042
			1561	1042
			1562	1042
			1563	1042
			1564	1042
			1565	1041
			1566	1041
			1567	1041
		</Eye>
		<Head type=matrix rownames=FALSE colnames=FALSE nrow=419 ncol=2 as.numeric=TRUE >
			1474	1088
			1474	1087
			1475	1086
			1475	1085
			1476	1084
			1477	1083
			1478	1082
			1479	1082
			1480	1081
			1481	1080
			1482	1080
			1483	1079
			1484	1079
			1485	1078
			1486	1078
			1487	1077
			1488	1076
			1489	1076
			1490	1075
			1491	1075
			1491	1074
			1492	1074
			1493	1073
			1494	1072
			1495	1071
			1495	1070
			1496	1069
			1496	1068
			1496	1067
			1497	1067
			1497	1066
			1498	1066
			1499	1065
			1500	1065
			1501	1065
			1502	1064
			1503	1064
			1504	1063
			1505	1062
			1506	1061
			1507	1061
			1508	1060
			1509	1060
			1509	1059
			1510	1058
			1511	1057
			1512	1057
			1513	1056
			1514	1055
			1515	1055
			1516	1054
			1517	1054
			1517	1053
			1518	1053
			1519	1052
			1520	1052
			1521	1051
			1522	1051
			1523	1050
			1524	1050
			1524	1049
			1525	1049
			1526	1048
			1527	1048
			1528	1047
			1529	1047
			1530	1046
			1531	1046
			1532	1045
			1533	1045
			1534	1044
			1535	1044
			1536	1043
			1537	1043
			1538	1043
			1539	1042
			1540	1042
			1541	1041
			1542	1041
			1543	1041
			1544	1040
			1545	1040
			1546	1040
			1547	1039
			1548	1039
			1549	1039
			1550	1039
			1551	1038
			1552	1038
			1553	1038
			1554	1038
			1555	1037
			1556	1037
			1557	1037
			1558	1037
			1559	1036
			1560	1036
			1561	1036
			1562	1036
			1563	1036
			1564	1036
			1565	1035
			1566	1035
			1567	1035
			1568	1035
			1569	1034
			1570	1034
			1571	1034
			1572	1033
			1573	1033
			1574	1033
			1575	1033
			1576	1032
			1577	1032
			1578	1032
			1579	1031
			1580	1031
			1581	1031
			1582	1030
			1583	1030
			1584	1030
			1585	1029
			1586	1029
			1587	1029
			1588	1028
			1589	1028
			1590	1028
			1591	1027
			1592	1027
			1593	1026
			1594	1026
			1595	1026
			1596	1026
			1596	1025
			1597	1025
			1598	1025
			1599	1025
			1599	1024
			1600	1024
			1601	1024
			1602	1024
			1602	1023
			1603	1023
			1604	1023
			1605	1022
			1606	1022
			1607	1022
			1608	1021
			1609	1021
			1610	1021
			1611	1021
			1612	1020
			1613	1020
			1614	1020
			1615	1020
			1616	1020
			1617	1020
			1618	1019
			1619	1019
			1620	1019
			1621	1019
			1622	1019
			1623	1019
			1624	1018
			1625	1018
			1626	1018
			1627	1018
			1628	1018
			1629	1018
			1630	1018
			1630	1017
			1631	1017
			1632	1017
			1633	1017
			1634	1017
			1635	1017
			1636	1017
			1637	1016
			1638	1016
			1639	1016
			1640	1016
			1641	1016
			1642	1016
			1643	1016
			1644	1015
			1645	1015
			1646	1015
			1647	1015
			1648	1015
			1649	1015
			1650	1015
			1651	1015
			1652	1014
			1653	1014
			1654	1014
			1655	1014
			1656	1014
			1657	1014
			1658	1014
			1659	1014
			1660	1014
			1660	1013
			1661	1013
			1662	1013
			1663	1013
			1664	1013
			1665	1013
			1666	1013
			1667	1013
			1668	1013
			1669	1013
			1670	1013
			1671	1013
			1672	1012
			1673	1012
			1674	1012
			1675	1012
			1676	1012
			1677	1012
			1678	1012
			1679	1012
			1680	1012
			1681	1012
			1682	1011
			1683	1011
			1684	1011
			1685	1011
			1685	1010
			1686	1010
			1687	1010
			1688	1010
			1689	1010
			1690	1009
			1691	1009
			1692	1009
			1693	1009
			1694	1008
			1695	1008
			1696	1008
			1697	1008
			1698	1008
			1699	1007
			1700	1007
			1701	1007
			1702	1007
			1703	1007
			1704	1006
			1705	1006
			1706	1006
			1707	1006
			1708	1006
			1709	1006
			1710	1005
			1711	1005
			1712	1005
			1713	1005
			1714	1005
			1715	1005
			1716	1005
			1717	1004
			1718	1004
			1719	1004
			1720	1004
			1721	1004
			1722	1004
			1723	1004
			1724	1003
			1725	1003
			1726	1003
			1727	1003
			1728	1003
			1729	1003
			1730	1003
			1731	1003
			1732	1003
			1733	1002
			1734	1002
			1735	1002
			1736	1002
			1737	1002
			1738	1002
			1739	1002
			1740	1002
			1741	1001
			1742	1001
			1743	1001
			1744	1001
			1745	1001
			1746	1001
			1747	1001
			1748	1001
			1749	1001
			1750	1001
			1751	1000
			1752	1000
			1753	1000
			1754	1000
			1755	1000
			1756	1000
			1757	1000
			1758	1000
			1759	1000
			1760	1000
			1761	1000
			1762	1000
			1763	999
			1764	999
			1765	999
			1766	999
			1767	999
			1768	999
			1769	999
			1770	999
			1771	999
			1772	999
			1773	999
			1774	999
			1775	999
			1776	998
			1777	998
			1778	998
			1779	998
			1780	998
			1781	998
			1782	998
			1783	998
			1784	998
			1785	997
			1786	997
			1787	997
			1788	997
			1789	997
			1790	997
			1791	997
			1792	996
			1793	996
			1794	996
			1795	996
			1796	996
			1797	996
			1798	995
			1799	995
			1800	995
			1801	995
			1802	995
			1803	995
			1804	994
			1805	994
			1806	994
			1807	994
			1808	994
			1809	993
			1810	993
			1811	993
			1812	993
			1813	992
			1814	992
			1815	992
			1816	992
			1817	991
			1818	991
			1819	991
			1820	991
			1821	990
			1822	990
			1823	990
			1824	990
			1824	989
			1825	989
			1826	989
			1827	989
			1828	988
			1829	988
			1830	988
			1831	987
			1832	987
			1833	987
			1834	986
			1835	986
			1836	986
			1837	985
			1838	985
			1839	985
			1840	984
			1841	984
			1842	983
			1843	983
			1844	983
			1845	983
			1845	982
			1846	982
			1847	982
			1848	982
			1849	981
			1850	981
			1851	981
			1852	981
			1853	981
			1854	981
			1855	980
			1856	980
			1857	980
			1858	980
			1859	980
			1860	980
			1861	980
			1862	980
			1863	980
			1864	980
			1865	980
			1866	980
			1867	980
			1868	980
			1869	980
			1870	980
			1871	980
			1872	980
			1873	980
			1874	980
		</Head>
		<Tail1 type=matrix rownames=FALSE colnames=FALSE nrow=369 ncol=2 as.numeric=TRUE >
			1874	980
			1875	980
			1876	980
			1877	980
			1878	980
			1879	980
			1880	980
			1881	980
			1882	980
			1883	980
			1884	980
			1885	980
			1886	980
			1887	980
			1888	980
			1889	980
			1890	980
			1891	980
			1892	980
			1893	980
			1894	980
			1895	980
			1896	980
			1897	980
			1898	980
			1899	980
			1900	980
			1901	980
			1902	980
			1903	980
			1904	980
			1905	980
			1906	980
			1907	980
			1908	980
			1909	981
			1910	981
			1911	981
			1912	981
			1913	981
			1914	981
			1915	981
			1916	981
			1917	981
			1918	981
			1919	981
			1920	982
			1921	982
			1922	982
			1923	982
			1924	982
			1925	982
			1926	982
			1927	982
			1928	983
			1929	983
			1930	983
			1931	983
			1932	983
			1933	983
			1934	983
			1935	984
			1936	984
			1937	984
			1938	984
			1939	984
			1940	984
			1941	985
			1942	985
			1943	985
			1944	985
			1945	985
			1946	985
			1947	986
			1948	986
			1949	986
			1950	986
			1951	986
			1952	987
			1953	987
			1954	987
			1955	987
			1956	987
			1957	988
			1958	988
			1959	988
			1960	988
			1961	989
			1962	989
			1963	989
			1964	989
			1965	989
			1966	990
			1967	990
			1968	990
			1969	990
			1970	991
			1971	991
			1972	991
			1973	991
			1974	992
			1975	992
			1976	992
			1977	992
			1978	992
			1978	993
			1979	993
			1980	993
			1981	993
			1982	993
			1983	994
			1984	994
			1985	994
			1986	994
			1987	994
			1987	995
			1988	995
			1989	995
			1990	995
			1991	995
			1992	996
			1993	996
			1994	996
			1995	996
			1996	996
			1997	997
			1998	997
			1999	997
			2000	997
			2001	997
			2002	998
			2003	998
			2004	998
			2005	998
			2006	998
			2007	999
			2008	999
			2009	999
			2010	999
			2011	999
			2012	999
			2013	1000
			2014	1000
			2015	1000
			2016	1000
			2017	1000
			2018	1001
			2019	1001
			2020	1001
			2021	1001
			2022	1001
			2023	1001
			2024	1002
			2025	1002
			2026	1002
			2027	1002
			2028	1002
			2029	1002
			2030	1003
			2031	1003
			2032	1003
			2033	1003
			2034	1003
			2035	1003
			2036	1003
			2037	1004
			2038	1004
			2039	1004
			2040	1004
			2041	1004
			2042	1004
			2043	1005
			2044	1005
			2045	1005
			2046	1005
			2047	1005
			2048	1005
			2049	1005
			2050	1006
			2051	1006
			2052	1006
			2053	1006
			2054	1006
			2055	1006
			2056	1006
			2057	1006
			2058	1006
			2059	1006
			2060	1006
			2061	1006
			2062	1006
			2063	1006
			2064	1006
			2065	1006
			2066	1006
			2067	1007
			2068	1007
			2069	1007
			2070	1007
			2071	1007
			2072	1007
			2073	1007
			2074	1007
			2075	1007
			2076	1007
			2077	1007
			2078	1007
			2079	1007
			2080	1007
			2081	1007
			2082	1007
			2083	1007
			2084	1007
			2085	1007
			2086	1007
			2087	1007
			2088	1007
			2089	1007
			2090	1007
			2091	1007
			2091	1008
			2092	1008
			2093	1008
			2094	1008
			2095	1008
			2096	1008
			2097	1008
			2098	1008
			2099	1008
			2100	1008
			2101	1008
			2102	1008
			2103	1008
			2104	1008
			2105	1008
			2106	1008
			2107	1008
			2108	1008
			2109	1008
			2110	1008
			2111	1008
			2112	1008
			2113	1008
			2114	1008
			2115	1008
			2116	1008
			2117	1008
			2118	1008
			2119	1008
			2120	1009
			2121	1009
			2122	1009
			2123	1009
			2124	1009
			2125	1009
			2126	1009
			2127	1009
			2128	1009
			2129	1009
			2130	1009
			2131	1009
			2132	1009
			2133	1009
			2134	1009
			2135	1009
			2136	1009
			2137	1009
			2138	1009
			2139	1009
			2140	1009
			2141	1009
			2142	1009
			2143	1009
			2144	1009
			2145	1009
			2146	1009
			2147	1009
			2148	1009
			2149	1009
			2150	1009
			2151	1009
			2152	1009
			2153	1009
			2154	1009
			2155	1009
			2156	1009
			2157	1009
			2158	1009
			2159	1008
			2160	1008
			2161	1008
			2162	1008
			2163	1008
			2164	1008
			2165	1008
			2166	1008
			2167	1008
			2168	1008
			2169	1008
			2170	1008
			2171	1008
			2172	1008
			2173	1008
			2174	1008
			2175	1007
			2176	1007
			2177	1007
			2178	1007
			2179	1007
			2180	1007
			2181	1007
			2182	1007
			2183	1007
			2184	1007
			2185	1006
			2186	1006
			2187	1006
			2188	1006
			2189	1006
			2190	1006
			2191	1006
			2192	1006
			2193	1006
			2194	1006
			2195	1006
			2196	1005
			2197	1005
			2198	1005
			2199	1005
			2200	1005
			2201	1005
			2202	1005
			2203	1005
			2204	1005
			2205	1005
			2206	1005
			2207	1005
			2208	1005
			2209	1005
			2210	1005
			2211	1005
			2212	1005
			2213	1005
			2214	1005
			2215	1005
			2216	1005
			2217	1005
			2218	1005
			2219	1005
			2220	1005
			2221	1005
			2222	1005
			2223	1005
			2224	1005
			2225	1005
			2226	1005
			2227	1005
			2228	1005
			2229	1005
			2230	1005
			2231	1005
			2232	1006
			2233	1006
			2234	1006
			2235	1006
			2236	1006
			2237	1006
			2238	1006
			2239	1006
		</Tail1>
		<End type=matrix rownames=FALSE colnames=FALSE nrow=140 ncol=2 as.numeric=TRUE >
			2239	1006
			2240	1006
			2241	1006
			2242	1006
			2243	1006
			2244	1006
			2245	1006
			2246	1007
			2247	1007
			2248	1007
			2249	1007
			2250	1007
			2251	1007
			2252	1008
			2253	1008
			2254	1008
			2255	1008
			2256	1008
			2256	1009
			2257	1009
			2258	1009
			2259	1009
			2260	1010
			2261	1010
			2262	1011
			2263	1011
			2264	1012
			2265	1012
			2266	1012
			2266	1013
			2267	1013
			2268	1014
			2269	1014
			2269	1015
			2270	1015
			2271	1016
			2272	1016
			2272	1017
			2273	1018
			2274	1018
			2274	1019
			2275	1020
			2276	1021
			2277	1022
			2278	1023
			2278	1024
			2279	1025
			2279	1026
			2280	1027
			2280	1028
			2281	1029
			2281	1030
			2281	1031
			2282	1032
			2282	1033
			2282	1034
			2283	1035
			2283	1036
			2283	1037
			2283	1038
			2283	1039
			2284	1040
			2284	1041
			2284	1042
			2284	1043
			2284	1044
			2284	1045
			2284	1046
			2284	1047
			2284	1048
			2284	1049
			2284	1050
			2284	1051
			2285	1052
			2285	1053
			2285	1054
			2285	1055
			2285	1056
			2285	1057
			2285	1058
			2285	1059
			2285	1060
			2285	1061
			2285	1062
			2285	1063
			2285	1064
			2285	1065
			2285	1066
			2285	1067
			2285	1068
			2285	1069
			2284	1070
			2284	1071
			2284	1072
			2284	1073
			2283	1074
			2283	1075
			2283	1076
			2282	1077
			2282	1078
			2282	1079
			2281	1080
			2281	1081
			2280	1082
			2280	1083
			2279	1084
			2278	1085
			2277	1086
			2277	1087
			2276	1088
			2275	1089
			2274	1090
			2274	1091
			2273	1092
			2272	1092
			2271	1093
			2270	1094
			2269	1095
			2268	1095
			2267	1096
			2266	1097
			2265	1097
			2264	1097
			2264	1098
			2263	1098
			2262	1099
			2261	1099
			2260	1100
			2259	1100
			2258	1101
			2257	1101
			2256	1101
			2255	1102
			2254	1102
			2253	1102
			2252	1103
			2251	1103
			2250	1104
			2249	1104
			2248	1104
		</End>
		<Tail2 type=matrix rownames=FALSE colnames=FALSE nrow=193 ncol=2 as.numeric=TRUE >
			2248	1104
			2247	1104
			2246	1104
			2245	1104
			2244	1104
			2243	1104
			2242	1104
			2241	1104
			2240	1104
			2239	1104
			2238	1104
			2237	1104
			2236	1104
			2235	1104
			2234	1104
			2233	1104
			2232	1104
			2231	1104
			2230	1104
			2229	1104
			2228	1104
			2227	1104
			2226	1104
			2225	1104
			2224	1104
			2223	1104
			2222	1104
			2221	1104
			2220	1104
			2219	1104
			2218	1104
			2217	1104
			2216	1104
			2215	1104
			2214	1104
			2213	1104
			2212	1104
			2211	1104
			2210	1104
			2209	1104
			2208	1104
			2207	1104
			2206	1104
			2205	1104
			2204	1104
			2203	1104
			2202	1104
			2201	1104
			2200	1104
			2199	1104
			2198	1104
			2197	1104
			2196	1104
			2195	1104
			2194	1104
			2193	1104
			2192	1104
			2191	1104
			2190	1104
			2189	1104
			2188	1104
			2187	1104
			2186	1104
			2185	1104
			2184	1104
			2183	1104
			2182	1104
			2181	1104
			2180	1104
			2179	1104
			2178	1104
			2177	1104
			2176	1104
			2175	1104
			2174	1104
			2173	1104
			2172	1104
			2171	1104
			2170	1104
			2169	1104
			2168	1104
			2167	1104
			2166	1104
			2165	1104
			2164	1104
			2163	1104
			2162	1104
			2161	1104
			2160	1104
			2159	1104
			2158	1104
			2157	1105
			2156	1105
			2155	1105
			2154	1105
			2153	1105
			2152	1105
			2151	1105
			2150	1105
			2149	1105
			2148	1105
			2147	1105
			2146	1105
			2145	1105
			2144	1105
			2143	1105
			2142	1105
			2141	1105
			2140	1105
			2139	1105
			2138	1105
			2137	1105
			2136	1105
			2135	1105
			2134	1106
			2133	1106
			2132	1106
			2131	1106
			2130	1106
			2129	1106
			2128	1106
			2127	1106
			2126	1106
			2125	1106
			2124	1106
			2123	1106
			2122	1106
			2121	1106
			2120	1106
			2119	1106
			2118	1106
			2117	1106
			2116	1106
			2115	1107
			2114	1107
			2113	1107
			2112	1107
			2111	1107
			2110	1107
			2109	1107
			2108	1107
			2107	1107
			2106	1107
			2105	1107
			2104	1107
			2103	1108
			2102	1108
			2101	1108
			2100	1108
			2099	1108
			2098	1108
			2098	1109
			2097	1109
			2096	1109
			2095	1109
			2094	1109
			2093	1110
			2092	1110
			2091	1110
			2090	1110
			2089	1110
			2088	1111
			2087	1111
			2086	1111
			2085	1111
			2084	1111
			2083	1112
			2082	1112
			2081	1112
			2080	1112
			2079	1113
			2078	1113
			2077	1113
			2076	1113
			2075	1114
			2074	1114
			2073	1114
			2072	1114
			2071	1115
			2070	1115
			2069	1115
			2068	1116
			2067	1116
			2066	1116
			2065	1116
			2064	1117
			2063	1117
			2062	1117
			2061	1118
			2060	1118
			2059	1118
			2058	1119
			2057	1119
		</Tail2>
		<AnalFin type=matrix rownames=FALSE colnames=FALSE nrow=103 ncol=2 as.numeric=TRUE >
			2057	1119
			2056	1119
			2055	1120
			2054	1120
			2053	1121
			2052	1121
			2051	1122
			2050	1122
			2049	1123
			2048	1123
			2047	1124
			2046	1124
			2045	1125
			2044	1125
			2043	1126
			2042	1126
			2041	1127
			2040	1127
			2039	1128
			2038	1129
			2037	1129
			2036	1130
			2035	1130
			2034	1131
			2033	1131
			2032	1132
			2031	1132
			2030	1133
			2029	1133
			2028	1134
			2027	1134
			2026	1135
			2025	1136
			2024	1136
			2023	1137
			2022	1138
			2021	1138
			2020	1139
			2019	1139
			2018	1140
			2017	1140
			2017	1141
			2016	1141
			2015	1142
			2014	1142
			2013	1143
			2012	1144
			2011	1144
			2010	1145
			2009	1146
			2008	1146
			2007	1147
			2006	1147
			2006	1148
			2005	1148
			2004	1149
			2003	1149
			2003	1150
			2002	1150
			2001	1151
			2000	1151
			2000	1152
			1999	1152
			1998	1153
			1997	1154
			1996	1154
			1996	1155
			1995	1155
			1994	1156
			1993	1156
			1993	1157
			1992	1157
			1991	1158
			1990	1159
			1989	1159
			1988	1160
			1988	1161
			1987	1161
			1986	1162
			1985	1162
			1984	1163
			1984	1164
			1983	1164
			1982	1165
			1981	1166
			1980	1166
			1979	1167
			1978	1168
			1977	1169
			1976	1170
			1975	1171
			1974	1172
			1973	1172
			1972	1173
			1971	1174
			1970	1175
			1969	1175
			1969	1176
			1968	1176
			1967	1177
			1967	1178
			1966	1178
			1965	1179
		</AnalFin>
		<Pectfin type=matrix rownames=FALSE colnames=FALSE nrow=49 ncol=2 as.numeric=TRUE >
			1681	1139
			1681	1140
			1682	1140
			1682	1141
			1683	1142
			1683	1143
			1684	1144
			1685	1145
			1685	1146
			1685	1147
			1686	1148
			1687	1149
			1687	1150
			1688	1151
			1688	1152
			1689	1153
			1689	1154
			1690	1155
			1690	1156
			1690	1157
			1690	1158
			1690	1159
			1690	1160
			1690	1161
			1690	1162
			1690	1163
			1691	1164
			1691	1165
			1691	1166
			1691	1167
			1691	1168
			1691	1169
			1691	1170
			1691	1171
			1691	1172
			1691	1173
			1691	1174
			1691	1175
			1691	1176
			1691	1177
			1691	1178
			1691	1179
			1691	1180
			1691	1181
			1691	1182
			1691	1183
			1691	1184
			1691	1185
			1691	1186
		</Pectfin>
		<Opercle type=matrix rownames=FALSE colnames=FALSE nrow=148 ncol=2 as.numeric=TRUE >
			1661	1071
			1661	1072
			1662	1073
			1662	1074
			1662	1075
			1662	1076
			1662	1077
			1663	1078
			1663	1079
			1663	1080
			1663	1081
			1663	1082
			1664	1083
			1664	1084
			1664	1085
			1664	1086
			1664	1087
			1664	1088
			1664	1089
			1664	1090
			1665	1091
			1665	1092
			1665	1093
			1665	1094
			1665	1095
			1665	1096
			1665	1097
			1665	1098
			1665	1099
			1665	1100
			1665	1101
			1665	1102
			1665	1103
			1665	1104
			1665	1105
			1665	1106
			1665	1107
			1665	1108
			1665	1109
			1665	1110
			1665	1111
			1665	1112
			1665	1113
			1664	1114
			1664	1115
			1664	1116
			1664	1117
			1664	1118
			1663	1119
			1663	1120
			1663	1121
			1663	1122
			1662	1123
			1662	1124
			1662	1125
			1661	1126
			1661	1127
			1661	1128
			1661	1129
			1660	1130
			1660	1131
			1660	1132
			1659	1133
			1659	1134
			1659	1135
			1658	1136
			1658	1137
			1657	1138
			1657	1139
			1657	1140
			1656	1140
			1656	1141
			1655	1142
			1655	1143
			1655	1144
			1654	1145
			1654	1146
			1653	1147
			1653	1148
			1652	1149
			1651	1150
			1651	1151
			1650	1152
			1650	1153
			1649	1153
			1649	1154
			1648	1155
			1647	1156
			1647	1157
			1646	1158
			1645	1159
			1645	1160
			1644	1161
			1643	1161
			1642	1162
			1642	1163
			1641	1164
			1640	1165
			1639	1166
			1638	1166
			1638	1167
			1637	1168
			1636	1169
			1635	1169
			1634	1170
			1633	1171
			1633	1172
			1632	1172
			1631	1173
			1630	1174
			1629	1174
			1628	1175
			1627	1176
			1626	1176
			1625	1176
			1624	1176
			1623	1177
			1622	1177
			1621	1177
			1620	1178
			1619	1178
			1618	1178
			1617	1179
			1616	1179
			1615	1179
			1614	1179
			1613	1180
			1612	1180
			1611	1180
			1610	1180
			1609	1180
			1608	1181
			1607	1181
			1606	1181
			1605	1181
			1604	1181
			1603	1181
			1602	1181
			1601	1181
			1600	1181
			1599	1181
			1598	1181
			1597	1181
			1596	1181
			1595	1181
			1594	1181
			1593	1180
			1592	1180
		</Opercle>
		<Preopercle type=matrix rownames=FALSE colnames=FALSE nrow=78 ncol=2 as.numeric=TRUE >
			1609	1104
			1609	1105
			1609	1106
			1609	1107
			1609	1108
			1609	1109
			1609	1110
			1609	1111
			1608	1112
			1608	1113
			1608	1114
			1608	1115
			1608	1116
			1608	1117
			1608	1118
			1608	1119
			1608	1120
			1608	1121
			1608	1122
			1608	1123
			1608	1124
			1607	1125
			1607	1126
			1607	1127
			1607	1128
			1607	1129
			1607	1130
			1607	1131
			1607	1132
			1607	1133
			1607	1134
			1607	1135
			1606	1136
			1606	1137
			1606	1138
			1606	1139
			1606	1140
			1606	1141
			1606	1142
			1605	1143
			1605	1144
			1605	1145
			1605	1146
			1604	1147
			1604	1148
			1604	1149
			1603	1150
			1603	1151
			1603	1152
			1602	1153
			1602	1154
			1602	1155
			1601	1156
			1601	1157
			1601	1158
			1600	1158
			1600	1159
			1600	1160
			1600	1161
			1599	1162
			1599	1163
			1599	1164
			1598	1165
			1598	1166
			1597	1167
			1597	1168
			1597	1169
			1596	1170
			1596	1171
			1595	1172
			1595	1173
			1595	1174
			1594	1175
			1594	1176
			1593	1177
			1593	1178
			1593	1179
			1592	1180
		</Preopercle>
	</curves.pixel>
	<curves.scaled type=list>
		<Eye type=matrix rownames=FALSE colnames=FALSE nrow=229 ncol=2 as.numeric=TRUE >
			61.3174083724153	-40.7347939474693
			61.3565388180901	-40.7347939474693
			61.3956692637649	-40.7739243931441
			61.4347997094397	-40.7739243931441
			61.4739301551145	-40.8130548388189
			61.5130606007893	-40.8130548388189
			61.5521910464641	-40.8130548388189
			61.5913214921389	-40.8521852844937
			61.6304519378137	-40.8521852844937
			61.6695823834885	-40.8913157301685
			61.7087128291633	-40.8913157301685
			61.7478432748381	-40.9304461758433
			61.7869737205129	-40.9304461758433
			61.7869737205129	-40.9695766215181
			61.8261041661877	-40.9695766215181
			61.8652346118625	-41.0087070671929
			61.9043650575373	-41.0087070671929
			61.9043650575373	-41.0478375128677
			61.9434955032121	-41.0478375128677
			61.9826259488869	-41.0869679585425
			61.9826259488869	-41.1260984042173
			62.0217563945617	-41.1260984042173
			62.0608868402366	-41.1652288498921
			62.1000172859114	-41.2043592955669
			62.1391477315862	-41.2434897412417
			62.1391477315862	-41.2826201869165
			62.178278177261	-41.3217506325913
			62.2174086229358	-41.3608810782661
			62.2565390686106	-41.4000115239409
			62.2565390686106	-41.4391419696157
			62.2565390686106	-41.4782724152905
			62.2956695142854	-41.5174028609653
			62.2956695142854	-41.5565333066401
			62.2956695142854	-41.5956637523149
			62.3347999599602	-41.5956637523149
			62.3347999599602	-41.6347941979897
			62.3347999599602	-41.6739246436645
			62.3347999599602	-41.7130550893393
			62.3347999599602	-41.7521855350141
			62.3347999599602	-41.7913159806889
			62.3347999599602	-41.8304464263637
			62.3347999599602	-41.8695768720385
			62.373930405635	-41.9087073177133
			62.3347999599602	-41.9478377633881
			62.3347999599602	-41.9869682090629
			62.3347999599602	-42.0260986547377
			62.3347999599602	-42.0652291004125
			62.3347999599602	-42.1043595460873
			62.3347999599602	-42.1434899917622
			62.3347999599602	-42.182620437437
			62.3347999599602	-42.2217508831118
			62.3347999599602	-42.2608813287866
			62.2956695142854	-42.2608813287866
			62.2956695142854	-42.3000117744614
			62.2956695142854	-42.3391422201362
			62.2956695142854	-42.378272665811
			62.2565390686106	-42.4174031114858
			62.2565390686106	-42.4565335571606
			62.2565390686106	-42.4956640028354
			62.2174086229358	-42.5347944485102
			62.2174086229358	-42.573924894185
			62.2174086229358	-42.6130553398598
			62.178278177261	-42.6521857855346
			62.178278177261	-42.6913162312094
			62.178278177261	-42.7304466768842
			62.1391477315862	-42.769577122559
			62.1391477315862	-42.8087075682338
			62.1000172859114	-42.8478380139086
			62.1000172859114	-42.8869684595834
			62.0608868402366	-42.9260989052582
			62.0608868402366	-42.965229350933
			62.0217563945617	-43.0043597966078
			62.0217563945617	-43.0434902422826
			61.9826259488869	-43.0826206879574
			61.9434955032121	-43.1217511336322
			61.9434955032121	-43.160881579307
			61.9043650575373	-43.2000120249818
			61.8652346118625	-43.2391424706566
			61.8261041661877	-43.2391424706566
			61.7869737205129	-43.2782729163314
			61.7478432748381	-43.2782729163314
			61.7087128291633	-43.3174033620062
			61.7087128291633	-43.356533807681
			61.6695823834885	-43.356533807681
			61.6304519378137	-43.3956642533558
			61.5913214921389	-43.3956642533558
			61.5521910464641	-43.4347946990306
			61.5130606007893	-43.4347946990306
			61.4739301551145	-43.4739251447054
			61.4347997094397	-43.4739251447054
			61.3956692637649	-43.4739251447054
			61.3956692637649	-43.5130555903802
			61.3565388180901	-43.5130555903802
			61.3174083724153	-43.552186036055
			61.2782779267405	-43.552186036055
			61.2391474810657	-43.552186036055
			61.2000170353909	-43.5913164817298
			61.1608865897161	-43.5913164817298
			61.1217561440413	-43.6304469274046
			61.0826256983665	-43.6304469274046
			61.0434952526917	-43.6304469274046
			61.0043648070169	-43.6695773730794
			60.9652343613421	-43.6695773730794
			60.9261039156673	-43.6695773730794
			60.8869734699925	-43.6695773730794
			60.8478430243177	-43.7087078187542
			60.8087125786429	-43.7087078187542
			60.7695821329681	-43.7087078187542
			60.7304516872933	-43.7087078187542
			60.6913212416185	-43.7087078187542
			60.6521907959437	-43.7087078187542
			60.6130603502689	-43.7087078187542
			60.5739299045941	-43.7087078187542
			60.5347994589193	-43.7087078187542
			60.4956690132445	-43.7087078187542
			60.4565385675697	-43.7087078187542
			60.4174081218949	-43.7087078187542
			60.3782776762201	-43.7087078187542
			60.3391472305453	-43.7087078187542
			60.3000167848704	-43.6695773730794
			60.2608863391956	-43.6695773730794
			60.2217558935208	-43.6695773730794
			60.182625447846	-43.6695773730794
			60.1434950021712	-43.6304469274046
			60.1043645564964	-43.6304469274046
			60.0652341108216	-43.5913164817298
			60.0261036651468	-43.5913164817298
			60.0261036651468	-43.552186036055
			59.986973219472	-43.552186036055
			59.9478427737972	-43.5130555903802
			59.9087123281224	-43.5130555903802
			59.8695818824476	-43.4739251447054
			59.8304514367728	-43.4739251447054
			59.8304514367728	-43.4347946990306
			59.791320991098	-43.3956642533558
			59.7521905454232	-43.356533807681
			59.7130600997484	-43.356533807681
			59.7130600997484	-43.3174033620062
			59.6739296540736	-43.2782729163314
			59.6347992083988	-43.2391424706566
			59.595668762724	-43.2000120249818
			59.595668762724	-43.160881579307
			59.5565383170492	-43.1217511336322
			59.5174078713744	-43.0826206879574
			59.5174078713744	-43.0434902422826
			59.4782774256996	-43.0043597966078
			59.4782774256996	-42.965229350933
			59.4391469800248	-42.9260989052582
			59.4391469800248	-42.8869684595834
			59.4391469800248	-42.8478380139086
			59.40001653435	-42.8087075682338
			59.40001653435	-42.769577122559
			59.40001653435	-42.7304466768842
			59.3608860886752	-42.6913162312094
			59.3608860886752	-42.6521857855346
			59.3608860886752	-42.6130553398598
			59.3608860886752	-42.573924894185
			59.3608860886752	-42.5347944485102
			59.3217556430004	-42.4956640028354
			59.3217556430004	-42.4565335571606
			59.3217556430004	-42.4174031114858
			59.3217556430004	-42.378272665811
			59.3217556430004	-42.3391422201362
			59.3217556430004	-42.3000117744614
			59.3217556430004	-42.2608813287866
			59.3217556430004	-42.2217508831118
			59.3217556430004	-42.182620437437
			59.3217556430004	-42.1434899917622
			59.3217556430004	-42.1043595460873
			59.3608860886752	-42.0652291004125
			59.3608860886752	-42.0260986547377
			59.3608860886752	-41.9869682090629
			59.3608860886752	-41.9478377633881
			59.40001653435	-41.9087073177133
			59.40001653435	-41.8695768720385
			59.40001653435	-41.8304464263637
			59.4391469800248	-41.7913159806889
			59.4391469800248	-41.7521855350141
			59.4782774256996	-41.7130550893393
			59.4782774256996	-41.6739246436645
			59.5174078713744	-41.6347941979897
			59.5565383170492	-41.5956637523149
			59.595668762724	-41.5565333066401
			59.595668762724	-41.5174028609653
			59.6347992083988	-41.4782724152905
			59.6739296540736	-41.4391419696157
			59.7130600997484	-41.4000115239409
			59.7521905454232	-41.3608810782661
			59.791320991098	-41.3217506325913
			59.8304514367728	-41.2826201869165
			59.8695818824476	-41.2826201869165
			59.9087123281224	-41.2434897412417
			59.9478427737972	-41.2043592955669
			59.986973219472	-41.2043592955669
			60.0261036651468	-41.1652288498921
			60.0652341108216	-41.1260984042173
			60.1043645564964	-41.1260984042173
			60.1434950021712	-41.0869679585425
			60.182625447846	-41.0869679585425
			60.2217558935208	-41.0478375128677
			60.2608863391956	-41.0478375128677
			60.3000167848704	-41.0087070671929
			60.3391472305453	-41.0087070671929
			60.3782776762201	-41.0087070671929
			60.4174081218949	-40.9695766215181
			60.4565385675697	-40.9695766215181
			60.4956690132445	-40.9695766215181
			60.5347994589193	-40.9304461758433
			60.5739299045941	-40.9304461758433
			60.6130603502689	-40.8913157301685
			60.6521907959437	-40.8913157301685
			60.6913212416185	-40.8913157301685
			60.7304516872933	-40.8913157301685
			60.7304516872933	-40.8521852844937
			60.7695821329681	-40.8521852844937
			60.8087125786429	-40.8521852844937
			60.8478430243177	-40.8521852844937
			60.8869734699925	-40.8130548388189
			60.9261039156673	-40.8130548388189
			60.9652343613421	-40.8130548388189
			61.0043648070169	-40.8130548388189
			61.0434952526917	-40.7739243931441
			61.0826256983665	-40.7739243931441
			61.1217561440413	-40.7739243931441
			61.1608865897161	-40.7739243931441
			61.2000170353909	-40.7739243931441
			61.2391474810657	-40.7347939474693
			61.2782779267405	-40.7347939474693
			61.3174083724153	-40.7347939474693
		</Eye>
		<Head type=matrix rownames=FALSE colnames=FALSE nrow=419 ncol=2 as.numeric=TRUE >
			57.6782769246587	-42.573924894185
			57.6782769246587	-42.5347944485102
			57.7174073703335	-42.4956640028354
			57.7174073703335	-42.4565335571606
			57.7565378160083	-42.4174031114858
			57.7956682616831	-42.378272665811
			57.8347987073579	-42.3391422201362
			57.8739291530327	-42.3391422201362
			57.9130595987075	-42.3000117744614
			57.9521900443823	-42.2608813287866
			57.9913204900571	-42.2608813287866
			58.0304509357319	-42.2217508831118
			58.0695813814067	-42.2217508831118
			58.1087118270815	-42.182620437437
			58.1478422727563	-42.182620437437
			58.1869727184311	-42.1434899917622
			58.2261031641059	-42.1043595460873
			58.2652336097807	-42.1043595460873
			58.3043640554555	-42.0652291004125
			58.3434945011303	-42.0652291004125
			58.3434945011303	-42.0260986547377
			58.3826249468051	-42.0260986547377
			58.4217553924799	-41.9869682090629
			58.4608858381547	-41.9478377633881
			58.5000162838295	-41.9087073177133
			58.5000162838295	-41.8695768720385
			58.5391467295043	-41.8304464263637
			58.5391467295043	-41.7913159806889
			58.5391467295043	-41.7521855350141
			58.5782771751791	-41.7521855350141
			58.5782771751791	-41.7130550893393
			58.6174076208539	-41.7130550893393
			58.6565380665287	-41.6739246436645
			58.6956685122035	-41.6739246436645
			58.7347989578784	-41.6739246436645
			58.7739294035532	-41.6347941979897
			58.813059849228	-41.6347941979897
			58.8521902949028	-41.5956637523149
			58.8913207405776	-41.5565333066401
			58.9304511862524	-41.5174028609653
			58.9695816319272	-41.5174028609653
			59.008712077602	-41.4782724152905
			59.0478425232768	-41.4782724152905
			59.0478425232768	-41.4391419696157
			59.0869729689516	-41.4000115239409
			59.1261034146264	-41.3608810782661
			59.1652338603012	-41.3608810782661
			59.204364305976	-41.3217506325913
			59.2434947516508	-41.2826201869165
			59.2826251973256	-41.2826201869165
			59.3217556430004	-41.2434897412417
			59.3608860886752	-41.2434897412417
			59.3608860886752	-41.2043592955669
			59.40001653435	-41.2043592955669
			59.4391469800248	-41.1652288498921
			59.4782774256996	-41.1652288498921
			59.5174078713744	-41.1260984042173
			59.5565383170492	-41.1260984042173
			59.595668762724	-41.0869679585425
			59.6347992083988	-41.0869679585425
			59.6347992083988	-41.0478375128677
			59.6739296540736	-41.0478375128677
			59.7130600997484	-41.0087070671929
			59.7521905454232	-41.0087070671929
			59.791320991098	-40.9695766215181
			59.8304514367728	-40.9695766215181
			59.8695818824476	-40.9304461758433
			59.9087123281224	-40.9304461758433
			59.9478427737972	-40.8913157301685
			59.986973219472	-40.8913157301685
			60.0261036651468	-40.8521852844937
			60.0652341108216	-40.8521852844937
			60.1043645564964	-40.8130548388189
			60.1434950021712	-40.8130548388189
			60.182625447846	-40.8130548388189
			60.2217558935208	-40.7739243931441
			60.2608863391956	-40.7739243931441
			60.3000167848704	-40.7347939474693
			60.3391472305453	-40.7347939474693
			60.3782776762201	-40.7347939474693
			60.4174081218949	-40.6956635017945
			60.4565385675697	-40.6956635017945
			60.4956690132445	-40.6956635017945
			60.5347994589193	-40.6565330561197
			60.5739299045941	-40.6565330561197
			60.6130603502689	-40.6565330561197
			60.6521907959437	-40.6565330561197
			60.6913212416185	-40.6174026104449
			60.7304516872933	-40.6174026104449
			60.7695821329681	-40.6174026104449
			60.8087125786429	-40.6174026104449
			60.8478430243177	-40.5782721647701
			60.8869734699925	-40.5782721647701
			60.9261039156673	-40.5782721647701
			60.9652343613421	-40.5782721647701
			61.0043648070169	-40.5391417190953
			61.0434952526917	-40.5391417190953
			61.0826256983665	-40.5391417190953
			61.1217561440413	-40.5391417190953
			61.1608865897161	-40.5391417190953
			61.2000170353909	-40.5391417190953
			61.2391474810657	-40.5000112734204
			61.2782779267405	-40.5000112734204
			61.3174083724153	-40.5000112734204
			61.3565388180901	-40.5000112734204
			61.3956692637649	-40.4608808277456
			61.4347997094397	-40.4608808277456
			61.4739301551145	-40.4608808277456
			61.5130606007893	-40.4217503820708
			61.5521910464641	-40.4217503820708
			61.5913214921389	-40.4217503820708
			61.6304519378137	-40.4217503820708
			61.6695823834885	-40.382619936396
			61.7087128291633	-40.382619936396
			61.7478432748381	-40.382619936396
			61.7869737205129	-40.3434894907212
			61.8261041661877	-40.3434894907212
			61.8652346118625	-40.3434894907212
			61.9043650575373	-40.3043590450464
			61.9434955032121	-40.3043590450464
			61.9826259488869	-40.3043590450464
			62.0217563945617	-40.2652285993716
			62.0608868402366	-40.2652285993716
			62.1000172859114	-40.2652285993716
			62.1391477315862	-40.2260981536968
			62.178278177261	-40.2260981536968
			62.2174086229358	-40.2260981536968
			62.2565390686106	-40.186967708022
			62.2956695142854	-40.186967708022
			62.3347999599602	-40.1478372623472
			62.373930405635	-40.1478372623472
			62.4130608513098	-40.1478372623472
			62.4521912969846	-40.1478372623472
			62.4521912969846	-40.1087068166724
			62.4913217426594	-40.1087068166724
			62.5304521883342	-40.1087068166724
			62.569582634009	-40.1087068166724
			62.569582634009	-40.0695763709976
			62.6087130796838	-40.0695763709976
			62.6478435253586	-40.0695763709976
			62.6869739710334	-40.0695763709976
			62.6869739710334	-40.0304459253228
			62.7261044167082	-40.0304459253228
			62.765234862383	-40.0304459253228
			62.8043653080578	-39.991315479648
			62.8434957537326	-39.991315479648
			62.8826261994074	-39.991315479648
			62.9217566450822	-39.9521850339732
			62.960887090757	-39.9521850339732
			63.0000175364318	-39.9521850339732
			63.0391479821066	-39.9521850339732
			63.0782784277814	-39.9130545882984
			63.1174088734562	-39.9130545882984
			63.156539319131	-39.9130545882984
			63.1956697648058	-39.9130545882984
			63.2348002104806	-39.9130545882984
			63.2739306561554	-39.9130545882984
			63.3130611018302	-39.8739241426236
			63.352191547505	-39.8739241426236
			63.3913219931798	-39.8739241426236
			63.4304524388546	-39.8739241426236
			63.4695828845294	-39.8739241426236
			63.5087133302042	-39.8739241426236
			63.547843775879	-39.8347936969488
			63.5869742215538	-39.8347936969488
			63.6261046672286	-39.8347936969488
			63.6652351129035	-39.8347936969488
			63.7043655585783	-39.8347936969488
			63.7434960042531	-39.8347936969488
			63.7826264499279	-39.8347936969488
			63.7826264499279	-39.795663251274
			63.8217568956027	-39.795663251274
			63.8608873412775	-39.795663251274
			63.9000177869523	-39.795663251274
			63.9391482326271	-39.795663251274
			63.9782786783019	-39.795663251274
			64.0174091239767	-39.795663251274
			64.0565395696515	-39.7565328055992
			64.0956700153263	-39.7565328055992
			64.1348004610011	-39.7565328055992
			64.1739309066759	-39.7565328055992
			64.2130613523507	-39.7565328055992
			64.2521917980255	-39.7565328055992
			64.2913222437003	-39.7565328055992
			64.3304526893751	-39.7174023599244
			64.3695831350499	-39.7174023599244
			64.4087135807247	-39.7174023599244
			64.4478440263995	-39.7174023599244
			64.4869744720743	-39.7174023599244
			64.5261049177491	-39.7174023599244
			64.5652353634239	-39.7174023599244
			64.6043658090987	-39.7174023599244
			64.6434962547735	-39.6782719142496
			64.6826267004483	-39.6782719142496
			64.7217571461231	-39.6782719142496
			64.7608875917979	-39.6782719142496
			64.8000180374727	-39.6782719142496
			64.8391484831475	-39.6782719142496
			64.8782789288223	-39.6782719142496
			64.9174093744971	-39.6782719142496
			64.9565398201719	-39.6782719142496
			64.9565398201719	-39.6391414685748
			64.9956702658467	-39.6391414685748
			65.0348007115215	-39.6391414685748
			65.0739311571963	-39.6391414685748
			65.1130616028711	-39.6391414685748
			65.1521920485459	-39.6391414685748
			65.1913224942207	-39.6391414685748
			65.2304529398955	-39.6391414685748
			65.2695833855703	-39.6391414685748
			65.3087138312451	-39.6391414685748
			65.34784427692	-39.6391414685748
			65.3869747225948	-39.6391414685748
			65.4261051682696	-39.6000110229
			65.4652356139444	-39.6000110229
			65.5043660596192	-39.6000110229
			65.543496505294	-39.6000110229
			65.5826269509688	-39.6000110229
			65.6217573966436	-39.6000110229
			65.6608878423184	-39.6000110229
			65.7000182879932	-39.6000110229
			65.739148733668	-39.6000110229
			65.7782791793428	-39.6000110229
			65.8174096250176	-39.5608805772252
			65.8565400706924	-39.5608805772252
			65.8956705163672	-39.5608805772252
			65.934800962042	-39.5608805772252
			65.934800962042	-39.5217501315504
			65.9739314077168	-39.5217501315504
			66.0130618533916	-39.5217501315504
			66.0521922990664	-39.5217501315504
			66.0913227447412	-39.5217501315504
			66.130453190416	-39.4826196858756
			66.1695836360908	-39.4826196858756
			66.2087140817656	-39.4826196858756
			66.2478445274404	-39.4826196858756
			66.2869749731152	-39.4434892402008
			66.32610541879	-39.4434892402008
			66.3652358644648	-39.4434892402008
			66.4043663101396	-39.4434892402008
			66.4434967558144	-39.4434892402008
			66.4826272014892	-39.404358794526
			66.521757647164	-39.404358794526
			66.5608880928388	-39.404358794526
			66.6000185385136	-39.404358794526
			66.6391489841884	-39.404358794526
			66.6782794298632	-39.3652283488512
			66.717409875538	-39.3652283488512
			66.7565403212128	-39.3652283488512
			66.7956707668876	-39.3652283488512
			66.8348012125624	-39.3652283488512
			66.8739316582372	-39.3652283488512
			66.913062103912	-39.3260979031764
			66.9521925495869	-39.3260979031764
			66.9913229952617	-39.3260979031764
			67.0304534409365	-39.3260979031764
			67.0695838866113	-39.3260979031764
			67.1087143322861	-39.3260979031764
			67.1478447779609	-39.3260979031764
			67.1869752236357	-39.2869674575016
			67.2261056693105	-39.2869674575016
			67.2652361149853	-39.2869674575016
			67.3043665606601	-39.2869674575016
			67.3434970063349	-39.2869674575016
			67.3826274520097	-39.2869674575016
			67.4217578976845	-39.2869674575016
			67.4608883433593	-39.2478370118268
			67.5000187890341	-39.2478370118268
			67.5391492347089	-39.2478370118268
			67.5782796803837	-39.2478370118268
			67.6174101260585	-39.2478370118268
			67.6565405717333	-39.2478370118268
			67.6956710174081	-39.2478370118268
			67.7348014630829	-39.2478370118268
			67.7739319087577	-39.2478370118268
			67.8130623544325	-39.208706566152
			67.8521928001073	-39.208706566152
			67.8913232457821	-39.208706566152
			67.9304536914569	-39.208706566152
			67.9695841371317	-39.208706566152
			68.0087145828065	-39.208706566152
			68.0478450284813	-39.208706566152
			68.0869754741561	-39.208706566152
			68.1261059198309	-39.1695761204772
			68.1652363655057	-39.1695761204772
			68.2043668111805	-39.1695761204772
			68.2434972568553	-39.1695761204772
			68.2826277025301	-39.1695761204772
			68.3217581482049	-39.1695761204772
			68.3608885938797	-39.1695761204772
			68.4000190395545	-39.1695761204772
			68.4391494852293	-39.1695761204772
			68.4782799309041	-39.1695761204772
			68.5174103765789	-39.1304456748024
			68.5565408222538	-39.1304456748024
			68.5956712679286	-39.1304456748024
			68.6348017136034	-39.1304456748024
			68.6739321592782	-39.1304456748024
			68.713062604953	-39.1304456748024
			68.7521930506278	-39.1304456748024
			68.7913234963026	-39.1304456748024
			68.8304539419774	-39.1304456748024
			68.8695843876522	-39.1304456748024
			68.908714833327	-39.1304456748024
			68.9478452790018	-39.1304456748024
			68.9869757246766	-39.0913152291276
			69.0261061703514	-39.0913152291276
			69.0652366160262	-39.0913152291276
			69.104367061701	-39.0913152291276
			69.1434975073758	-39.0913152291276
			69.1826279530506	-39.0913152291276
			69.2217583987254	-39.0913152291276
			69.2608888444002	-39.0913152291276
			69.300019290075	-39.0913152291276
			69.3391497357498	-39.0913152291276
			69.3782801814246	-39.0913152291276
			69.4174106270994	-39.0913152291276
			69.4565410727742	-39.0913152291276
			69.495671518449	-39.0521847834528
			69.5348019641238	-39.0521847834528
			69.5739324097986	-39.0521847834528
			69.6130628554734	-39.0521847834528
			69.6521933011482	-39.0521847834528
			69.691323746823	-39.0521847834528
			69.7304541924978	-39.0521847834528
			69.7695846381726	-39.0521847834528
			69.8087150838474	-39.0521847834528
			69.8478455295222	-39.013054337778
			69.886975975197	-39.013054337778
			69.9261064208718	-39.013054337778
			69.9652368665466	-39.013054337778
			70.0043673122214	-39.013054337778
			70.0434977578962	-39.013054337778
			70.082628203571	-39.013054337778
			70.1217586492458	-38.9739238921032
			70.1608890949206	-38.9739238921032
			70.2000195405954	-38.9739238921032
			70.2391499862702	-38.9739238921032
			70.278280431945	-38.9739238921032
			70.3174108776198	-38.9739238921032
			70.3565413232946	-38.9347934464284
			70.3956717689695	-38.9347934464284
			70.4348022146443	-38.9347934464284
			70.4739326603191	-38.9347934464284
			70.5130631059939	-38.9347934464284
			70.5521935516687	-38.9347934464284
			70.5913239973435	-38.8956630007536
			70.6304544430183	-38.8956630007536
			70.6695848886931	-38.8956630007536
			70.7087153343679	-38.8956630007536
			70.7478457800427	-38.8956630007536
			70.7869762257175	-38.8565325550788
			70.8261066713923	-38.8565325550788
			70.8652371170671	-38.8565325550788
			70.9043675627419	-38.8565325550788
			70.9434980084167	-38.817402109404
			70.9826284540915	-38.817402109404
			71.0217588997663	-38.817402109404
			71.0608893454411	-38.817402109404
			71.1000197911159	-38.7782716637291
			71.1391502367907	-38.7782716637291
			71.1782806824655	-38.7782716637291
			71.2174111281403	-38.7782716637291
			71.2565415738151	-38.7391412180543
			71.2956720194899	-38.7391412180543
			71.3348024651647	-38.7391412180543
			71.3739329108395	-38.7391412180543
			71.3739329108395	-38.7000107723795
			71.4130633565143	-38.7000107723795
			71.4521938021891	-38.7000107723795
			71.4913242478639	-38.7000107723795
			71.5304546935387	-38.6608803267047
			71.5695851392135	-38.6608803267047
			71.6087155848883	-38.6608803267047
			71.6478460305631	-38.6217498810299
			71.6869764762379	-38.6217498810299
			71.7261069219127	-38.6217498810299
			71.7652373675875	-38.5826194353551
			71.8043678132623	-38.5826194353551
			71.8434982589371	-38.5826194353551
			71.8826287046119	-38.5434889896803
			71.9217591502867	-38.5434889896803
			71.9608895959615	-38.5434889896803
			72.0000200416364	-38.5043585440055
			72.0391504873112	-38.5043585440055
			72.078280932986	-38.4652280983307
			72.1174113786608	-38.4652280983307
			72.1565418243356	-38.4652280983307
			72.1956722700104	-38.4652280983307
			72.1956722700104	-38.4260976526559
			72.2348027156852	-38.4260976526559
			72.27393316136	-38.4260976526559
			72.3130636070348	-38.4260976526559
			72.3521940527096	-38.3869672069811
			72.3913244983844	-38.3869672069811
			72.4304549440592	-38.3869672069811
			72.469585389734	-38.3869672069811
			72.5087158354088	-38.3869672069811
			72.5478462810836	-38.3869672069811
			72.5869767267584	-38.3478367613063
			72.6261071724332	-38.3478367613063
			72.665237618108	-38.3478367613063
			72.7043680637828	-38.3478367613063
			72.7434985094576	-38.3478367613063
			72.7826289551324	-38.3478367613063
			72.8217594008072	-38.3478367613063
			72.860889846482	-38.3478367613063
			72.9000202921568	-38.3478367613063
			72.9391507378316	-38.3478367613063
			72.9782811835064	-38.3478367613063
			73.0174116291812	-38.3478367613063
			73.056542074856	-38.3478367613063
			73.0956725205308	-38.3478367613063
			73.1348029662056	-38.3478367613063
			73.1739334118804	-38.3478367613063
			73.2130638575552	-38.3478367613063
			73.25219430323	-38.3478367613063
			73.2913247489048	-38.3478367613063
			73.3304551945796	-38.3478367613063
		</Head>
		<Tail1 type=matrix rownames=FALSE colnames=FALSE nrow=369 ncol=2 as.numeric=TRUE >
			73.3304551945796	-38.3478367613063
			73.3695856402544	-38.3478367613063
			73.4087160859292	-38.3478367613063
			73.447846531604	-38.3478367613063
			73.4869769772788	-38.3478367613063
			73.5261074229536	-38.3478367613063
			73.5652378686284	-38.3478367613063
			73.6043683143033	-38.3478367613063
			73.6434987599781	-38.3478367613063
			73.6826292056529	-38.3478367613063
			73.7217596513277	-38.3478367613063
			73.7608900970025	-38.3478367613063
			73.8000205426773	-38.3478367613063
			73.8391509883521	-38.3478367613063
			73.8782814340269	-38.3478367613063
			73.9174118797017	-38.3478367613063
			73.9565423253765	-38.3478367613063
			73.9956727710513	-38.3478367613063
			74.0348032167261	-38.3478367613063
			74.0739336624009	-38.3478367613063
			74.1130641080757	-38.3478367613063
			74.1521945537505	-38.3478367613063
			74.1913249994253	-38.3478367613063
			74.2304554451001	-38.3478367613063
			74.2695858907749	-38.3478367613063
			74.3087163364497	-38.3478367613063
			74.3478467821245	-38.3478367613063
			74.3869772277993	-38.3478367613063
			74.4261076734741	-38.3478367613063
			74.4652381191489	-38.3478367613063
			74.5043685648237	-38.3478367613063
			74.5434990104985	-38.3478367613063
			74.5826294561733	-38.3478367613063
			74.6217599018481	-38.3478367613063
			74.6608903475229	-38.3478367613063
			74.7000207931977	-38.3869672069811
			74.7391512388725	-38.3869672069811
			74.7782816845473	-38.3869672069811
			74.8174121302221	-38.3869672069811
			74.8565425758969	-38.3869672069811
			74.8956730215717	-38.3869672069811
			74.9348034672465	-38.3869672069811
			74.9739339129213	-38.3869672069811
			75.0130643585961	-38.3869672069811
			75.0521948042709	-38.3869672069811
			75.0913252499457	-38.3869672069811
			75.1304556956205	-38.4260976526559
			75.1695861412953	-38.4260976526559
			75.2087165869702	-38.4260976526559
			75.247847032645	-38.4260976526559
			75.2869774783198	-38.4260976526559
			75.3261079239946	-38.4260976526559
			75.3652383696694	-38.4260976526559
			75.4043688153442	-38.4260976526559
			75.443499261019	-38.4652280983307
			75.4826297066938	-38.4652280983307
			75.5217601523686	-38.4652280983307
			75.5608905980434	-38.4652280983307
			75.6000210437182	-38.4652280983307
			75.639151489393	-38.4652280983307
			75.6782819350678	-38.4652280983307
			75.7174123807426	-38.5043585440055
			75.7565428264174	-38.5043585440055
			75.7956732720922	-38.5043585440055
			75.834803717767	-38.5043585440055
			75.8739341634418	-38.5043585440055
			75.9130646091166	-38.5043585440055
			75.9521950547914	-38.5434889896803
			75.9913255004662	-38.5434889896803
			76.030455946141	-38.5434889896803
			76.0695863918158	-38.5434889896803
			76.1087168374906	-38.5434889896803
			76.1478472831654	-38.5434889896803
			76.1869777288402	-38.5826194353551
			76.226108174515	-38.5826194353551
			76.2652386201898	-38.5826194353551
			76.3043690658646	-38.5826194353551
			76.3434995115394	-38.5826194353551
			76.3826299572142	-38.6217498810299
			76.421760402889	-38.6217498810299
			76.4608908485638	-38.6217498810299
			76.5000212942386	-38.6217498810299
			76.5391517399134	-38.6217498810299
			76.5782821855882	-38.6608803267047
			76.617412631263	-38.6608803267047
			76.6565430769378	-38.6608803267047
			76.6956735226126	-38.6608803267047
			76.7348039682874	-38.7000107723795
			76.7739344139622	-38.7000107723795
			76.8130648596371	-38.7000107723795
			76.8521953053119	-38.7000107723795
			76.8913257509867	-38.7000107723795
			76.9304561966615	-38.7391412180543
			76.9695866423363	-38.7391412180543
			77.0087170880111	-38.7391412180543
			77.0478475336859	-38.7391412180543
			77.0869779793607	-38.7782716637291
			77.1261084250355	-38.7782716637291
			77.1652388707103	-38.7782716637291
			77.2043693163851	-38.7782716637291
			77.2434997620599	-38.817402109404
			77.2826302077347	-38.817402109404
			77.3217606534095	-38.817402109404
			77.3608910990843	-38.817402109404
			77.4000215447591	-38.817402109404
			77.4000215447591	-38.8565325550788
			77.4391519904339	-38.8565325550788
			77.4782824361087	-38.8565325550788
			77.5174128817835	-38.8565325550788
			77.5565433274583	-38.8565325550788
			77.5956737731331	-38.8956630007536
			77.6348042188079	-38.8956630007536
			77.6739346644827	-38.8956630007536
			77.7130651101575	-38.8956630007536
			77.7521955558323	-38.8956630007536
			77.7521955558323	-38.9347934464284
			77.7913260015071	-38.9347934464284
			77.8304564471819	-38.9347934464284
			77.8695868928567	-38.9347934464284
			77.9087173385315	-38.9347934464284
			77.9478477842063	-38.9739238921032
			77.9869782298811	-38.9739238921032
			78.0261086755559	-38.9739238921032
			78.0652391212307	-38.9739238921032
			78.1043695669055	-38.9739238921032
			78.1435000125803	-39.013054337778
			78.1826304582551	-39.013054337778
			78.2217609039299	-39.013054337778
			78.2608913496047	-39.013054337778
			78.3000217952795	-39.013054337778
			78.3391522409543	-39.0521847834528
			78.3782826866291	-39.0521847834528
			78.4174131323039	-39.0521847834528
			78.4565435779787	-39.0521847834528
			78.4956740236535	-39.0521847834528
			78.5348044693283	-39.0913152291276
			78.5739349150032	-39.0913152291276
			78.613065360678	-39.0913152291276
			78.6521958063528	-39.0913152291276
			78.6913262520276	-39.0913152291276
			78.7304566977024	-39.0913152291276
			78.7695871433772	-39.1304456748024
			78.808717589052	-39.1304456748024
			78.8478480347268	-39.1304456748024
			78.8869784804016	-39.1304456748024
			78.9261089260764	-39.1304456748024
			78.9652393717512	-39.1695761204772
			79.004369817426	-39.1695761204772
			79.0435002631008	-39.1695761204772
			79.0826307087756	-39.1695761204772
			79.1217611544504	-39.1695761204772
			79.1608916001252	-39.1695761204772
			79.2000220458	-39.208706566152
			79.2391524914748	-39.208706566152
			79.2782829371496	-39.208706566152
			79.3174133828244	-39.208706566152
			79.3565438284992	-39.208706566152
			79.395674274174	-39.208706566152
			79.4348047198488	-39.2478370118268
			79.4739351655236	-39.2478370118268
			79.5130656111984	-39.2478370118268
			79.5521960568732	-39.2478370118268
			79.591326502548	-39.2478370118268
			79.6304569482228	-39.2478370118268
			79.6695873938976	-39.2478370118268
			79.7087178395724	-39.2869674575016
			79.7478482852472	-39.2869674575016
			79.786978730922	-39.2869674575016
			79.8261091765968	-39.2869674575016
			79.8652396222716	-39.2869674575016
			79.9043700679464	-39.2869674575016
			79.9435005136212	-39.3260979031764
			79.982630959296	-39.3260979031764
			80.0217614049708	-39.3260979031764
			80.0608918506456	-39.3260979031764
			80.1000222963204	-39.3260979031764
			80.1391527419952	-39.3260979031764
			80.17828318767	-39.3260979031764
			80.2174136333448	-39.3652283488512
			80.2565440790196	-39.3652283488512
			80.2956745246945	-39.3652283488512
			80.3348049703693	-39.3652283488512
			80.3739354160441	-39.3652283488512
			80.4130658617189	-39.3652283488512
			80.4521963073937	-39.3652283488512
			80.4913267530685	-39.3652283488512
			80.5304571987433	-39.3652283488512
			80.5695876444181	-39.3652283488512
			80.6087180900929	-39.3652283488512
			80.6478485357677	-39.3652283488512
			80.6869789814425	-39.3652283488512
			80.7261094271173	-39.3652283488512
			80.7652398727921	-39.3652283488512
			80.8043703184669	-39.3652283488512
			80.8435007641417	-39.3652283488512
			80.8826312098165	-39.404358794526
			80.9217616554913	-39.404358794526
			80.9608921011661	-39.404358794526
			81.0000225468409	-39.404358794526
			81.0391529925157	-39.404358794526
			81.0782834381905	-39.404358794526
			81.1174138838653	-39.404358794526
			81.1565443295401	-39.404358794526
			81.1956747752149	-39.404358794526
			81.2348052208897	-39.404358794526
			81.2739356665645	-39.404358794526
			81.3130661122393	-39.404358794526
			81.3521965579141	-39.404358794526
			81.3913270035889	-39.404358794526
			81.4304574492637	-39.404358794526
			81.4695878949385	-39.404358794526
			81.5087183406133	-39.404358794526
			81.5478487862881	-39.404358794526
			81.5869792319629	-39.404358794526
			81.6261096776377	-39.404358794526
			81.6652401233125	-39.404358794526
			81.7043705689873	-39.404358794526
			81.7435010146621	-39.404358794526
			81.7826314603369	-39.404358794526
			81.8217619060117	-39.404358794526
			81.8217619060117	-39.4434892402008
			81.8608923516865	-39.4434892402008
			81.9000227973614	-39.4434892402008
			81.9391532430362	-39.4434892402008
			81.978283688711	-39.4434892402008
			82.0174141343858	-39.4434892402008
			82.0565445800606	-39.4434892402008
			82.0956750257354	-39.4434892402008
			82.1348054714102	-39.4434892402008
			82.173935917085	-39.4434892402008
			82.2130663627598	-39.4434892402008
			82.2521968084346	-39.4434892402008
			82.2913272541094	-39.4434892402008
			82.3304576997842	-39.4434892402008
			82.369588145459	-39.4434892402008
			82.4087185911338	-39.4434892402008
			82.4478490368086	-39.4434892402008
			82.4869794824834	-39.4434892402008
			82.5261099281582	-39.4434892402008
			82.565240373833	-39.4434892402008
			82.6043708195078	-39.4434892402008
			82.6435012651826	-39.4434892402008
			82.6826317108574	-39.4434892402008
			82.7217621565322	-39.4434892402008
			82.760892602207	-39.4434892402008
			82.8000230478818	-39.4434892402008
			82.8391534935566	-39.4434892402008
			82.8782839392314	-39.4434892402008
			82.9174143849062	-39.4434892402008
			82.956544830581	-39.4826196858756
			82.9956752762558	-39.4826196858756
			83.0348057219306	-39.4826196858756
			83.0739361676054	-39.4826196858756
			83.1130666132802	-39.4826196858756
			83.152197058955	-39.4826196858756
			83.1913275046298	-39.4826196858756
			83.2304579503046	-39.4826196858756
			83.2695883959794	-39.4826196858756
			83.3087188416542	-39.4826196858756
			83.347849287329	-39.4826196858756
			83.3869797330038	-39.4826196858756
			83.4261101786786	-39.4826196858756
			83.4652406243534	-39.4826196858756
			83.5043710700283	-39.4826196858756
			83.5435015157031	-39.4826196858756
			83.5826319613779	-39.4826196858756
			83.6217624070527	-39.4826196858756
			83.6608928527275	-39.4826196858756
			83.7000232984023	-39.4826196858756
			83.7391537440771	-39.4826196858756
			83.7782841897519	-39.4826196858756
			83.8174146354267	-39.4826196858756
			83.8565450811015	-39.4826196858756
			83.8956755267763	-39.4826196858756
			83.9348059724511	-39.4826196858756
			83.9739364181259	-39.4826196858756
			84.0130668638007	-39.4826196858756
			84.0521973094755	-39.4826196858756
			84.0913277551503	-39.4826196858756
			84.1304582008251	-39.4826196858756
			84.1695886464999	-39.4826196858756
			84.2087190921747	-39.4826196858756
			84.2478495378495	-39.4826196858756
			84.2869799835243	-39.4826196858756
			84.3261104291991	-39.4826196858756
			84.3652408748739	-39.4826196858756
			84.4043713205487	-39.4826196858756
			84.4435017662235	-39.4826196858756
			84.4826322118983	-39.4434892402008
			84.5217626575731	-39.4434892402008
			84.5608931032479	-39.4434892402008
			84.6000235489227	-39.4434892402008
			84.6391539945975	-39.4434892402008
			84.6782844402723	-39.4434892402008
			84.7174148859471	-39.4434892402008
			84.7565453316219	-39.4434892402008
			84.7956757772967	-39.4434892402008
			84.8348062229715	-39.4434892402008
			84.8739366686463	-39.4434892402008
			84.9130671143211	-39.4434892402008
			84.9521975599959	-39.4434892402008
			84.9913280056707	-39.4434892402008
			85.0304584513455	-39.4434892402008
			85.0695888970203	-39.4434892402008
			85.1087193426952	-39.404358794526
			85.14784978837	-39.404358794526
			85.1869802340448	-39.404358794526
			85.2261106797196	-39.404358794526
			85.2652411253944	-39.404358794526
			85.3043715710692	-39.404358794526
			85.343502016744	-39.404358794526
			85.3826324624188	-39.404358794526
			85.4217629080936	-39.404358794526
			85.4608933537684	-39.404358794526
			85.5000237994432	-39.3652283488512
			85.539154245118	-39.3652283488512
			85.5782846907928	-39.3652283488512
			85.6174151364676	-39.3652283488512
			85.6565455821424	-39.3652283488512
			85.6956760278172	-39.3652283488512
			85.734806473492	-39.3652283488512
			85.7739369191668	-39.3652283488512
			85.8130673648416	-39.3652283488512
			85.8521978105164	-39.3652283488512
			85.8913282561912	-39.3652283488512
			85.930458701866	-39.3260979031764
			85.9695891475408	-39.3260979031764
			86.0087195932156	-39.3260979031764
			86.0478500388904	-39.3260979031764
			86.0869804845652	-39.3260979031764
			86.12611093024	-39.3260979031764
			86.1652413759148	-39.3260979031764
			86.2043718215896	-39.3260979031764
			86.2435022672644	-39.3260979031764
			86.2826327129392	-39.3260979031764
			86.321763158614	-39.3260979031764
			86.3608936042888	-39.3260979031764
			86.4000240499636	-39.3260979031764
			86.4391544956384	-39.3260979031764
			86.4782849413132	-39.3260979031764
			86.517415386988	-39.3260979031764
			86.5565458326628	-39.3260979031764
			86.5956762783376	-39.3260979031764
			86.6348067240124	-39.3260979031764
			86.6739371696872	-39.3260979031764
			86.713067615362	-39.3260979031764
			86.7521980610369	-39.3260979031764
			86.7913285067117	-39.3260979031764
			86.8304589523865	-39.3260979031764
			86.8695893980613	-39.3260979031764
			86.9087198437361	-39.3260979031764
			86.9478502894109	-39.3260979031764
			86.9869807350857	-39.3260979031764
			87.0261111807605	-39.3260979031764
			87.0652416264353	-39.3260979031764
			87.1043720721101	-39.3260979031764
			87.1435025177849	-39.3260979031764
			87.1826329634597	-39.3260979031764
			87.2217634091345	-39.3260979031764
			87.2608938548093	-39.3260979031764
			87.3000243004841	-39.3260979031764
			87.3391547461589	-39.3652283488512
			87.3782851918337	-39.3652283488512
			87.4174156375085	-39.3652283488512
			87.4565460831833	-39.3652283488512
			87.4956765288581	-39.3652283488512
			87.5348069745329	-39.3652283488512
			87.5739374202077	-39.3652283488512
			87.6130678658825	-39.3652283488512
		</Tail1>
		<End type=matrix rownames=FALSE colnames=FALSE nrow=140 ncol=2 as.numeric=TRUE >
			87.6130678658825	-39.3652283488512
			87.6521983115573	-39.3652283488512
			87.6913287572321	-39.3652283488512
			87.7304592029069	-39.3652283488512
			87.7695896485817	-39.3652283488512
			87.8087200942565	-39.3652283488512
			87.8478505399313	-39.3652283488512
			87.8869809856061	-39.404358794526
			87.9261114312809	-39.404358794526
			87.9652418769557	-39.404358794526
			88.0043723226305	-39.404358794526
			88.0435027683053	-39.404358794526
			88.0826332139801	-39.404358794526
			88.1217636596549	-39.4434892402008
			88.1608941053297	-39.4434892402008
			88.2000245510045	-39.4434892402008
			88.2391549966793	-39.4434892402008
			88.2782854423541	-39.4434892402008
			88.2782854423541	-39.4826196858756
			88.3174158880289	-39.4826196858756
			88.3565463337037	-39.4826196858756
			88.3956767793785	-39.4826196858756
			88.4348072250533	-39.5217501315504
			88.4739376707281	-39.5217501315504
			88.5130681164029	-39.5608805772252
			88.5521985620777	-39.5608805772252
			88.5913290077526	-39.6000110229
			88.6304594534274	-39.6000110229
			88.6695898991022	-39.6000110229
			88.6695898991022	-39.6391414685748
			88.708720344777	-39.6391414685748
			88.7478507904518	-39.6782719142496
			88.7869812361266	-39.6782719142496
			88.7869812361266	-39.7174023599244
			88.8261116818014	-39.7174023599244
			88.8652421274762	-39.7565328055992
			88.904372573151	-39.7565328055992
			88.904372573151	-39.795663251274
			88.9435030188258	-39.8347936969488
			88.9826334645006	-39.8347936969488
			88.9826334645006	-39.8739241426236
			89.0217639101754	-39.9130545882984
			89.0608943558502	-39.9521850339732
			89.100024801525	-39.991315479648
			89.1391552471998	-40.0304459253228
			89.1391552471998	-40.0695763709976
			89.1782856928746	-40.1087068166724
			89.1782856928746	-40.1478372623472
			89.2174161385494	-40.186967708022
			89.2174161385494	-40.2260981536968
			89.2565465842242	-40.2652285993716
			89.2565465842242	-40.3043590450464
			89.2565465842242	-40.3434894907212
			89.295677029899	-40.382619936396
			89.295677029899	-40.4217503820708
			89.295677029899	-40.4608808277456
			89.3348074755738	-40.5000112734204
			89.3348074755738	-40.5391417190953
			89.3348074755738	-40.5782721647701
			89.3348074755738	-40.6174026104449
			89.3348074755738	-40.6565330561197
			89.3739379212486	-40.6956635017945
			89.3739379212486	-40.7347939474693
			89.3739379212486	-40.7739243931441
			89.3739379212486	-40.8130548388189
			89.3739379212486	-40.8521852844937
			89.3739379212486	-40.8913157301685
			89.3739379212486	-40.9304461758433
			89.3739379212486	-40.9695766215181
			89.3739379212486	-41.0087070671929
			89.3739379212486	-41.0478375128677
			89.3739379212486	-41.0869679585425
			89.3739379212486	-41.1260984042173
			89.4130683669234	-41.1652288498921
			89.4130683669234	-41.2043592955669
			89.4130683669234	-41.2434897412417
			89.4130683669234	-41.2826201869165
			89.4130683669234	-41.3217506325913
			89.4130683669234	-41.3608810782661
			89.4130683669234	-41.4000115239409
			89.4130683669234	-41.4391419696157
			89.4130683669234	-41.4782724152905
			89.4130683669234	-41.5174028609653
			89.4130683669234	-41.5565333066401
			89.4130683669234	-41.5956637523149
			89.4130683669234	-41.6347941979897
			89.4130683669234	-41.6739246436645
			89.4130683669234	-41.7130550893393
			89.4130683669234	-41.7521855350141
			89.4130683669234	-41.7913159806889
			89.4130683669234	-41.8304464263637
			89.3739379212486	-41.8695768720385
			89.3739379212486	-41.9087073177133
			89.3739379212486	-41.9478377633881
			89.3739379212486	-41.9869682090629
			89.3348074755738	-42.0260986547377
			89.3348074755738	-42.0652291004125
			89.3348074755738	-42.1043595460873
			89.295677029899	-42.1434899917622
			89.295677029899	-42.182620437437
			89.295677029899	-42.2217508831118
			89.2565465842242	-42.2608813287866
			89.2565465842242	-42.3000117744614
			89.2174161385494	-42.3391422201362
			89.2174161385494	-42.378272665811
			89.1782856928746	-42.4174031114858
			89.1391552471998	-42.4565335571606
			89.100024801525	-42.4956640028354
			89.100024801525	-42.5347944485102
			89.0608943558502	-42.573924894185
			89.0217639101754	-42.6130553398598
			88.9826334645006	-42.6521857855346
			88.9826334645006	-42.6913162312094
			88.9435030188258	-42.7304466768842
			88.904372573151	-42.7304466768842
			88.8652421274762	-42.769577122559
			88.8261116818014	-42.8087075682338
			88.7869812361266	-42.8478380139086
			88.7478507904518	-42.8478380139086
			88.708720344777	-42.8869684595834
			88.6695898991022	-42.9260989052582
			88.6304594534274	-42.9260989052582
			88.5913290077526	-42.9260989052582
			88.5913290077526	-42.965229350933
			88.5521985620777	-42.965229350933
			88.5130681164029	-43.0043597966078
			88.4739376707281	-43.0043597966078
			88.4348072250533	-43.0434902422826
			88.3956767793785	-43.0434902422826
			88.3565463337037	-43.0826206879574
			88.3174158880289	-43.0826206879574
			88.2782854423541	-43.0826206879574
			88.2391549966793	-43.1217511336322
			88.2000245510045	-43.1217511336322
			88.1608941053297	-43.1217511336322
			88.1217636596549	-43.160881579307
			88.0826332139801	-43.160881579307
			88.0435027683053	-43.2000120249818
			88.0043723226305	-43.2000120249818
			87.9652418769557	-43.2000120249818
		</End>
		<Tail2 type=matrix rownames=FALSE colnames=FALSE nrow=193 ncol=2 as.numeric=TRUE >
			87.9652418769557	-43.2000120249818
			87.9261114312809	-43.2000120249818
			87.8869809856061	-43.2000120249818
			87.8478505399313	-43.2000120249818
			87.8087200942565	-43.2000120249818
			87.7695896485817	-43.2000120249818
			87.7304592029069	-43.2000120249818
			87.6913287572321	-43.2000120249818
			87.6521983115573	-43.2000120249818
			87.6130678658825	-43.2000120249818
			87.5739374202077	-43.2000120249818
			87.5348069745329	-43.2000120249818
			87.4956765288581	-43.2000120249818
			87.4565460831833	-43.2000120249818
			87.4174156375085	-43.2000120249818
			87.3782851918337	-43.2000120249818
			87.3391547461589	-43.2000120249818
			87.3000243004841	-43.2000120249818
			87.2608938548093	-43.2000120249818
			87.2217634091345	-43.2000120249818
			87.1826329634597	-43.2000120249818
			87.1435025177849	-43.2000120249818
			87.1043720721101	-43.2000120249818
			87.0652416264353	-43.2000120249818
			87.0261111807605	-43.2000120249818
			86.9869807350857	-43.2000120249818
			86.9478502894109	-43.2000120249818
			86.9087198437361	-43.2000120249818
			86.8695893980613	-43.2000120249818
			86.8304589523865	-43.2000120249818
			86.7913285067117	-43.2000120249818
			86.7521980610369	-43.2000120249818
			86.713067615362	-43.2000120249818
			86.6739371696872	-43.2000120249818
			86.6348067240124	-43.2000120249818
			86.5956762783376	-43.2000120249818
			86.5565458326628	-43.2000120249818
			86.517415386988	-43.2000120249818
			86.4782849413132	-43.2000120249818
			86.4391544956384	-43.2000120249818
			86.4000240499636	-43.2000120249818
			86.3608936042888	-43.2000120249818
			86.321763158614	-43.2000120249818
			86.2826327129392	-43.2000120249818
			86.2435022672644	-43.2000120249818
			86.2043718215896	-43.2000120249818
			86.1652413759148	-43.2000120249818
			86.12611093024	-43.2000120249818
			86.0869804845652	-43.2000120249818
			86.0478500388904	-43.2000120249818
			86.0087195932156	-43.2000120249818
			85.9695891475408	-43.2000120249818
			85.930458701866	-43.2000120249818
			85.8913282561912	-43.2000120249818
			85.8521978105164	-43.2000120249818
			85.8130673648416	-43.2000120249818
			85.7739369191668	-43.2000120249818
			85.734806473492	-43.2000120249818
			85.6956760278172	-43.2000120249818
			85.6565455821424	-43.2000120249818
			85.6174151364676	-43.2000120249818
			85.5782846907928	-43.2000120249818
			85.539154245118	-43.2000120249818
			85.5000237994432	-43.2000120249818
			85.4608933537684	-43.2000120249818
			85.4217629080936	-43.2000120249818
			85.3826324624188	-43.2000120249818
			85.343502016744	-43.2000120249818
			85.3043715710692	-43.2000120249818
			85.2652411253944	-43.2000120249818
			85.2261106797196	-43.2000120249818
			85.1869802340448	-43.2000120249818
			85.14784978837	-43.2000120249818
			85.1087193426952	-43.2000120249818
			85.0695888970203	-43.2000120249818
			85.0304584513455	-43.2000120249818
			84.9913280056707	-43.2000120249818
			84.9521975599959	-43.2000120249818
			84.9130671143211	-43.2000120249818
			84.8739366686463	-43.2000120249818
			84.8348062229715	-43.2000120249818
			84.7956757772967	-43.2000120249818
			84.7565453316219	-43.2000120249818
			84.7174148859471	-43.2000120249818
			84.6782844402723	-43.2000120249818
			84.6391539945975	-43.2000120249818
			84.6000235489227	-43.2000120249818
			84.5608931032479	-43.2000120249818
			84.5217626575731	-43.2000120249818
			84.4826322118983	-43.2000120249818
			84.4435017662235	-43.2000120249818
			84.4043713205487	-43.2391424706566
			84.3652408748739	-43.2391424706566
			84.3261104291991	-43.2391424706566
			84.2869799835243	-43.2391424706566
			84.2478495378495	-43.2391424706566
			84.2087190921747	-43.2391424706566
			84.1695886464999	-43.2391424706566
			84.1304582008251	-43.2391424706566
			84.0913277551503	-43.2391424706566
			84.0521973094755	-43.2391424706566
			84.0130668638007	-43.2391424706566
			83.9739364181259	-43.2391424706566
			83.9348059724511	-43.2391424706566
			83.8956755267763	-43.2391424706566
			83.8565450811015	-43.2391424706566
			83.8174146354267	-43.2391424706566
			83.7782841897519	-43.2391424706566
			83.7391537440771	-43.2391424706566
			83.7000232984023	-43.2391424706566
			83.6608928527275	-43.2391424706566
			83.6217624070527	-43.2391424706566
			83.5826319613779	-43.2391424706566
			83.5435015157031	-43.2391424706566
			83.5043710700283	-43.2782729163314
			83.4652406243534	-43.2782729163314
			83.4261101786786	-43.2782729163314
			83.3869797330038	-43.2782729163314
			83.347849287329	-43.2782729163314
			83.3087188416542	-43.2782729163314
			83.2695883959794	-43.2782729163314
			83.2304579503046	-43.2782729163314
			83.1913275046298	-43.2782729163314
			83.152197058955	-43.2782729163314
			83.1130666132802	-43.2782729163314
			83.0739361676054	-43.2782729163314
			83.0348057219306	-43.2782729163314
			82.9956752762558	-43.2782729163314
			82.956544830581	-43.2782729163314
			82.9174143849062	-43.2782729163314
			82.8782839392314	-43.2782729163314
			82.8391534935566	-43.2782729163314
			82.8000230478818	-43.2782729163314
			82.760892602207	-43.3174033620062
			82.7217621565322	-43.3174033620062
			82.6826317108574	-43.3174033620062
			82.6435012651826	-43.3174033620062
			82.6043708195078	-43.3174033620062
			82.565240373833	-43.3174033620062
			82.5261099281582	-43.3174033620062
			82.4869794824834	-43.3174033620062
			82.4478490368086	-43.3174033620062
			82.4087185911338	-43.3174033620062
			82.369588145459	-43.3174033620062
			82.3304576997842	-43.3174033620062
			82.2913272541094	-43.356533807681
			82.2521968084346	-43.356533807681
			82.2130663627598	-43.356533807681
			82.173935917085	-43.356533807681
			82.1348054714102	-43.356533807681
			82.0956750257354	-43.356533807681
			82.0956750257354	-43.3956642533558
			82.0565445800606	-43.3956642533558
			82.0174141343858	-43.3956642533558
			81.978283688711	-43.3956642533558
			81.9391532430362	-43.3956642533558
			81.9000227973614	-43.4347946990306
			81.8608923516865	-43.4347946990306
			81.8217619060117	-43.4347946990306
			81.7826314603369	-43.4347946990306
			81.7435010146621	-43.4347946990306
			81.7043705689873	-43.4739251447054
			81.6652401233125	-43.4739251447054
			81.6261096776377	-43.4739251447054
			81.5869792319629	-43.4739251447054
			81.5478487862881	-43.4739251447054
			81.5087183406133	-43.5130555903802
			81.4695878949385	-43.5130555903802
			81.4304574492637	-43.5130555903802
			81.3913270035889	-43.5130555903802
			81.3521965579141	-43.552186036055
			81.3130661122393	-43.552186036055
			81.2739356665645	-43.552186036055
			81.2348052208897	-43.552186036055
			81.1956747752149	-43.5913164817298
			81.1565443295401	-43.5913164817298
			81.1174138838653	-43.5913164817298
			81.0782834381905	-43.5913164817298
			81.0391529925157	-43.6304469274046
			81.0000225468409	-43.6304469274046
			80.9608921011661	-43.6304469274046
			80.9217616554913	-43.6695773730794
			80.8826312098165	-43.6695773730794
			80.8435007641417	-43.6695773730794
			80.8043703184669	-43.6695773730794
			80.7652398727921	-43.7087078187542
			80.7261094271173	-43.7087078187542
			80.6869789814425	-43.7087078187542
			80.6478485357677	-43.747838264429
			80.6087180900929	-43.747838264429
			80.5695876444181	-43.747838264429
			80.5304571987433	-43.7869687101038
			80.4913267530685	-43.7869687101038
		</Tail2>
		<AnalFin type=matrix rownames=FALSE colnames=FALSE nrow=103 ncol=2 as.numeric=TRUE >
			80.4913267530685	-43.7869687101038
			80.4521963073937	-43.7869687101038
			80.4130658617189	-43.8260991557786
			80.3739354160441	-43.8260991557786
			80.3348049703693	-43.8652296014534
			80.2956745246945	-43.8652296014534
			80.2565440790196	-43.9043600471283
			80.2174136333448	-43.9043600471283
			80.17828318767	-43.9434904928031
			80.1391527419952	-43.9434904928031
			80.1000222963204	-43.9826209384779
			80.0608918506456	-43.9826209384779
			80.0217614049708	-44.0217513841527
			79.982630959296	-44.0217513841527
			79.9435005136212	-44.0608818298275
			79.9043700679464	-44.0608818298275
			79.8652396222716	-44.1000122755023
			79.8261091765968	-44.1000122755023
			79.786978730922	-44.1391427211771
			79.7478482852472	-44.1782731668519
			79.7087178395724	-44.1782731668519
			79.6695873938976	-44.2174036125267
			79.6304569482228	-44.2174036125267
			79.591326502548	-44.2565340582015
			79.5521960568732	-44.2565340582015
			79.5130656111984	-44.2956645038763
			79.4739351655236	-44.2956645038763
			79.4348047198488	-44.3347949495511
			79.395674274174	-44.3347949495511
			79.3565438284992	-44.3739253952259
			79.3174133828244	-44.3739253952259
			79.2782829371496	-44.4130558409007
			79.2391524914748	-44.4521862865755
			79.2000220458	-44.4521862865755
			79.1608916001252	-44.4913167322503
			79.1217611544504	-44.5304471779251
			79.0826307087756	-44.5304471779251
			79.0435002631008	-44.5695776235999
			79.004369817426	-44.5695776235999
			78.9652393717512	-44.6087080692747
			78.9261089260764	-44.6087080692747
			78.9261089260764	-44.6478385149495
			78.8869784804016	-44.6478385149495
			78.8478480347268	-44.6869689606243
			78.808717589052	-44.6869689606243
			78.7695871433772	-44.7260994062991
			78.7304566977024	-44.7652298519739
			78.6913262520276	-44.7652298519739
			78.6521958063528	-44.8043602976487
			78.613065360678	-44.8434907433235
			78.5739349150032	-44.8434907433235
			78.5348044693283	-44.8826211889983
			78.4956740236535	-44.8826211889983
			78.4956740236535	-44.9217516346731
			78.4565435779787	-44.9217516346731
			78.4174131323039	-44.9608820803479
			78.3782826866291	-44.9608820803479
			78.3782826866291	-45.0000125260227
			78.3391522409543	-45.0000125260227
			78.3000217952795	-45.0391429716975
			78.2608913496047	-45.0391429716975
			78.2608913496047	-45.0782734173723
			78.2217609039299	-45.0782734173723
			78.1826304582551	-45.1174038630471
			78.1435000125803	-45.1565343087219
			78.1043695669055	-45.1565343087219
			78.1043695669055	-45.1956647543967
			78.0652391212307	-45.1956647543967
			78.0261086755559	-45.2347952000715
			77.9869782298811	-45.2347952000715
			77.9869782298811	-45.2739256457463
			77.9478477842063	-45.2739256457463
			77.9087173385315	-45.3130560914211
			77.8695868928567	-45.3521865370959
			77.8304564471819	-45.3521865370959
			77.7913260015071	-45.3913169827707
			77.7913260015071	-45.4304474284455
			77.7521955558323	-45.4304474284455
			77.7130651101575	-45.4695778741203
			77.6739346644827	-45.4695778741203
			77.6348042188079	-45.5087083197952
			77.6348042188079	-45.54783876547
			77.5956737731331	-45.54783876547
			77.5565433274583	-45.5869692111448
			77.5174128817835	-45.6260996568196
			77.4782824361087	-45.6260996568196
			77.4391519904339	-45.6652301024944
			77.4000215447591	-45.7043605481692
			77.3608910990843	-45.743490993844
			77.3217606534095	-45.7826214395188
			77.2826302077347	-45.8217518851936
			77.2434997620599	-45.8608823308684
			77.2043693163851	-45.8608823308684
			77.1652388707103	-45.9000127765432
			77.1261084250355	-45.939143222218
			77.0869779793607	-45.9782736678928
			77.0478475336859	-45.9782736678928
			77.0478475336859	-46.0174041135676
			77.0087170880111	-46.0174041135676
			76.9695866423363	-46.0565345592424
			76.9695866423363	-46.0956650049172
			76.9304561966615	-46.0956650049172
			76.8913257509867	-46.134795450592
		</AnalFin>
		<Pectfin type=matrix rownames=FALSE colnames=FALSE nrow=49 ncol=2 as.numeric=TRUE >
			65.7782791793428	-44.5695776235999
			65.7782791793428	-44.6087080692747
			65.8174096250176	-44.6087080692747
			65.8174096250176	-44.6478385149495
			65.8565400706924	-44.6869689606243
			65.8565400706924	-44.7260994062991
			65.8956705163672	-44.7652298519739
			65.934800962042	-44.8043602976487
			65.934800962042	-44.8434907433235
			65.934800962042	-44.8826211889983
			65.9739314077168	-44.9217516346731
			66.0130618533916	-44.9608820803479
			66.0130618533916	-45.0000125260227
			66.0521922990664	-45.0391429716975
			66.0521922990664	-45.0782734173723
			66.0913227447412	-45.1174038630471
			66.0913227447412	-45.1565343087219
			66.130453190416	-45.1956647543967
			66.130453190416	-45.2347952000715
			66.130453190416	-45.2739256457463
			66.130453190416	-45.3130560914211
			66.130453190416	-45.3521865370959
			66.130453190416	-45.3913169827707
			66.130453190416	-45.4304474284455
			66.130453190416	-45.4695778741203
			66.130453190416	-45.5087083197952
			66.1695836360908	-45.54783876547
			66.1695836360908	-45.5869692111448
			66.1695836360908	-45.6260996568196
			66.1695836360908	-45.6652301024944
			66.1695836360908	-45.7043605481692
			66.1695836360908	-45.743490993844
			66.1695836360908	-45.7826214395188
			66.1695836360908	-45.8217518851936
			66.1695836360908	-45.8608823308684
			66.1695836360908	-45.9000127765432
			66.1695836360908	-45.939143222218
			66.1695836360908	-45.9782736678928
			66.1695836360908	-46.0174041135676
			66.1695836360908	-46.0565345592424
			66.1695836360908	-46.0956650049172
			66.1695836360908	-46.134795450592
			66.1695836360908	-46.1739258962668
			66.1695836360908	-46.2130563419416
			66.1695836360908	-46.2521867876164
			66.1695836360908	-46.2913172332912
			66.1695836360908	-46.330447678966
			66.1695836360908	-46.3695781246408
			66.1695836360908	-46.4087085703156
		</Pectfin>
		<Opercle type=matrix rownames=FALSE colnames=FALSE nrow=148 ncol=2 as.numeric=TRUE >
			64.9956702658467	-41.9087073177133
			64.9956702658467	-41.9478377633881
			65.0348007115215	-41.9869682090629
			65.0348007115215	-42.0260986547377
			65.0348007115215	-42.0652291004125
			65.0348007115215	-42.1043595460873
			65.0348007115215	-42.1434899917622
			65.0739311571963	-42.182620437437
			65.0739311571963	-42.2217508831118
			65.0739311571963	-42.2608813287866
			65.0739311571963	-42.3000117744614
			65.0739311571963	-42.3391422201362
			65.1130616028711	-42.378272665811
			65.1130616028711	-42.4174031114858
			65.1130616028711	-42.4565335571606
			65.1130616028711	-42.4956640028354
			65.1130616028711	-42.5347944485102
			65.1130616028711	-42.573924894185
			65.1130616028711	-42.6130553398598
			65.1130616028711	-42.6521857855346
			65.1521920485459	-42.6913162312094
			65.1521920485459	-42.7304466768842
			65.1521920485459	-42.769577122559
			65.1521920485459	-42.8087075682338
			65.1521920485459	-42.8478380139086
			65.1521920485459	-42.8869684595834
			65.1521920485459	-42.9260989052582
			65.1521920485459	-42.965229350933
			65.1521920485459	-43.0043597966078
			65.1521920485459	-43.0434902422826
			65.1521920485459	-43.0826206879574
			65.1521920485459	-43.1217511336322
			65.1521920485459	-43.160881579307
			65.1521920485459	-43.2000120249818
			65.1521920485459	-43.2391424706566
			65.1521920485459	-43.2782729163314
			65.1521920485459	-43.3174033620062
			65.1521920485459	-43.356533807681
			65.1521920485459	-43.3956642533558
			65.1521920485459	-43.4347946990306
			65.1521920485459	-43.4739251447054
			65.1521920485459	-43.5130555903802
			65.1521920485459	-43.552186036055
			65.1130616028711	-43.5913164817298
			65.1130616028711	-43.6304469274046
			65.1130616028711	-43.6695773730794
			65.1130616028711	-43.7087078187542
			65.1130616028711	-43.747838264429
			65.0739311571963	-43.7869687101038
			65.0739311571963	-43.8260991557786
			65.0739311571963	-43.8652296014534
			65.0739311571963	-43.9043600471283
			65.0348007115215	-43.9434904928031
			65.0348007115215	-43.9826209384779
			65.0348007115215	-44.0217513841527
			64.9956702658467	-44.0608818298275
			64.9956702658467	-44.1000122755023
			64.9956702658467	-44.1391427211771
			64.9956702658467	-44.1782731668519
			64.9565398201719	-44.2174036125267
			64.9565398201719	-44.2565340582015
			64.9565398201719	-44.2956645038763
			64.9174093744971	-44.3347949495511
			64.9174093744971	-44.3739253952259
			64.9174093744971	-44.4130558409007
			64.8782789288223	-44.4521862865755
			64.8782789288223	-44.4913167322503
			64.8391484831475	-44.5304471779251
			64.8391484831475	-44.5695776235999
			64.8391484831475	-44.6087080692747
			64.8000180374727	-44.6087080692747
			64.8000180374727	-44.6478385149495
			64.7608875917979	-44.6869689606243
			64.7608875917979	-44.7260994062991
			64.7608875917979	-44.7652298519739
			64.7217571461231	-44.8043602976487
			64.7217571461231	-44.8434907433235
			64.6826267004483	-44.8826211889983
			64.6826267004483	-44.9217516346731
			64.6434962547735	-44.9608820803479
			64.6043658090987	-45.0000125260227
			64.6043658090987	-45.0391429716975
			64.5652353634239	-45.0782734173723
			64.5652353634239	-45.1174038630471
			64.5261049177491	-45.1174038630471
			64.5261049177491	-45.1565343087219
			64.4869744720743	-45.1956647543967
			64.4478440263995	-45.2347952000715
			64.4478440263995	-45.2739256457463
			64.4087135807247	-45.3130560914211
			64.3695831350499	-45.3521865370959
			64.3695831350499	-45.3913169827707
			64.3304526893751	-45.4304474284455
			64.2913222437003	-45.4304474284455
			64.2521917980255	-45.4695778741203
			64.2521917980255	-45.5087083197952
			64.2130613523507	-45.54783876547
			64.1739309066759	-45.5869692111448
			64.1348004610011	-45.6260996568196
			64.0956700153263	-45.6260996568196
			64.0956700153263	-45.6652301024944
			64.0565395696515	-45.7043605481692
			64.0174091239767	-45.743490993844
			63.9782786783019	-45.743490993844
			63.9391482326271	-45.7826214395188
			63.9000177869523	-45.8217518851936
			63.9000177869523	-45.8608823308684
			63.8608873412775	-45.8608823308684
			63.8217568956027	-45.9000127765432
			63.7826264499279	-45.939143222218
			63.7434960042531	-45.939143222218
			63.7043655585783	-45.9782736678928
			63.6652351129035	-46.0174041135676
			63.6261046672286	-46.0174041135676
			63.5869742215538	-46.0174041135676
			63.547843775879	-46.0174041135676
			63.5087133302042	-46.0565345592424
			63.4695828845294	-46.0565345592424
			63.4304524388546	-46.0565345592424
			63.3913219931798	-46.0956650049172
			63.352191547505	-46.0956650049172
			63.3130611018302	-46.0956650049172
			63.2739306561554	-46.134795450592
			63.2348002104806	-46.134795450592
			63.1956697648058	-46.134795450592
			63.156539319131	-46.134795450592
			63.1174088734562	-46.1739258962668
			63.0782784277814	-46.1739258962668
			63.0391479821066	-46.1739258962668
			63.0000175364318	-46.1739258962668
			62.960887090757	-46.1739258962668
			62.9217566450822	-46.2130563419416
			62.8826261994074	-46.2130563419416
			62.8434957537326	-46.2130563419416
			62.8043653080578	-46.2130563419416
			62.765234862383	-46.2130563419416
			62.7261044167082	-46.2130563419416
			62.6869739710334	-46.2130563419416
			62.6478435253586	-46.2130563419416
			62.6087130796838	-46.2130563419416
			62.569582634009	-46.2130563419416
			62.5304521883342	-46.2130563419416
			62.4913217426594	-46.2130563419416
			62.4521912969846	-46.2130563419416
			62.4130608513098	-46.2130563419416
			62.373930405635	-46.2130563419416
			62.3347999599602	-46.1739258962668
			62.2956695142854	-46.1739258962668
		</Opercle>
		<Preopercle type=matrix rownames=FALSE colnames=FALSE nrow=78 ncol=2 as.numeric=TRUE >
			62.960887090757	-43.2000120249818
			62.960887090757	-43.2391424706566
			62.960887090757	-43.2782729163314
			62.960887090757	-43.3174033620062
			62.960887090757	-43.356533807681
			62.960887090757	-43.3956642533558
			62.960887090757	-43.4347946990306
			62.960887090757	-43.4739251447054
			62.9217566450822	-43.5130555903802
			62.9217566450822	-43.552186036055
			62.9217566450822	-43.5913164817298
			62.9217566450822	-43.6304469274046
			62.9217566450822	-43.6695773730794
			62.9217566450822	-43.7087078187542
			62.9217566450822	-43.747838264429
			62.9217566450822	-43.7869687101038
			62.9217566450822	-43.8260991557786
			62.9217566450822	-43.8652296014534
			62.9217566450822	-43.9043600471283
			62.9217566450822	-43.9434904928031
			62.9217566450822	-43.9826209384779
			62.8826261994074	-44.0217513841527
			62.8826261994074	-44.0608818298275
			62.8826261994074	-44.1000122755023
			62.8826261994074	-44.1391427211771
			62.8826261994074	-44.1782731668519
			62.8826261994074	-44.2174036125267
			62.8826261994074	-44.2565340582015
			62.8826261994074	-44.2956645038763
			62.8826261994074	-44.3347949495511
			62.8826261994074	-44.3739253952259
			62.8826261994074	-44.4130558409007
			62.8434957537326	-44.4521862865755
			62.8434957537326	-44.4913167322503
			62.8434957537326	-44.5304471779251
			62.8434957537326	-44.5695776235999
			62.8434957537326	-44.6087080692747
			62.8434957537326	-44.6478385149495
			62.8434957537326	-44.6869689606243
			62.8043653080578	-44.7260994062991
			62.8043653080578	-44.7652298519739
			62.8043653080578	-44.8043602976487
			62.8043653080578	-44.8434907433235
			62.765234862383	-44.8826211889983
			62.765234862383	-44.9217516346731
			62.765234862383	-44.9608820803479
			62.7261044167082	-45.0000125260227
			62.7261044167082	-45.0391429716975
			62.7261044167082	-45.0782734173723
			62.6869739710334	-45.1174038630471
			62.6869739710334	-45.1565343087219
			62.6869739710334	-45.1956647543967
			62.6478435253586	-45.2347952000715
			62.6478435253586	-45.2739256457463
			62.6478435253586	-45.3130560914211
			62.6087130796838	-45.3130560914211
			62.6087130796838	-45.3521865370959
			62.6087130796838	-45.3913169827707
			62.6087130796838	-45.4304474284455
			62.569582634009	-45.4695778741203
			62.569582634009	-45.5087083197952
			62.569582634009	-45.54783876547
			62.5304521883342	-45.5869692111448
			62.5304521883342	-45.6260996568196
			62.4913217426594	-45.6652301024944
			62.4913217426594	-45.7043605481692
			62.4913217426594	-45.743490993844
			62.4521912969846	-45.7826214395188
			62.4521912969846	-45.8217518851936
			62.4130608513098	-45.8608823308684
			62.4130608513098	-45.9000127765432
			62.4130608513098	-45.939143222218
			62.373930405635	-45.9782736678928
			62.373930405635	-46.0174041135676
			62.3347999599602	-46.0565345592424
			62.3347999599602	-46.0956650049172
			62.3347999599602	-46.134795450592
			62.2956695142854	-46.1739258962668
		</Preopercle>
	</curves.scaled>
	<ruler.points type=matrix rownames=TRUE colnames=FALSE nrow=2 ncol=2 as.numeric=TRUE >
		Ruler point 1	1445	787
		Ruler point 2	1457	1436
	</ruler.points>
</shapes>

